1 1 1 1 1 1 1 1 1 1 1 1 1 1 1 1 1 1 1 1 
0.347885 0.347885 0.347885 0.347885 0.347885 0.347885 0.347885 0.347885 0.347885 0.347885 0.347885 0.347885 0.347885 0.347885 0.347885 0.347885 0.347885 0.347885 0.347885 0.347885 
0.273638 0.273638 0.273638 0.273638 0.273638 0.273638 0.273638 0.273638 0.273638 0.273638 0.273638 0.273638 0.273638 0.273638 0.273638 0.273638 0.273638 0.273638 0.273638 0.273638 
0.327446 0.327446 0.327446 0.327446 0.327446 0.327446 0.327446 0.327446 0.327446 0.327446 0.327446 0.327446 0.327446 0.327446 0.327446 0.327446 0.327446 0.327446 0.327446 0.327446 
0.244667 0.244667 0.244667 0.244667 0.244667 0.244667 0.244667 0.244667 0.244667 0.244667 0.244667 0.244667 0.244667 0.244667 0.244667 0.244667 0.244667 0.244667 0.244667 0.244667 
0.0114 0.0114 0.0114 0.0114 0.0114 0.0114 0.0114 0.0114 0.0114 0.0114 0.0114 0.0114 0.0114 0.0114 0.0114 0.0114 0.0114 0.0114 0.0114 0.0114 
0.011854 0.0172189 0.0276923 0.0457396 0.0797436 0.133353 0.205523 0.293964 0.398442 0.514122 0.641085 0.750079 0.847495 0.912564 0.951381 0.974892 0.987416 0.993629 0.996469 0.998481 
0.0475 0.0485769 0.0590769 0.0937885 0.150885 0.221673 0.243385 0.257442 0.295673 0.327558 0.321173 0.311115 0.343577 0.350269 0.336519 0.348019 0.3455 0.34775 0.344385 0.347712 
0.0254982 0.0318687 0.0343457 0.0633635 0.108305 0.163662 0.179721 0.189786 0.225541 0.258558 0.244242 0.239357 0.268136 0.275642 0.261719 0.273235 0.27101 0.273388 0.270821 0.273348 
0.0475077 0.0476 0.0541846 0.0913846 0.144985 0.207908 0.232677 0.245138 0.276708 0.303508 0.299046 0.297785 0.320492 0.33 0.319077 0.327108 0.325015 0.327077 0.324215 0.327077 
0.0206199 0.0259673 0.0307977 0.0528341 0.0953013 0.139679 0.158214 0.171596 0.197833 0.225652 0.216578 0.22098 0.23929 0.24721 0.236631 0.24365 0.242432 0.244421 0.242143 0.244147 
0.005 0.005 0.0052 0.0052 0.0058 0.0058 0.0066 0.0072 0.0084 0.0094 0.0098 0.01 0.0112 0.011 0.011 0.0116 0.0112 0.0112 0.0116 0.0112 
0.0122091 0.0173767 0.028146 0.046213 0.0810848 0.134438 0.205957 0.293077 0.39856 0.516193 0.644872 0.747101 0.849389 0.912525 0.950217 0.975444 0.988225 0.993373 0.996292 0.998639 
0.0511154 0.0554615 0.0730962 0.0890769 0.122096 0.190192 0.206827 0.236904 0.265308 0.318058 0.313192 0.319058 0.342269 0.339635 0.339846 0.344673 0.344712 0.349404 0.3435 0.344942 
0.0262854 0.0341147 0.0474495 0.064317 0.0812742 0.132033 0.143008 0.171278 0.203727 0.25202 0.237777 0.245917 0.271589 0.26368 0.264443 0.26996 0.270907 0.274587 0.270048 0.270987 
0.0498769 0.0542154 0.0688 0.0843385 0.115723 0.177046 0.198062 0.208092 0.253415 0.2928 0.296277 0.302615 0.32 0.320369 0.317754 0.322985 0.324246 0.327508 0.323723 0.325846 
0.0256826 0.0272378 0.0354866 0.0580489 0.0743307 0.11346 0.127476 0.143206 0.179052 0.215953 0.212973 0.220193 0.238567 0.237413 0.235939 0.240975 0.241748 0.24457 0.241795 0.243022 
0.005 0.0052 0.005 0.0054 0.0052 0.0064 0.0068 0.0072 0.008 0.0088 0.0094 0.01 0.0106 0.0108 0.0116 0.0112 0.0114 0.0114 0.0116 0.0114 
1 1 1 1 1 1 1 1 1 1 1 1 1 1 1 1 1 1 1 1 
0.449808 0.449808 0.449808 0.449808 0.449808 0.449808 0.449808 0.449808 0.449808 0.449808 0.449808 0.449808 0.449808 0.449808 0.449808 0.449808 0.449808 0.449808 0.449808 0.449808 
0.368724 0.368724 0.368724 0.368724 0.368724 0.368724 0.368724 0.368724 0.368724 0.368724 0.368724 0.368724 0.368724 0.368724 0.368724 0.368724 0.368724 0.368724 0.368724 0.368724 
0.413754 0.413754 0.413754 0.413754 0.413754 0.413754 0.413754 0.413754 0.413754 0.413754 0.413754 0.413754 0.413754 0.413754 0.413754 0.413754 0.413754 0.413754 0.413754 0.413754 
0.32997 0.32997 0.32997 0.32997 0.32997 0.32997 0.32997 0.32997 0.32997 0.32997 0.32997 0.32997 0.32997 0.32997 0.32997 0.32997 0.32997 0.32997 0.32997 0.32997 
0.5224 0.5224 0.5224 0.5224 0.5224 0.5224 0.5224 0.5224 0.5224 0.5224 0.5224 0.5224 0.5224 0.5224 0.5224 0.5224 0.5224 0.5224 0.5224 0.5224 
0.00327416 0.00609467 0.0128994 0.029073 0.0544773 0.0935306 0.148047 0.225089 0.325128 0.431755 0.56503 0.685996 0.801578 0.880158 0.932249 0.965227 0.982032 0.99002 0.995049 0.997673 
0.049 0.0589808 0.0710962 0.181519 0.291712 0.34875 0.407615 0.411269 0.425173 0.427365 0.443577 0.443462 0.447846 0.449288 0.450077 0.450019 0.449692 0.449865 0.450212 0.450231 
0.024944 0.0321404 0.0494625 0.129436 0.225147 0.276467 0.326849 0.331101 0.344037 0.34635 0.360375 0.363967 0.365919 0.367773 0.368863 0.367999 0.368594 0.369196 0.36927 0.368924 
0.0493846 0.0505538 0.0695385 0.178831 0.279877 0.335354 0.377692 0.390369 0.397662 0.397877 0.410923 0.412092 0.412369 0.413785 0.4128 0.413477 0.414708 0.413138 0.413692 0.413077 
0.0217172 0.0276986 0.0436813 0.124221 0.202842 0.253453 0.294953 0.302919 0.308138 0.314481 0.325399 0.327659 0.327683 0.32933 0.329227 0.329066 0.330856 0.329964 0.32972 0.329319 
0.0078 0.0106 0.0172 0.032 0.0548 0.0886 0.1342 0.1964 0.265 0.3286 0.3938 0.4384 0.4798 0.4986 0.5112 0.5168 0.5186 0.5154 0.5226 0.5228 
0.00270217 0.00595661 0.0129586 0.0300197 0.0547929 0.0961538 0.149132 0.221282 0.32499 0.431479 0.564911 0.681223 0.801953 0.880197 0.932525 0.96355 0.981223 0.989684 0.995049 0.997653 
0.0461923 0.0554423 0.0914038 0.166846 0.256173 0.305212 0.345462 0.366692 0.414135 0.412269 0.429077 0.439923 0.446731 0.450712 0.451096 0.453154 0.449692 0.450404 0.451865 0.449846 
0.0258534 0.0382705 0.0606838 0.112747 0.190112 0.237722 0.268868 0.288187 0.333889 0.335165 0.348941 0.36107 0.365798 0.370837 0.370089 0.371343 0.368057 0.368213 0.370426 0.368516 
0.0467692 0.0572615 0.0859692 0.149385 0.2428 0.283538 0.324123 0.340677 0.386308 0.384646 0.394031 0.404954 0.410492 0.413723 0.414308 0.414738 0.412985 0.411138 0.412646 0.412892 
0.0244317 0.036881 0.0510723 0.0923755 0.171652 0.208039 0.243657 0.25414 0.300672 0.30257 0.309128 0.320037 0.327002 0.329254 0.331343 0.331303 0.329322 0.328193 0.329842 0.32915 
0.007 0.0096 0.0144 0.0278 0.0452 0.0714 0.1042 0.1486 0.2046 0.2548 0.324 0.3744 0.4346 0.4706 0.4906 0.5102 0.5122 0.5206 0.5236 0.5234 
1 1 1 1 1 1 1 1 1 1 1 1 1 1 1 1 1 1 1 1 
0.468346 0.468346 0.468346 0.468346 0.468346 0.468346 0.468346 0.468346 0.468346 0.468346 0.468346 0.468346 0.468346 0.468346 0.468346 0.468346 0.468346 0.468346 0.468346 0.468346 
0.380146 0.380146 0.380146 0.380146 0.380146 0.380146 0.380146 0.380146 0.380146 0.380146 0.380146 0.380146 0.380146 0.380146 0.380146 0.380146 0.380146 0.380146 0.380146 0.380146 
0.433108 0.433108 0.433108 0.433108 0.433108 0.433108 0.433108 0.433108 0.433108 0.433108 0.433108 0.433108 0.433108 0.433108 0.433108 0.433108 0.433108 0.433108 0.433108 0.433108 
0.339526 0.339526 0.339526 0.339526 0.339526 0.339526 0.339526 0.339526 0.339526 0.339526 0.339526 0.339526 0.339526 0.339526 0.339526 0.339526 0.339526 0.339526 0.339526 0.339526 
0.5756 0.5756 0.5756 0.5756 0.5756 0.5756 0.5756 0.5756 0.5756 0.5756 0.5756 0.5756 0.5756 0.5756 0.5756 0.5756 0.5756 0.5756 0.5756 0.5756 
