OASIS_C	 AP_test
0.001	0.140369	0.140369
0.01	0.140369	0.140369
0.1	0.251046	0.251046
1	0.327446	0.327446
10	0.304154	0.327446
100	0.303723	0.327446
1000	0.303877	0.327446
Best OASIS_C: 	1	 AP_test=0.327446
/******************************************/
AROW_eta 	 AROW_r 	 AP_test
0.001	0.001	0.0619692	0.0619692
0.001	0.01	0.0951385	0.0951385
0.001	0.1	0.239385	0.239385
0.001	1	0.309846	0.309846
0.001	10	0.262646	0.309846
0.001	100	0.192215	0.309846
0.001	1000	0.1504	0.309846
0.01	0.001	0.0619692	0.309846
0.01	0.01	0.0951385	0.309846
0.01	0.1	0.239385	0.309846
0.01	1	0.309846	0.309846
0.01	10	0.262646	0.309846
0.01	100	0.192215	0.309846
0.01	1000	0.1504	0.309846
0.1	0.001	0.0619692	0.309846
0.1	0.01	0.0951385	0.309846
0.1	0.1	0.239385	0.309846
0.1	1	0.309846	0.309846
0.1	10	0.265323	0.309846
0.1	100	0.255108	0.309846
0.1	1000	0.251415	0.309846
1	0.001	0.0619692	0.309846
1	0.01	0.0951385	0.309846
1	0.1	0.239477	0.309846
1	1	0.363477	0.363477
1	10	0.362277	0.363477
1	100	0.344892	0.363477
1	1000	0.329415	0.363477
10	0.001	0.0776923	0.363477
10	0.01	0.159323	0.363477
10	0.1	0.413754	0.413754
10	1	0.406769	0.413754
10	10	0.377477	0.413754
10	100	0.323292	0.413754
10	1000	0.295477	0.413754
100	0.001	0.105138	0.413754
100	0.01	0.296431	0.413754
100	0.1	0.409077	0.413754
100	1	0.368462	0.413754
100	10	0.316062	0.413754
100	100	0.2952	0.413754
100	1000	0.274246	0.413754
1000	0.001	0.105415	0.413754
1000	0.01	0.264369	0.413754
1000	0.1	0.358369	0.413754
1000	1	0.347538	0.413754
1000	10	0.302892	0.413754
1000	100	0.281262	0.413754
1000	1000	0.252185	0.413754
Best AROW_eta=10	 AROW_r=0.1	 AP_test=0.413754
/******************************************/
 AROWC_r
0.001	0.433108	0.433108
0.01	0.432862	0.433108
0.1	0.427231	0.433108
1	0.395108	0.433108
10	0.314246	0.433108
100	0.242923	0.433108
1000	0.161231	0.433108
Best AROWC_r=0.001	 AP_test=0.433108
/******************************************/
