1 1 1 1 1 1 1 1 1 1 1 1 1 1 1 1 1 1 1 1 
0.8047 0.8047 0.8047 0.8047 0.8047 0.8047 0.8047 0.8047 0.8047 0.8047 0.8047 0.8047 0.8047 0.8047 0.8047 0.8047 0.8047 0.8047 0.8047 0.8047 
0.750179 0.750179 0.750179 0.750179 0.750179 0.750179 0.750179 0.750179 0.750179 0.750179 0.750179 0.750179 0.750179 0.750179 0.750179 0.750179 0.750179 0.750179 0.750179 0.750179 
0.7044 0.7044 0.7044 0.7044 0.7044 0.7044 0.7044 0.7044 0.7044 0.7044 0.7044 0.7044 0.7044 0.7044 0.7044 0.7044 0.7044 0.7044 0.7044 0.7044 
0.631985 0.631985 0.631985 0.631985 0.631985 0.631985 0.631985 0.631985 0.631985 0.631985 0.631985 0.631985 0.631985 0.631985 0.631985 0.631985 0.631985 0.631985 0.631985 0.631985 
20.1608 20.1608 20.1608 20.1608 20.1608 20.1608 20.1608 20.1608 20.1608 20.1608 20.1608 20.1608 20.1608 20.1608 20.1608 20.1608 20.1608 20.1608 20.1608 20.1608 
0.0328917 0.0476781 0.0667521 0.0918234 0.122906 0.165826 0.217208 0.284872 0.369872 0.476097 0.596481 0.715142 0.81916 0.895142 0.943177 0.971068 0.985 0.991937 0.996083 0.998063 
0.6182 0.6808 0.7092 0.7178 0.7333 0.76605 0.7661 0.78185 0.7833 0.7913 0.79715 0.79765 0.803 0.80175 0.80445 0.8036 0.80425 0.80495 0.80475 0.80435 
0.532553 0.606505 0.636023 0.646001 0.667416 0.70478 0.708047 0.723216 0.726699 0.736933 0.742742 0.741645 0.748442 0.747205 0.749809 0.749463 0.749279 0.75067 0.749912 0.750007 
0.54568 0.60256 0.61216 0.63616 0.63496 0.66416 0.68208 0.68672 0.68368 0.68936 0.70088 0.69616 0.7024 0.70288 0.70648 0.70368 0.7048 0.70472 0.7048 0.70496 
0.46062 0.522099 0.528708 0.554666 0.553322 0.590459 0.614086 0.615505 0.613782 0.616267 0.631849 0.625376 0.631249 0.631541 0.634601 0.632516 0.631909 0.632756 0.632315 0.632602 
2.0884 2.1908 2.5206 3.0178 3.3606 4.262 5.1884 6.4094 7.7266 9.5876 11.4486 13.8648 15.3524 15.7648 15.8394 16.9578 17.0762 16.8774 17.5954 17.3612 
0.0328205 0.0474929 0.0668376 0.0927778 0.124217 0.166681 0.217208 0.285342 0.368048 0.476709 0.596453 0.716538 0.818533 0.894644 0.943219 0.969373 0.9849 0.992137 0.995741 0.997821 
0.41645 0.4474 0.55535 0.6337 0.67 0.6895 0.7239 0.74805 0.7439 0.75785 0.77815 0.78825 0.7948 0.80125 0.803 0.8001 0.8038 0.80315 0.8043 0.80485 
0.354829 0.381519 0.491498 0.570169 0.609436 0.619841 0.665765 0.692591 0.68013 0.696737 0.722933 0.733222 0.738792 0.746865 0.748498 0.745164 0.749502 0.749029 0.74961 0.749796 
0.38464 0.4028 0.50992 0.57608 0.6044 0.62384 0.64792 0.67608 0.66584 0.676 0.69704 0.6992 0.69984 0.70112 0.70104 0.70304 0.7048 0.70616 0.70512 0.70592 
0.321911 0.336558 0.436976 0.511185 0.531168 0.555007 0.577934 0.610834 0.594007 0.601852 0.629593 0.630144 0.627873 0.630323 0.628473 0.63047 0.632427 0.633872 0.632328 0.633278 
2.0836 2.1492 2.546 3.0224 3.4282 4.3152 5.1446 6.3116 7.6332 9.4272 11.241 13.6208 15.1794 15.6704 15.9134 16.8212 17.2408 16.8048 17.7538 17.3316 
1 1 1 1 1 1 1 1 1 1 1 1 1 1 1 1 1 1 1 1 
0.8575 0.8575 0.8575 0.8575 0.8575 0.8575 0.8575 0.8575 0.8575 0.8575 0.8575 0.8575 0.8575 0.8575 0.8575 0.8575 0.8575 0.8575 0.8575 0.8575 
0.81094 0.81094 0.81094 0.81094 0.81094 0.81094 0.81094 0.81094 0.81094 0.81094 0.81094 0.81094 0.81094 0.81094 0.81094 0.81094 0.81094 0.81094 0.81094 0.81094 
0.70376 0.70376 0.70376 0.70376 0.70376 0.70376 0.70376 0.70376 0.70376 0.70376 0.70376 0.70376 0.70376 0.70376 0.70376 0.70376 0.70376 0.70376 0.70376 0.70376 
0.633758 0.633758 0.633758 0.633758 0.633758 0.633758 0.633758 0.633758 0.633758 0.633758 0.633758 0.633758 0.633758 0.633758 0.633758 0.633758 0.633758 0.633758 0.633758 0.633758 
22.8288 22.8288 22.8288 22.8288 22.8288 22.8288 22.8288 22.8288 22.8288 22.8288 22.8288 22.8288 22.8288 22.8288 22.8288 22.8288 22.8288 22.8288 22.8288 22.8288 
0.00904558 0.014416 0.0208974 0.0312251 0.0458974 0.0667094 0.0956125 0.140328 0.204217 0.291425 0.402051 0.538362 0.672849 0.79339 0.882151 0.933818 0.965997 0.982635 0.990584 0.995228 
0.4155 0.514 0.581 0.60695 0.6683 0.70225 0.7407 0.74745 0.7915 0.80375 0.8302 0.8349 0.8424 0.858 0.85365 0.85605 0.8556 0.8544 0.8606 0.85865 
0.338981 0.422172 0.491474 0.508428 0.573887 0.623515 0.665569 0.672006 0.726671 0.742763 0.772408 0.7781 0.790138 0.808981 0.804005 0.809981 0.806157 0.805627 0.812829 0.808037 
0.34176 0.4448 0.50336 0.52344 0.58632 0.60872 0.61328 0.6496 0.67088 0.676 0.70104 0.68176 0.69848 0.70472 0.70216 0.70376 0.70384 0.70456 0.70824 0.7 
0.25348 0.347938 0.416075 0.417786 0.500016 0.516137 0.525611 0.566 0.592004 0.596333 0.62662 0.605992 0.624799 0.636097 0.633088 0.63392 0.631224 0.635583 0.639546 0.627091 
2.1996 2.5152 3.0398 3.7832 4.6794 6.3426 7.813 10.17 12.6732 14.788 16.8456 18.9954 19.8764 20.3766 20.1138 20.2204 20.4696 20.3508 20.8752 20.9154 
0.00925926 0.0152707 0.0219373 0.0306553 0.045641 0.0658262 0.0963248 0.139202 0.202009 0.289744 0.402479 0.53688 0.673903 0.792778 0.883319 0.934003 0.965584 0.981809 0.990584 0.994943 
0.36315 0.44585 0.47315 0.5493 0.5983 0.6724 0.67845 0.7146 0.74415 0.7559 0.78575 0.81765 0.83055 0.84335 0.84615 0.8454 0.8527 0.85065 0.85835 0.8589 
0.279439 0.354141 0.379259 0.456959 0.505508 0.59373 0.607127 0.635818 0.673452 0.684508 0.721456 0.760406 0.775118 0.78901 0.793083 0.791209 0.803102 0.799951 0.811061 0.810886 
0.33288 0.38104 0.4128 0.46456 0.52904 0.57728 0.59336 0.62192 0.63784 0.65152 0.6592 0.67744 0.698 0.69944 0.69824 0.69544 0.70304 0.69248 0.7036 0.70656 
0.248269 0.282556 0.314788 0.366826 0.428935 0.488297 0.513378 0.53634 0.555294 0.576823 0.575253 0.598679 0.624667 0.625301 0.626332 0.621666 0.633044 0.620095 0.635044 0.637593 
2.0082 2.4112 2.7734 3.203 3.7378 4.583 5.6352 6.9632 8.5634 10.3784 12.4434 15.2742 17.2514 18.5804 19.051 19.7894 20.0824 20.0634 20.799 20.5716 
1 1 1 1 1 1 1 1 1 1 1 1 1 1 1 1 1 1 1 1 
0.86725 0.86725 0.86725 0.86725 0.86725 0.86725 0.86725 0.86725 0.86725 0.86725 0.86725 0.86725 0.86725 0.86725 0.86725 0.86725 0.86725 0.86725 0.86725 0.86725 
0.820724 0.820724 0.820724 0.820724 0.820724 0.820724 0.820724 0.820724 0.820724 0.820724 0.820724 0.820724 0.820724 0.820724 0.820724 0.820724 0.820724 0.820724 0.820724 0.820724 
0.7128 0.7128 0.7128 0.7128 0.7128 0.7128 0.7128 0.7128 0.7128 0.7128 0.7128 0.7128 0.7128 0.7128 0.7128 0.7128 0.7128 0.7128 0.7128 0.7128 
0.645054 0.645054 0.645054 0.645054 0.645054 0.645054 0.645054 0.645054 0.645054 0.645054 0.645054 0.645054 0.645054 0.645054 0.645054 0.645054 0.645054 0.645054 0.645054 0.645054 
41.6056 41.6056 41.6056 41.6056 41.6056 41.6056 41.6056 41.6056 41.6056 41.6056 41.6056 41.6056 41.6056 41.6056 41.6056 41.6056 41.6056 41.6056 41.6056 41.6056 
