OASIS_C	 AP_test
0.001	0.60312	0.60312
0.01	0.64624	0.64624
0.1	0.7044	0.7044
1	0.70264	0.7044
10	0.68856	0.7044
100	0.68856	0.7044
1000	0.68856	0.7044
Best OASIS_C: 	0.1	 AP_test=0.7044
/******************************************/
AROW_eta 	 AROW_r 	 AP_test
0.001	0.001	0.60456	0.60456
0.001	0.01	0.60472	0.60472
0.001	0.1	0.60432	0.60472
0.001	1	0.6036	0.60472
0.001	10	0.60288	0.60472
0.001	100	0.6032	0.60472
0.001	1000	0.60312	0.60472
0.01	0.001	0.64016	0.64016
0.01	0.01	0.64032	0.64032
0.01	0.1	0.6412	0.6412
0.01	1	0.64232	0.64232
0.01	10	0.64528	0.64528
0.01	100	0.64568	0.64568
0.01	1000	0.64568	0.64568
0.1	0.001	0.70256	0.70256
0.1	0.01	0.70192	0.70256
0.1	0.1	0.702	0.70256
0.1	1	0.70224	0.70256
0.1	10	0.70256	0.70256
0.1	100	0.7032	0.7032
0.1	1000	0.70352	0.70352
1	0.001	0.70376	0.70376
1	0.01	0.70376	0.70376
1	0.1	0.69888	0.70376
1	1	0.70064	0.70376
1	10	0.6972	0.70376
1	100	0.7	0.70376
1	1000	0.70072	0.70376
10	0.001	0.6312	0.70376
10	0.01	0.6412	0.70376
10	0.1	0.64112	0.70376
10	1	0.63592	0.70376
10	10	0.63216	0.70376
10	100	0.6464	0.70376
10	1000	0.64528	0.70376
100	0.001	0.61648	0.70376
100	0.01	0.61648	0.70376
100	0.1	0.62104	0.70376
100	1	0.6124	0.70376
100	10	0.62592	0.70376
100	100	0.64552	0.70376
100	1000	0.64552	0.70376
1000	0.001	0.61184	0.70376
1000	0.01	0.60304	0.70376
1000	0.1	0.61224	0.70376
1000	1	0.62776	0.70376
1000	10	0.59888	0.70376
1000	100	0.60176	0.70376
1000	1000	0.6152	0.70376
Best AROW_eta=1	 AROW_r=0.001	 AP_test=0.70376
/******************************************/
 AROWC_r
0.001	0.68912	0.68912
0.01	0.69008	0.69008
0.1	0.6932	0.6932
1	0.7128	0.7128
10	0.7068	0.7128
100	0.67224	0.7128
1000	0.61672	0.7128
Best AROWC_r=1	 AP_test=0.7128
/******************************************/
