OASIS_C	 AP_test
0.001	0.47	0.47
0.01	0.5356	0.5356
0.1	0.57704	0.57704
1	0.58156	0.58156
10	0.55684	0.58156
100	0.51476	0.58156
1000	0.51476	0.58156
Best OASIS_C: 	1	 AP_test=0.58156
/******************************************/
AROW_eta 	 AROW_r 	 AP_test
0.001	0.001	0.17388	0.17388
0.001	0.01	0.21792	0.21792
0.001	0.1	0.43988	0.43988
0.001	1	0.6386	0.6386
0.001	10	0.58376	0.6386
0.001	100	0.52648	0.6386
0.001	1000	0.4896	0.6386
0.01	0.001	0.17388	0.6386
0.01	0.01	0.21792	0.6386
0.01	0.1	0.43988	0.6386
0.01	1	0.6386	0.6386
0.01	10	0.58376	0.6386
0.01	100	0.54224	0.6386
0.01	1000	0.53784	0.6386
0.1	0.001	0.17388	0.6386
0.1	0.01	0.21792	0.6386
0.1	0.1	0.43988	0.6386
0.1	1	0.63908	0.63908
0.1	10	0.61808	0.63908
0.1	100	0.60164	0.63908
0.1	1000	0.58296	0.63908
1	0.001	0.173	0.63908
1	0.01	0.21808	0.63908
1	0.1	0.45768	0.63908
1	1	0.69164	0.69164
1	10	0.66044	0.69164
1	100	0.6334	0.69164
1	1000	0.59208	0.69164
10	0.001	0.23348	0.69164
10	0.01	0.34136	0.69164
10	0.1	0.71352	0.71352
10	1	0.68448	0.71352
10	10	0.638	0.71352
10	100	0.57924	0.71352
10	1000	0.55664	0.71352
100	0.001	0.2576	0.71352
100	0.01	0.4168	0.71352
100	0.1	0.69248	0.71352
100	1	0.62744	0.71352
100	10	0.57296	0.71352
100	100	0.5478	0.71352
100	1000	0.52468	0.71352
1000	0.001	0.25904	0.71352
1000	0.01	0.39888	0.71352
1000	0.1	0.63756	0.71352
1000	1	0.62668	0.71352
1000	10	0.5388	0.71352
1000	100	0.52984	0.71352
1000	1000	0.48964	0.71352
Best AROW_eta=10	 AROW_r=0.1	 AP_test=0.71352
/******************************************/
 AROWC_r
0.001	0.7364	0.7364
0.01	0.7282	0.7364
0.1	0.71508	0.7364
1	0.69708	0.7364
10	0.63452	0.7364
100	0.5514	0.7364
1000	0.504	0.7364
Best AROWC_r=0.001	 AP_test=0.7364
/******************************************/
