1 1 1 1 1 1 1 1 1 1 1 1 1 1 1 1 1 1 1 1 
0.59085 0.59085 0.59085 0.59085 0.59085 0.59085 0.59085 0.59085 0.59085 0.59085 0.59085 0.59085 0.59085 0.59085 0.59085 0.59085 0.59085 0.59085 0.59085 0.59085 
0.496255 0.496255 0.496255 0.496255 0.496255 0.496255 0.496255 0.496255 0.496255 0.496255 0.496255 0.496255 0.496255 0.496255 0.496255 0.496255 0.496255 0.496255 0.496255 0.496255 
0.58156 0.58156 0.58156 0.58156 0.58156 0.58156 0.58156 0.58156 0.58156 0.58156 0.58156 0.58156 0.58156 0.58156 0.58156 0.58156 0.58156 0.58156 0.58156 0.58156 
0.47853 0.47853 0.47853 0.47853 0.47853 0.47853 0.47853 0.47853 0.47853 0.47853 0.47853 0.47853 0.47853 0.47853 0.47853 0.47853 0.47853 0.47853 0.47853 0.47853 
0.015 0.015 0.015 0.015 0.015 0.015 0.015 0.015 0.015 0.015 0.015 0.015 0.015 0.015 0.015 0.015 0.015 0.015 0.015 0.015 
0.0077754 0.0130935 0.0193732 0.0305318 0.0451923 0.0669991 0.100071 0.151128 0.22227 0.329653 0.454167 0.599466 0.730223 0.833226 0.906019 0.950605 0.974466 0.986408 0.992901 0.996712 
0.3502 0.492 0.5042 0.544625 0.524725 0.58205 0.600975 0.5978 0.5692 0.581575 0.597325 0.603625 0.6057 0.61485 0.5818 0.589275 0.588225 0.5913 0.59005 0.59235 
0.283427 0.421436 0.423915 0.459716 0.442478 0.497964 0.535446 0.505038 0.472635 0.484135 0.494666 0.505372 0.514696 0.521264 0.485967 0.496019 0.49369 0.496337 0.49456 0.498026 
0.33652 0.48248 0.49936 0.53996 0.532 0.57756 0.60036 0.57124 0.55408 0.57068 0.58108 0.59104 0.58736 0.60124 0.57528 0.57728 0.58068 0.58132 0.581 0.58212 
0.26162 0.412308 0.41966 0.450478 0.448462 0.487119 0.520702 0.47194 0.451787 0.4591 0.472485 0.486701 0.487308 0.498454 0.468921 0.47411 0.476684 0.478276 0.477314 0.479583 
0.0074 0.0082 0.0088 0.0102 0.0076 0.0078 0.0098 0.0104 0.0096 0.0104 0.0116 0.0128 0.0136 0.0142 0.0142 0.0136 0.0134 0.0138 0.0148 0.0142 
0.00803656 0.0139482 0.0196106 0.0302825 0.0456315 0.0670465 0.100867 0.152718 0.221925 0.330472 0.451187 0.599086 0.730484 0.831588 0.905437 0.951282 0.974596 0.985933 0.99232 0.996747 
0.279175 0.42845 0.374575 0.40675 0.38 0.494175 0.5213 0.54075 0.5359 0.546075 0.570675 0.5906 0.587075 0.60025 0.5848 0.586825 0.584075 0.591375 0.585875 0.588175 
0.233308 0.371814 0.303975 0.337255 0.307739 0.413601 0.421978 0.434978 0.4308 0.451025 0.463498 0.492859 0.495617 0.505086 0.487932 0.492594 0.489531 0.494837 0.489249 0.494178 
0.27156 0.42268 0.36812 0.3956 0.38812 0.49368 0.51376 0.5338 0.52684 0.53972 0.55648 0.57884 0.576 0.597 0.57204 0.5754 0.57828 0.58188 0.57708 0.58128 
0.21905 0.349315 0.298037 0.311885 0.312541 0.402269 0.424212 0.4203 0.418209 0.437963 0.447297 0.472632 0.47009 0.497209 0.462594 0.471747 0.474093 0.477301 0.471297 0.478454 
0.008 0.0076 0.0072 0.0078 0.0108 0.0092 0.009 0.0092 0.0098 0.0112 0.0104 0.0116 0.0128 0.013 0.0126 0.0142 0.015 0.015 0.0134 0.014 
1 1 1 1 1 1 1 1 1 1 1 1 1 1 1 1 1 1 1 1 
0.7404 0.7404 0.7404 0.7404 0.7404 0.7404 0.7404 0.7404 0.7404 0.7404 0.7404 0.7404 0.7404 0.7404 0.7404 0.7404 0.7404 0.7404 0.7404 0.7404 
0.66807 0.66807 0.66807 0.66807 0.66807 0.66807 0.66807 0.66807 0.66807 0.66807 0.66807 0.66807 0.66807 0.66807 0.66807 0.66807 0.66807 0.66807 0.66807 0.66807 
0.71352 0.71352 0.71352 0.71352 0.71352 0.71352 0.71352 0.71352 0.71352 0.71352 0.71352 0.71352 0.71352 0.71352 0.71352 0.71352 0.71352 0.71352 0.71352 0.71352 
0.63026 0.63026 0.63026 0.63026 0.63026 0.63026 0.63026 0.63026 0.63026 0.63026 0.63026 0.63026 0.63026 0.63026 0.63026 0.63026 0.63026 0.63026 0.63026 0.63026 
0.5034 0.5034 0.5034 0.5034 0.5034 0.5034 0.5034 0.5034 0.5034 0.5034 0.5034 0.5034 0.5034 0.5034 0.5034 0.5034 0.5034 0.5034 0.5034 0.5034 
0.00259972 0.00490266 0.00758547 0.0136396 0.0245489 0.0417023 0.0735874 0.114506 0.175689 0.270905 0.400641 0.54575 0.685589 0.800499 0.886954 0.939091 0.967403 0.982942 0.991465 0.996047 
0.283225 0.256325 0.390975 0.5396 0.580875 0.61285 0.687 0.73255 0.72725 0.727625 0.735625 0.736275 0.740925 0.734775 0.738175 0.740675 0.740875 0.739325 0.74125 0.739375 
0.226526 0.211882 0.31495 0.442912 0.477365 0.530709 0.598117 0.659741 0.656605 0.659263 0.665102 0.663181 0.671831 0.665334 0.666282 0.668269 0.670011 0.666935 0.669809 0.667459 
0.29372 0.2452 0.38048 0.5484 0.57048 0.61588 0.66976 0.70784 0.70904 0.7068 0.70724 0.71616 0.71212 0.7082 0.7116 0.71464 0.71472 0.71308 0.71416 0.71336 
0.218853 0.18624 0.291553 0.431732 0.471236 0.522326 0.574581 0.625338 0.623957 0.627572 0.626928 0.629957 0.629578 0.625349 0.627593 0.631892 0.632795 0.629673 0.631391 0.629977 
0.0118 0.0158 0.0188 0.0298 0.046 0.0688 0.11 0.156 0.2148 0.2736 0.3446 0.4216 0.4336 0.4642 0.471 0.4904 0.4872 0.4836 0.482 0.4772 
0.00270655 0.00516382 0.00745489 0.0134378 0.0248219 0.0419872 0.0738604 0.115919 0.176223 0.271284 0.400249 0.545786 0.684592 0.799062 0.885411 0.939019 0.967153 0.983642 0.991346 0.996118 
0.2847 0.276125 0.351275 0.40235 0.4941 0.525875 0.5614 0.625225 0.675675 0.7035 0.7295 0.719275 0.731475 0.730975 0.740575 0.7371 0.738675 0.7364 0.740075 0.739225 
0.219419 0.221186 0.272557 0.330799 0.407086 0.432315 0.456127 0.543024 0.588394 0.623447 0.654768 0.640648 0.658221 0.660467 0.667321 0.663547 0.666676 0.663652 0.66732 0.667578 
0.27356 0.28408 0.3814 0.3926 0.47176 0.53172 0.568 0.61036 0.65692 0.67568 0.70616 0.69524 0.70624 0.71072 0.71356 0.712 0.71528 0.71168 0.71312 0.71216 
0.201749 0.220031 0.285512 0.308272 0.376041 0.423215 0.454403 0.517067 0.55776 0.581963 0.62018 0.606518 0.620258 0.629687 0.629142 0.627618 0.631409 0.628152 0.629501 0.628667 
0.0108 0.0118 0.014 0.0208 0.0294 0.0388 0.0616 0.0802 0.1208 0.1698 0.234 0.2948 0.3568 0.4066 0.4358 0.466 0.4786 0.4914 0.4756 0.473 
1 1 1 1 1 1 1 1 1 1 1 1 1 1 1 1 1 1 1 1 
0.770575 0.770575 0.770575 0.770575 0.770575 0.770575 0.770575 0.770575 0.770575 0.770575 0.770575 0.770575 0.770575 0.770575 0.770575 0.770575 0.770575 0.770575 0.770575 0.770575 
0.70123 0.70123 0.70123 0.70123 0.70123 0.70123 0.70123 0.70123 0.70123 0.70123 0.70123 0.70123 0.70123 0.70123 0.70123 0.70123 0.70123 0.70123 0.70123 0.70123 
0.7364 0.7364 0.7364 0.7364 0.7364 0.7364 0.7364 0.7364 0.7364 0.7364 0.7364 0.7364 0.7364 0.7364 0.7364 0.7364 0.7364 0.7364 0.7364 0.7364 
0.656865 0.656865 0.656865 0.656865 0.656865 0.656865 0.656865 0.656865 0.656865 0.656865 0.656865 0.656865 0.656865 0.656865 0.656865 0.656865 0.656865 0.656865 0.656865 0.656865 
0.7786 0.7786 0.7786 0.7786 0.7786 0.7786 0.7786 0.7786 0.7786 0.7786 0.7786 0.7786 0.7786 0.7786 0.7786 0.7786 0.7786 0.7786 0.7786 0.7786 
