OASIS que
1.000    1.000    1.000    1.000    1.000    1.000    1.000    1.000    1.000    1.000    1.000    1.000    1.000    1.000    1.000    1.000    1.000    1.000    1.000    1.000    
OASIS std_que
0.000    0.000    0.000    0.000    0.000    0.000    0.000    0.000    0.000    0.000    0.000    0.000    0.000    0.000    0.000    0.000    0.000    0.000    0.000    0.000    
OASIS AP_train
0.278    0.278    0.278    0.278    0.278    0.278    0.278    0.278    0.278    0.278    0.278    0.278    0.278    0.278    0.278    0.278    0.278    0.278    0.278    0.278    
OASIS std_AP_train
0.033    0.033    0.033    0.033    0.033    0.033    0.033    0.033    0.033    0.033    0.033    0.033    0.033    0.033    0.033    0.033    0.033    0.033    0.033    0.033    
OASIS mAP_train
0.181    0.181    0.181    0.181    0.181    0.181    0.181    0.181    0.181    0.181    0.181    0.181    0.181    0.181    0.181    0.181    0.181    0.181    0.181    0.181    
OASIS std_mAP_train
0.030    0.030    0.030    0.030    0.030    0.030    0.030    0.030    0.030    0.030    0.030    0.030    0.030    0.030    0.030    0.030    0.030    0.030    0.030    0.030    
OASIS AP_test
0.273    0.273    0.273    0.273    0.273    0.273    0.273    0.273    0.273    0.273    0.273    0.273    0.273    0.273    0.273    0.273    0.273    0.273    0.273    0.273    
OASIS std_AP_test
0.031    0.031    0.031    0.031    0.031    0.031    0.031    0.031    0.031    0.031    0.031    0.031    0.031    0.031    0.031    0.031    0.031    0.031    0.031    0.031    
OASIS mAP_test
0.189    0.189    0.189    0.189    0.189    0.189    0.189    0.189    0.189    0.189    0.189    0.189    0.189    0.189    0.189    0.189    0.189    0.189    0.189    0.189    
OASIS std_mAP_test
0.030    0.030    0.030    0.030    0.030    0.030    0.030    0.030    0.030    0.030    0.030    0.030    0.030    0.030    0.030    0.030    0.030    0.030    0.030    0.030    
OASIS time
0.038    0.038    0.038    0.038    0.038    0.038    0.038    0.038    0.038    0.038    0.038    0.038    0.038    0.038    0.038    0.038    0.038    0.038    0.038    0.038    
OASIS std_time
0.000    0.000    0.000    0.000    0.000    0.000    0.000    0.000    0.000    0.000    0.000    0.000    0.000    0.000    0.000    0.000    0.000    0.000    0.000    0.000    
PAAS que
0.008    0.013    0.019    0.027    0.043    0.062    0.093    0.134    0.189    0.264    0.365    0.483    0.606    0.727    0.822    0.890    0.937    0.965    0.980    0.989    
PAAS std_que
0.001    0.001    0.001    0.001    0.002    0.001    0.003    0.004    0.004    0.005    0.006    0.008    0.007    0.005    0.004    0.004    0.003    0.002    0.001    0.001    
PAAS AP_train
0.093    0.122    0.153    0.161    0.199    0.219    0.235    0.252    0.258    0.273    0.273    0.281    0.278    0.281    0.272    0.276    0.279    0.277    0.278    0.278    
PAAS std_AP_train
0.026    0.021    0.031    0.027    0.023    0.037    0.039    0.027    0.040    0.025    0.025    0.025    0.032    0.035    0.032    0.030    0.031    0.033    0.035    0.033    
PAAS mAP_train
0.050    0.070    0.089    0.094    0.126    0.142    0.152    0.166    0.171    0.183    0.180    0.187    0.184    0.186    0.177    0.180    0.183    0.182    0.182    0.182    
PAAS std_mAP_train
0.019    0.016    0.021    0.020    0.021    0.032    0.033    0.028    0.038    0.022    0.026    0.024    0.034    0.034    0.030    0.028    0.029    0.030    0.032    0.030    
PAAS AP_test
0.091    0.117    0.147    0.157    0.192    0.216    0.239    0.252    0.256    0.275    0.268    0.278    0.278    0.281    0.269    0.269    0.273    0.275    0.273    0.273    
PAAS std_AP_test
0.030    0.023    0.032    0.026    0.030    0.043    0.041    0.028    0.050    0.019    0.026    0.025    0.037    0.039    0.034    0.025    0.031    0.029    0.034    0.032    
PAAS mAP_test
0.054    0.075    0.092    0.101    0.129    0.149    0.165    0.175    0.183    0.199    0.189    0.196    0.195    0.197    0.186    0.187    0.190    0.191    0.190    0.189    
PAAS std_mAP_test
0.023    0.016    0.020    0.023    0.025    0.038    0.036    0.029    0.046    0.023    0.030    0.026    0.038    0.037    0.034    0.025    0.030    0.029    0.032    0.031    
PAAS time
0.018    0.019    0.019    0.019    0.019    0.020    0.021    0.022    0.023    0.025    0.027    0.030    0.033    0.035    0.036    0.037    0.038    0.038    0.038    0.038    
PAAS std_time
0.000    0.000    0.000    0.000    0.000    0.000    0.000    0.000    0.000    0.000    0.000    0.000    0.000    0.000    0.000    0.000    0.000    0.000    0.000    0.000    
PARS que
0.008    0.014    0.019    0.028    0.042    0.063    0.095    0.133    0.188    0.264    0.365    0.480    0.605    0.726    0.825    0.889    0.936    0.965    0.980    0.989    
PARS std_que
0.001    0.001    0.002    0.002    0.002    0.003    0.005    0.006    0.005    0.007    0.007    0.011    0.009    0.007    0.004    0.004    0.003    0.002    0.002    0.002    
PARS AP_train
0.091    0.129    0.143    0.149    0.175    0.201    0.226    0.206    0.241    0.252    0.241    0.272    0.259    0.277    0.274    0.274    0.278    0.276    0.274    0.276    
PARS std_AP_train
0.025    0.024    0.023    0.013    0.032    0.028    0.029    0.014    0.040    0.027    0.043    0.032    0.028    0.032    0.026    0.030    0.028    0.033    0.031    0.033    
PARS mAP_train
0.048    0.077    0.081    0.089    0.104    0.125    0.148    0.126    0.158    0.166    0.155    0.180    0.168    0.184    0.177    0.178    0.181    0.180    0.178    0.180    
PARS std_mAP_train
0.018    0.022    0.020    0.016    0.024    0.022    0.027    0.010    0.034    0.025    0.037    0.031    0.028    0.032    0.024    0.029    0.027    0.030    0.029    0.030    
PARS AP_test
0.093    0.126    0.139    0.139    0.175    0.200    0.229    0.205    0.246    0.254    0.233    0.275    0.258    0.278    0.273    0.272    0.273    0.272    0.270    0.273    
PARS std_AP_test
0.023    0.023    0.026    0.021    0.031    0.035    0.032    0.026    0.045    0.021    0.041    0.035    0.024    0.036    0.025    0.034    0.027    0.031    0.031    0.032    
PARS mAP_test
0.052    0.078    0.086    0.089    0.114    0.133    0.157    0.135    0.169    0.176    0.157    0.196    0.177    0.197    0.187    0.189    0.188    0.188    0.187    0.190    
PARS std_mAP_test
0.017    0.023    0.020    0.019    0.024    0.028    0.024    0.022    0.039    0.022    0.033    0.035    0.023    0.035    0.023    0.034    0.027    0.029    0.030    0.031    
PARS time
0.018    0.018    0.018    0.019    0.019    0.019    0.020    0.021    0.022    0.024    0.026    0.028    0.030    0.032    0.034    0.035    0.036    0.037    0.037    0.037    
PARS std_time
0.000    0.000    0.000    0.000    0.000    0.000    0.000    0.000    0.000    0.000    0.000    0.000    0.000    0.000    0.000    0.000    0.000    0.000    0.000    0.000    
CWS que
1.000    1.000    1.000    1.000    1.000    1.000    1.000    1.000    1.000    1.000    1.000    1.000    1.000    1.000    1.000    1.000    1.000    1.000    1.000    1.000    
CWS std_que
0.000    0.000    0.000    0.000    0.000    0.000    0.000    0.000    0.000    0.000    0.000    0.000    0.000    0.000    0.000    0.000    0.000    0.000    0.000    0.000    
CWS AP_train
0.324    0.324    0.324    0.324    0.324    0.324    0.324    0.324    0.324    0.324    0.324    0.324    0.324    0.324    0.324    0.324    0.324    0.324    0.324    0.324    
CWS std_AP_train
0.016    0.016    0.016    0.016    0.016    0.016    0.016    0.016    0.016    0.016    0.016    0.016    0.016    0.016    0.016    0.016    0.016    0.016    0.016    0.016    
CWS mAP_train
0.218    0.218    0.218    0.218    0.218    0.218    0.218    0.218    0.218    0.218    0.218    0.218    0.218    0.218    0.218    0.218    0.218    0.218    0.218    0.218    
CWS std_mAP_train
0.017    0.017    0.017    0.017    0.017    0.017    0.017    0.017    0.017    0.017    0.017    0.017    0.017    0.017    0.017    0.017    0.017    0.017    0.017    0.017    
CWS AP_test
0.322    0.322    0.322    0.322    0.322    0.322    0.322    0.322    0.322    0.322    0.322    0.322    0.322    0.322    0.322    0.322    0.322    0.322    0.322    0.322    
CWS std_AP_test
0.023    0.023    0.023    0.023    0.023    0.023    0.023    0.023    0.023    0.023    0.023    0.023    0.023    0.023    0.023    0.023    0.023    0.023    0.023    0.023    
CWS mAP_test
0.224    0.224    0.224    0.224    0.224    0.224    0.224    0.224    0.224    0.224    0.224    0.224    0.224    0.224    0.224    0.224    0.224    0.224    0.224    0.224    
CWS std_mAP_test
0.023    0.023    0.023    0.023    0.023    0.023    0.023    0.023    0.023    0.023    0.023    0.023    0.023    0.023    0.023    0.023    0.023    0.023    0.023    0.023    
CWS time
3.446    3.446    3.446    3.446    3.446    3.446    3.446    3.446    3.446    3.446    3.446    3.446    3.446    3.446    3.446    3.446    3.446    3.446    3.446    3.446    
CWS std_time
0.054    0.054    0.054    0.054    0.054    0.054    0.054    0.054    0.054    0.054    0.054    0.054    0.054    0.054    0.054    0.054    0.054    0.054    0.054    0.054    
CWAS que
0.007    0.009    0.014    0.021    0.033    0.050    0.075    0.114    0.165    0.249    0.343    0.463    0.590    0.710    0.812    0.884    0.932    0.963    0.979    0.989    
CWAS std_que
0.001    0.001    0.001    0.001    0.002    0.003    0.005    0.004    0.007    0.006    0.012    0.010    0.007    0.011    0.008    0.003    0.003    0.002    0.001    0.001    
CWAS AP_train
0.095    0.097    0.133    0.144    0.160    0.178    0.227    0.248    0.285    0.302    0.307    0.319    0.313    0.318    0.320    0.327    0.325    0.324    0.323    0.325    
CWAS std_AP_train
0.015    0.016    0.032    0.019    0.021    0.024    0.018    0.029    0.019    0.021    0.011    0.014    0.016    0.014    0.019    0.014    0.013    0.013    0.013    0.014    
CWAS mAP_train
0.047    0.049    0.070    0.076    0.087    0.100    0.135    0.153    0.183    0.197    0.199    0.211    0.207    0.212    0.216    0.221    0.218    0.217    0.216    0.218    
CWAS std_mAP_train
0.013    0.009    0.023    0.014    0.016    0.021    0.015    0.027    0.022    0.020    0.011    0.013    0.018    0.016    0.019    0.016    0.014    0.014    0.015    0.015    
CWAS AP_test
0.092    0.096    0.124    0.143    0.159    0.173    0.221    0.245    0.282    0.297    0.307    0.319    0.314    0.314    0.321    0.326    0.320    0.320    0.322    0.324    
CWAS std_AP_test
0.011    0.014    0.024    0.019    0.018    0.021    0.019    0.037    0.020    0.032    0.016    0.021    0.026    0.020    0.023    0.021    0.020    0.022    0.022    0.020    
CWAS mAP_test
0.048    0.053    0.067    0.084    0.093    0.103    0.137    0.158    0.191    0.199    0.210    0.220    0.215    0.217    0.222    0.228    0.222    0.220    0.224    0.226    
CWAS std_mAP_test
0.009    0.009    0.016    0.015    0.015    0.016    0.015    0.031    0.021    0.028    0.016    0.023    0.025    0.022    0.022    0.021    0.020    0.022    0.022    0.022    
CWAS time
1.723    1.737    1.749    1.772    1.814    1.873    1.949    2.058    2.200    2.414    2.612    2.838    3.046    3.183    3.297    3.359    3.386    3.416    3.429    3.441    
CWAS std_time
0.004    0.004    0.004    0.006    0.010    0.011    0.016    0.014    0.025    0.022    0.045    0.040    0.042    0.067    0.062    0.040    0.051    0.052    0.054    0.054    
CWAS_Adap que
0.098    0.099    0.101    0.107    0.114    0.126    0.147    0.178    0.230    0.292    0.384    0.496    0.616    0.723    0.821    0.889    0.935    0.964    0.981    0.989    
CWAS_Adap std_que
0.002    0.002    0.003    0.003    0.003    0.005    0.004    0.005    0.007    0.006    0.011    0.006    0.007    0.008    0.005    0.006    0.004    0.003    0.002    0.001    
CWAS_Adap AP_train
0.255    0.264    0.265    0.274    0.276    0.272    0.283    0.289    0.295    0.299    0.306    0.317    0.317    0.320    0.323    0.324    0.324    0.327    0.326    0.325    
CWAS_Adap std_AP_train
0.016    0.021    0.020    0.021    0.022    0.023    0.021    0.011    0.020    0.016    0.016    0.011    0.013    0.013    0.013    0.012    0.013    0.014    0.013    0.015    
CWAS_Adap mAP_train
0.155    0.164    0.166    0.173    0.173    0.171    0.181    0.185    0.192    0.197    0.200    0.212    0.209    0.213    0.217    0.219    0.218    0.219    0.221    0.219    
CWAS_Adap std_mAP_train
0.015    0.021    0.019    0.021    0.017    0.023    0.021    0.015    0.016    0.019    0.018    0.013    0.015    0.016    0.014    0.014    0.014    0.017    0.015    0.016    
CWAS_Adap AP_test
0.240    0.249    0.251    0.267    0.262    0.269    0.287    0.283    0.295    0.302    0.303    0.315    0.316    0.317    0.320    0.325    0.321    0.325    0.325    0.323    
CWAS_Adap std_AP_test
0.015    0.027    0.017    0.033    0.025    0.018    0.030    0.014    0.021    0.025    0.018    0.013    0.017    0.019    0.021    0.021    0.023    0.023    0.022    0.022    
CWAS_Adap mAP_test
0.150    0.159    0.161    0.174    0.170    0.175    0.192    0.190    0.200    0.208    0.204    0.217    0.216    0.219    0.222    0.226    0.222    0.225    0.226    0.225    
CWAS_Adap std_mAP_test
0.009    0.023    0.015    0.030    0.023    0.018    0.027    0.014    0.018    0.025    0.016    0.012    0.015    0.017    0.020    0.021    0.024    0.023    0.022    0.022    
CWAS_Adap time
2.072    2.080    2.081    2.099    2.125    2.158    2.213    2.293    2.431    2.561    2.742    2.924    3.093    3.203    3.320    3.364    3.402    3.422    3.438    3.438    
CWAS_Adap std_time
0.008    0.010    0.014    0.016    0.012    0.017    0.016    0.021    0.029    0.022    0.041    0.037    0.034    0.051    0.036    0.062    0.051    0.057    0.058    0.051    
CWRS que
0.098    0.098    0.101    0.107    0.114    0.127    0.144    0.178    0.229    0.292    0.384    0.498    0.614    0.723    0.822    0.888    0.934    0.964    0.982    0.990    
CWRS std_que
0.003    0.002    0.003    0.003    0.004    0.004    0.004    0.007    0.009    0.008    0.011    0.009    0.007    0.011    0.005    0.007    0.005    0.004    0.002    0.001    
CWRS AP_train
0.193    0.199    0.200    0.218    0.217    0.224    0.230    0.244    0.254    0.278    0.286    0.296    0.310    0.317    0.318    0.323    0.327    0.327    0.325    0.327    
CWRS std_AP_train
0.018    0.021    0.024    0.016    0.024    0.025    0.029    0.027    0.020    0.025    0.017    0.012    0.015    0.014    0.010    0.013    0.014    0.017    0.012    0.012    
CWRS mAP_train
0.110    0.117    0.114    0.126    0.127    0.133    0.138    0.149    0.155    0.179    0.185    0.193    0.208    0.213    0.211    0.216    0.222    0.219    0.217    0.221    
CWRS std_mAP_train
0.015    0.018    0.020    0.014    0.022    0.021    0.026    0.022    0.020    0.025    0.014    0.014    0.020    0.016    0.013    0.016    0.015    0.019    0.014    0.012    
CWRS AP_test
0.178    0.196    0.191    0.209    0.216    0.216    0.224    0.236    0.258    0.276    0.280    0.293    0.316    0.322    0.310    0.320    0.324    0.326    0.322    0.326    
CWRS std_AP_test
0.018    0.025    0.028    0.018    0.023    0.028    0.035    0.032    0.020    0.028    0.017    0.023    0.022    0.018    0.021    0.021    0.027    0.028    0.022    0.021    
CWRS mAP_test
0.106    0.120    0.115    0.128    0.136    0.135    0.141    0.150    0.169    0.182    0.187    0.199    0.220    0.225    0.214    0.222    0.227    0.229    0.223    0.228    
CWRS std_mAP_test
0.016    0.020    0.022    0.015    0.020    0.023    0.031    0.026    0.022    0.027    0.013    0.024    0.021    0.017    0.021    0.022    0.026    0.028    0.020    0.021    
CWRS time
1.917    1.920    1.922    1.928    1.947    1.970    1.999    2.067    2.159    2.277    2.437    2.632    2.818    3.010    3.181    3.270    3.343    3.401    3.418    3.436    
CWRS std_time
0.013    0.012    0.008    0.011    0.016    0.010    0.015    0.021    0.027    0.036    0.041    0.048    0.033    0.053    0.056    0.059    0.053    0.050    0.051    0.045    
AROMA que
1.000    1.000    1.000    1.000    1.000    1.000    1.000    1.000    1.000    1.000    1.000    1.000    1.000    1.000    1.000    1.000    1.000    1.000    1.000    1.000    
AROMA std_que
0.000    0.000    0.000    0.000    0.000    0.000    0.000    0.000    0.000    0.000    0.000    0.000    0.000    0.000    0.000    0.000    0.000    0.000    0.000    0.000    
AROMA AP_train
0.329    0.329    0.329    0.329    0.329    0.329    0.329    0.329    0.329    0.329    0.329    0.329    0.329    0.329    0.329    0.329    0.329    0.329    0.329    0.329    
AROMA std_AP_train
0.011    0.011    0.011    0.011    0.011    0.011    0.011    0.011    0.011    0.011    0.011    0.011    0.011    0.011    0.011    0.011    0.011    0.011    0.011    0.011    
AROMA mAP_train
0.222    0.222    0.222    0.222    0.222    0.222    0.222    0.222    0.222    0.222    0.222    0.222    0.222    0.222    0.222    0.222    0.222    0.222    0.222    0.222    
AROMA std_mAP_train
0.014    0.014    0.014    0.014    0.014    0.014    0.014    0.014    0.014    0.014    0.014    0.014    0.014    0.014    0.014    0.014    0.014    0.014    0.014    0.014    
AROMA AP_test
0.322    0.322    0.322    0.322    0.322    0.322    0.322    0.322    0.322    0.322    0.322    0.322    0.322    0.322    0.322    0.322    0.322    0.322    0.322    0.322    
AROMA std_AP_test
0.017    0.017    0.017    0.017    0.017    0.017    0.017    0.017    0.017    0.017    0.017    0.017    0.017    0.017    0.017    0.017    0.017    0.017    0.017    0.017    
AROMA mAP_test
0.222    0.222    0.222    0.222    0.222    0.222    0.222    0.222    0.222    0.222    0.222    0.222    0.222    0.222    0.222    0.222    0.222    0.222    0.222    0.222    
AROMA std_mAP_test
0.018    0.018    0.018    0.018    0.018    0.018    0.018    0.018    0.018    0.018    0.018    0.018    0.018    0.018    0.018    0.018    0.018    0.018    0.018    0.018    
AROMA time
2.597    2.597    2.597    2.597    2.597    2.597    2.597    2.597    2.597    2.597    2.597    2.597    2.597    2.597    2.597    2.597    2.597    2.597    2.597    2.597    
AROMA std_time
0.057    0.057    0.057    0.057    0.057    0.057    0.057    0.057    0.057    0.057    0.057    0.057    0.057    0.057    0.057    0.057    0.057    0.057    0.057    0.057    
