OASIS que
1.000    1.000    1.000    1.000    1.000    1.000    1.000    1.000    1.000    1.000    1.000    1.000    1.000    1.000    1.000    1.000    1.000    1.000    1.000    1.000    
OASIS std_que
0.000    0.000    0.000    0.000    0.000    0.000    0.000    0.000    0.000    0.000    0.000    0.000    0.000    0.000    0.000    0.000    0.000    0.000    0.000    0.000    
OASIS AP_train
0.686    0.686    0.686    0.686    0.686    0.686    0.686    0.686    0.686    0.686    0.686    0.686    0.686    0.686    0.686    0.686    0.686    0.686    0.686    0.686    
OASIS std_AP_train
0.039    0.039    0.039    0.039    0.039    0.039    0.039    0.039    0.039    0.039    0.039    0.039    0.039    0.039    0.039    0.039    0.039    0.039    0.039    0.039    
OASIS mAP_train
0.591    0.591    0.591    0.591    0.591    0.591    0.591    0.591    0.591    0.591    0.591    0.591    0.591    0.591    0.591    0.591    0.591    0.591    0.591    0.591    
OASIS std_mAP_train
0.048    0.048    0.048    0.048    0.048    0.048    0.048    0.048    0.048    0.048    0.048    0.048    0.048    0.048    0.048    0.048    0.048    0.048    0.048    0.048    
OASIS AP_test
0.660    0.660    0.660    0.660    0.660    0.660    0.660    0.660    0.660    0.660    0.660    0.660    0.660    0.660    0.660    0.660    0.660    0.660    0.660    0.660    
OASIS std_AP_test
0.033    0.033    0.033    0.033    0.033    0.033    0.033    0.033    0.033    0.033    0.033    0.033    0.033    0.033    0.033    0.033    0.033    0.033    0.033    0.033    
OASIS mAP_test
0.557    0.557    0.557    0.557    0.557    0.557    0.557    0.557    0.557    0.557    0.557    0.557    0.557    0.557    0.557    0.557    0.557    0.557    0.557    0.557    
OASIS std_mAP_test
0.039    0.039    0.039    0.039    0.039    0.039    0.039    0.039    0.039    0.039    0.039    0.039    0.039    0.039    0.039    0.039    0.039    0.039    0.039    0.039    
OASIS time
0.047    0.047    0.047    0.047    0.047    0.047    0.047    0.047    0.047    0.047    0.047    0.047    0.047    0.047    0.047    0.047    0.047    0.047    0.047    0.047    
OASIS std_time
0.001    0.001    0.001    0.001    0.001    0.001    0.001    0.001    0.001    0.001    0.001    0.001    0.001    0.001    0.001    0.001    0.001    0.001    0.001    0.001    
PAAS que
0.008    0.012    0.018    0.026    0.038    0.054    0.078    0.112    0.162    0.231    0.321    0.433    0.556    0.682    0.791    0.869    0.923    0.957    0.977    0.987    
PAAS std_que
0.001    0.001    0.001    0.001    0.002    0.002    0.003    0.004    0.006    0.007    0.009    0.009    0.009    0.009    0.005    0.004    0.003    0.001    0.001    0.001    
PAAS AP_train
0.464    0.475    0.573    0.576    0.603    0.644    0.648    0.653    0.662    0.676    0.664    0.668    0.675    0.686    0.686    0.681    0.682    0.686    0.685    0.686    
PAAS std_AP_train
0.079    0.055    0.068    0.057    0.037    0.025    0.062    0.053    0.048    0.030    0.028    0.042    0.035    0.041    0.037    0.040    0.039    0.038    0.039    0.040    
PAAS mAP_train
0.380    0.379    0.490    0.484    0.494    0.545    0.553    0.562    0.564    0.581    0.567    0.571    0.578    0.590    0.592    0.587    0.586    0.592    0.590    0.591    
PAAS std_mAP_train
0.079    0.067    0.069    0.070    0.043    0.036    0.079    0.066    0.058    0.038    0.032    0.055    0.038    0.054    0.046    0.049    0.050    0.047    0.049    0.049    
PAAS AP_test
0.467    0.453    0.571    0.568    0.592    0.648    0.653    0.643    0.649    0.659    0.655    0.651    0.658    0.660    0.665    0.656    0.656    0.661    0.659    0.660    
PAAS std_AP_test
0.079    0.065    0.072    0.066    0.064    0.040    0.066    0.062    0.063    0.043    0.030    0.045    0.041    0.042    0.031    0.034    0.034    0.032    0.032    0.032    
PAAS mAP_test
0.392    0.367    0.501    0.483    0.491    0.553    0.559    0.550    0.550    0.558    0.554    0.551    0.551    0.561    0.562    0.551    0.552    0.559    0.555    0.556    
PAAS std_mAP_test
0.072    0.076    0.071    0.078    0.073    0.061    0.082    0.073    0.080    0.053    0.037    0.056    0.042    0.045    0.039    0.039    0.043    0.039    0.039    0.039    
PAAS time
0.023    0.024    0.024    0.024    0.025    0.026    0.027    0.028    0.030    0.032    0.035    0.037    0.040    0.042    0.044    0.046    0.046    0.047    0.047    0.047    
PAAS std_time
0.000    0.000    0.000    0.000    0.000    0.000    0.000    0.000    0.000    0.000    0.001    0.000    0.001    0.001    0.001    0.001    0.000    0.000    0.001    0.001    
PARS que
0.007    0.012    0.018    0.026    0.038    0.054    0.077    0.112    0.163    0.230    0.319    0.434    0.554    0.681    0.791    0.868    0.924    0.956    0.977    0.987    
PARS std_que
0.001    0.001    0.001    0.002    0.003    0.002    0.003    0.006    0.007    0.008    0.008    0.012    0.009    0.011    0.006    0.005    0.005    0.002    0.002    0.001    
PARS AP_train
0.365    0.452    0.442    0.455    0.510    0.538    0.575    0.564    0.612    0.622    0.624    0.643    0.658    0.672    0.687    0.670    0.679    0.681    0.687    0.686    
PARS std_AP_train
0.096    0.056    0.097    0.055    0.058    0.042    0.041    0.052    0.056    0.043    0.038    0.053    0.028    0.034    0.036    0.037    0.038    0.035    0.039    0.041    
PARS mAP_train
0.290    0.362    0.352    0.366    0.405    0.426    0.472    0.466    0.509    0.517    0.520    0.542    0.555    0.573    0.594    0.572    0.581    0.586    0.593    0.591    
PARS std_mAP_train
0.072    0.053    0.098    0.058    0.068    0.052    0.053    0.053    0.068    0.055    0.045    0.069    0.038    0.046    0.048    0.044    0.049    0.046    0.049    0.050    
PARS AP_test
0.342    0.454    0.434    0.455    0.492    0.536    0.578    0.550    0.592    0.617    0.616    0.627    0.636    0.644    0.668    0.647    0.653    0.657    0.661    0.660    
PARS std_AP_test
0.097    0.047    0.095    0.054    0.060    0.044    0.049    0.061    0.065    0.053    0.043    0.064    0.040    0.039    0.029    0.026    0.031    0.031    0.033    0.031    
PARS mAP_test
0.280    0.374    0.353    0.372    0.400    0.441    0.484    0.448    0.490    0.508    0.514    0.523    0.525    0.541    0.569    0.542    0.549    0.553    0.559    0.556    
PARS std_mAP_test
0.081    0.056    0.097    0.054    0.064    0.040    0.053    0.061    0.077    0.066    0.051    0.082    0.045    0.046    0.041    0.030    0.039    0.039    0.040    0.037    
PARS time
0.023    0.024    0.024    0.024    0.024    0.025    0.026    0.026    0.028    0.029    0.031    0.034    0.037    0.040    0.042    0.043    0.045    0.045    0.046    0.046    
PARS std_time
0.000    0.000    0.000    0.000    0.000    0.000    0.000    0.000    0.000    0.000    0.001    0.001    0.000    0.001    0.001    0.000    0.001    0.001    0.001    0.001    
CWS que
1.000    1.000    1.000    1.000    1.000    1.000    1.000    1.000    1.000    1.000    1.000    1.000    1.000    1.000    1.000    1.000    1.000    1.000    1.000    1.000    
CWS std_que
0.000    0.000    0.000    0.000    0.000    0.000    0.000    0.000    0.000    0.000    0.000    0.000    0.000    0.000    0.000    0.000    0.000    0.000    0.000    0.000    
CWS AP_train
0.775    0.775    0.775    0.775    0.775    0.775    0.775    0.775    0.775    0.775    0.775    0.775    0.775    0.775    0.775    0.775    0.775    0.775    0.775    0.775    
CWS std_AP_train
0.026    0.026    0.026    0.026    0.026    0.026    0.026    0.026    0.026    0.026    0.026    0.026    0.026    0.026    0.026    0.026    0.026    0.026    0.026    0.026    
CWS mAP_train
0.703    0.703    0.703    0.703    0.703    0.703    0.703    0.703    0.703    0.703    0.703    0.703    0.703    0.703    0.703    0.703    0.703    0.703    0.703    0.703    
CWS std_mAP_train
0.033    0.033    0.033    0.033    0.033    0.033    0.033    0.033    0.033    0.033    0.033    0.033    0.033    0.033    0.033    0.033    0.033    0.033    0.033    0.033    
CWS AP_test
0.735    0.735    0.735    0.735    0.735    0.735    0.735    0.735    0.735    0.735    0.735    0.735    0.735    0.735    0.735    0.735    0.735    0.735    0.735    0.735    
CWS std_AP_test
0.021    0.021    0.021    0.021    0.021    0.021    0.021    0.021    0.021    0.021    0.021    0.021    0.021    0.021    0.021    0.021    0.021    0.021    0.021    0.021    
CWS mAP_test
0.648    0.648    0.648    0.648    0.648    0.648    0.648    0.648    0.648    0.648    0.648    0.648    0.648    0.648    0.648    0.648    0.648    0.648    0.648    0.648    
CWS std_mAP_test
0.026    0.026    0.026    0.026    0.026    0.026    0.026    0.026    0.026    0.026    0.026    0.026    0.026    0.026    0.026    0.026    0.026    0.026    0.026    0.026    
CWS time
4.565    4.565    4.565    4.565    4.565    4.565    4.565    4.565    4.565    4.565    4.565    4.565    4.565    4.565    4.565    4.565    4.565    4.565    4.565    4.565    
CWS std_time
0.087    0.087    0.087    0.087    0.087    0.087    0.087    0.087    0.087    0.087    0.087    0.087    0.087    0.087    0.087    0.087    0.087    0.087    0.087    0.087    
CWAS que
0.007    0.010    0.014    0.022    0.031    0.048    0.071    0.106    0.155    0.219    0.306    0.419    0.543    0.672    0.783    0.863    0.921    0.955    0.976    0.986    
CWAS std_que
0.001    0.001    0.001    0.002    0.002    0.003    0.003    0.005    0.005    0.007    0.007    0.010    0.008    0.007    0.003    0.003    0.003    0.001    0.001    0.001    
CWAS AP_train
0.508    0.599    0.665    0.654    0.727    0.733    0.747    0.755    0.759    0.769    0.769    0.774    0.771    0.773    0.775    0.776    0.777    0.776    0.775    0.774    
CWAS std_AP_train
0.084    0.047    0.028    0.048    0.018    0.035    0.037    0.028    0.027    0.031    0.030    0.024    0.024    0.028    0.025    0.024    0.026    0.025    0.026    0.026    
CWAS mAP_train
0.413    0.489    0.575    0.553    0.647    0.647    0.669    0.677    0.682    0.698    0.693    0.703    0.698    0.702    0.702    0.705    0.705    0.704    0.702    0.702    
CWAS std_mAP_train
0.074    0.062    0.036    0.056    0.028    0.043    0.041    0.034    0.038    0.042    0.040    0.033    0.033    0.036    0.031    0.031    0.034    0.032    0.033    0.033    
CWAS AP_test
0.493    0.580    0.643    0.633    0.713    0.699    0.724    0.714    0.728    0.735    0.732    0.735    0.730    0.735    0.732    0.735    0.736    0.736    0.734    0.735    
CWAS std_AP_test
0.100    0.060    0.048    0.048    0.033    0.034    0.036    0.027    0.030    0.027    0.030    0.020    0.024    0.021    0.025    0.023    0.022    0.022    0.023    0.021    
CWAS mAP_test
0.407    0.475    0.545    0.520    0.628    0.604    0.636    0.620    0.641    0.649    0.646    0.647    0.642    0.649    0.644    0.649    0.649    0.648    0.647    0.646    
CWAS std_mAP_test
0.093    0.077    0.053    0.056    0.048    0.046    0.041    0.030    0.038    0.034    0.037    0.023    0.027    0.028    0.031    0.028    0.027    0.027    0.027    0.026    
CWAS time
2.835    2.863    2.889    2.933    2.981    3.075    3.174    3.313    3.492    3.676    3.877    4.078    4.242    4.363    4.466    4.508    4.536    4.561    4.567    4.572    
CWAS std_time
0.004    0.007    0.006    0.011    0.011    0.022    0.018    0.035    0.036    0.047    0.050    0.065    0.063    0.069    0.077    0.087    0.079    0.087    0.085    0.081    
CWAS_Adap que
0.049    0.051    0.054    0.059    0.065    0.076    0.096    0.125    0.168    0.232    0.320    0.430    0.552    0.678    0.785    0.868    0.922    0.957    0.975    0.987    
CWAS_Adap std_que
0.002    0.003    0.002    0.002    0.002    0.003    0.004    0.004    0.004    0.006    0.005    0.008    0.008    0.007    0.006    0.004    0.003    0.002    0.001    0.001    
CWAS_Adap AP_train
0.743    0.744    0.740    0.745    0.755    0.757    0.764    0.767    0.767    0.768    0.772    0.770    0.775    0.774    0.774    0.774    0.776    0.775    0.775    0.776    
CWAS_Adap std_AP_train
0.029    0.026    0.030    0.024    0.023    0.031    0.027    0.031    0.025    0.025    0.027    0.027    0.028    0.027    0.026    0.025    0.024    0.025    0.026    0.026    
CWAS_Adap mAP_train
0.658    0.660    0.654    0.662    0.676    0.677    0.689    0.696    0.694    0.697    0.699    0.697    0.703    0.702    0.702    0.703    0.704    0.703    0.704    0.704    
CWAS_Adap std_mAP_train
0.034    0.036    0.037    0.029    0.027    0.039    0.033    0.038    0.032    0.031    0.035    0.035    0.037    0.035    0.033    0.033    0.031    0.033    0.034    0.033    
CWAS_Adap AP_test
0.685    0.696    0.685    0.688    0.715    0.715    0.723    0.730    0.733    0.731    0.734    0.733    0.734    0.736    0.732    0.735    0.734    0.734    0.735    0.734    
CWAS_Adap std_AP_test
0.024    0.020    0.022    0.020    0.025    0.028    0.028    0.028    0.024    0.023    0.025    0.022    0.030    0.025    0.024    0.022    0.022    0.021    0.022    0.022    
CWAS_Adap mAP_test
0.582    0.601    0.588    0.590    0.624    0.623    0.634    0.643    0.646    0.643    0.646    0.644    0.647    0.650    0.644    0.647    0.648    0.646    0.647    0.647    
CWAS_Adap std_mAP_test
0.029    0.023    0.025    0.027    0.029    0.029    0.035    0.034    0.032    0.027    0.030    0.027    0.039    0.030    0.029    0.027    0.026    0.026    0.027    0.027    
CWAS_Adap time
3.106    3.120    3.143    3.167    3.195    3.242    3.329    3.430    3.572    3.743    3.933    4.117    4.264    4.383    4.466    4.514    4.543    4.558    4.570    4.574    
CWAS_Adap std_time
0.010    0.020    0.013    0.018    0.015    0.024    0.022    0.025    0.028    0.040    0.042    0.055    0.067    0.068    0.079    0.084    0.084    0.085    0.087    0.087    
CWRS que
0.049    0.051    0.054    0.058    0.065    0.077    0.096    0.123    0.169    0.231    0.319    0.429    0.553    0.678    0.786    0.868    0.924    0.958    0.975    0.987    
CWRS std_que
0.002    0.002    0.002    0.003    0.002    0.004    0.003    0.006    0.004    0.005    0.007    0.009    0.008    0.008    0.009    0.004    0.003    0.003    0.002    0.001    
CWRS AP_train
0.659    0.635    0.655    0.654    0.682    0.691    0.699    0.718    0.717    0.730    0.744    0.752    0.759    0.767    0.769    0.773    0.775    0.775    0.774    0.776    
CWRS std_AP_train
0.055    0.046    0.045    0.028    0.031    0.044    0.033    0.028    0.026    0.032    0.024    0.025    0.024    0.024    0.026    0.025    0.025    0.026    0.024    0.023    
CWRS mAP_train
0.564    0.527    0.558    0.547    0.593    0.598    0.615    0.633    0.632    0.648    0.666    0.674    0.683    0.691    0.697    0.698    0.702    0.702    0.702    0.704    
CWRS std_mAP_train
0.061    0.065    0.058    0.037    0.044    0.055    0.044    0.037    0.037    0.039    0.031    0.032    0.032    0.031    0.035    0.032    0.032    0.032    0.032    0.030    
CWRS AP_test
0.651    0.615    0.635    0.647    0.660    0.682    0.686    0.700    0.708    0.703    0.718    0.726    0.724    0.728    0.732    0.733    0.733    0.733    0.734    0.736    
CWRS std_AP_test
0.069    0.054    0.069    0.045    0.045    0.046    0.052    0.031    0.030    0.032    0.033    0.029    0.029    0.024    0.025    0.020    0.021    0.022    0.023    0.022    
CWRS mAP_test
0.553    0.507    0.532    0.549    0.554    0.584    0.587    0.610    0.618    0.605    0.628    0.634    0.631    0.637    0.645    0.644    0.645    0.645    0.646    0.648    
CWRS std_mAP_test
0.078    0.066    0.084    0.054    0.058    0.061    0.065    0.041    0.036    0.041    0.041    0.034    0.035    0.029    0.032    0.024    0.027    0.027    0.029    0.026    
CWRS time
2.958    2.969    2.980    2.998    3.012    3.042    3.087    3.144    3.249    3.357    3.521    3.709    3.913    4.116    4.262    4.385    4.467    4.519    4.545    4.561    
CWRS std_time
0.014    0.007    0.011    0.019    0.010    0.018    0.019    0.035    0.025    0.036    0.042    0.054    0.054    0.071    0.084    0.077    0.090    0.084    0.089    0.087    
AROMA que
1.000    1.000    1.000    1.000    1.000    1.000    1.000    1.000    1.000    1.000    1.000    1.000    1.000    1.000    1.000    1.000    1.000    1.000    1.000    1.000    
AROMA std_que
0.000    0.000    0.000    0.000    0.000    0.000    0.000    0.000    0.000    0.000    0.000    0.000    0.000    0.000    0.000    0.000    0.000    0.000    0.000    0.000    
AROMA AP_train
0.798    0.798    0.798    0.798    0.798    0.798    0.798    0.798    0.798    0.798    0.798    0.798    0.798    0.798    0.798    0.798    0.798    0.798    0.798    0.798    
AROMA std_AP_train
0.023    0.023    0.023    0.023    0.023    0.023    0.023    0.023    0.023    0.023    0.023    0.023    0.023    0.023    0.023    0.023    0.023    0.023    0.023    0.023    
AROMA mAP_train
0.730    0.730    0.730    0.730    0.730    0.730    0.730    0.730    0.730    0.730    0.730    0.730    0.730    0.730    0.730    0.730    0.730    0.730    0.730    0.730    
AROMA std_mAP_train
0.031    0.031    0.031    0.031    0.031    0.031    0.031    0.031    0.031    0.031    0.031    0.031    0.031    0.031    0.031    0.031    0.031    0.031    0.031    0.031    
AROMA AP_test
0.734    0.734    0.734    0.734    0.734    0.734    0.734    0.734    0.734    0.734    0.734    0.734    0.734    0.734    0.734    0.734    0.734    0.734    0.734    0.734    
AROMA std_AP_test
0.021    0.021    0.021    0.021    0.021    0.021    0.021    0.021    0.021    0.021    0.021    0.021    0.021    0.021    0.021    0.021    0.021    0.021    0.021    0.021    
AROMA mAP_test
0.640    0.640    0.640    0.640    0.640    0.640    0.640    0.640    0.640    0.640    0.640    0.640    0.640    0.640    0.640    0.640    0.640    0.640    0.640    0.640    
AROMA std_mAP_test
0.029    0.029    0.029    0.029    0.029    0.029    0.029    0.029    0.029    0.029    0.029    0.029    0.029    0.029    0.029    0.029    0.029    0.029    0.029    0.029    
AROMA time
2.651    2.651    2.651    2.651    2.651    2.651    2.651    2.651    2.651    2.651    2.651    2.651    2.651    2.651    2.651    2.651    2.651    2.651    2.651    2.651    
AROMA std_time
0.124    0.124    0.124    0.124    0.124    0.124    0.124    0.124    0.124    0.124    0.124    0.124    0.124    0.124    0.124    0.124    0.124    0.124    0.124    0.124    
