OASIS que
1.000    1.000    1.000    1.000    1.000    1.000    1.000    1.000    1.000    1.000    1.000    1.000    1.000    1.000    1.000    1.000    1.000    1.000    1.000    1.000    
OASIS std_que
0.000    0.000    0.000    0.000    0.000    0.000    0.000    0.000    0.000    0.000    0.000    0.000    0.000    0.000    0.000    0.000    0.000    0.000    0.000    0.000    
OASIS AP_train
0.709    0.709    0.709    0.709    0.709    0.709    0.709    0.709    0.709    0.709    0.709    0.709    0.709    0.709    0.709    0.709    0.709    0.709    0.709    0.709    
OASIS std_AP_train
0.056    0.056    0.056    0.056    0.056    0.056    0.056    0.056    0.056    0.056    0.056    0.056    0.056    0.056    0.056    0.056    0.056    0.056    0.056    0.056    
OASIS mAP_train
0.623    0.623    0.623    0.623    0.623    0.623    0.623    0.623    0.623    0.623    0.623    0.623    0.623    0.623    0.623    0.623    0.623    0.623    0.623    0.623    
OASIS std_mAP_train
0.066    0.066    0.066    0.066    0.066    0.066    0.066    0.066    0.066    0.066    0.066    0.066    0.066    0.066    0.066    0.066    0.066    0.066    0.066    0.066    
OASIS AP_test
0.569    0.569    0.569    0.569    0.569    0.569    0.569    0.569    0.569    0.569    0.569    0.569    0.569    0.569    0.569    0.569    0.569    0.569    0.569    0.569    
OASIS std_AP_test
0.057    0.057    0.057    0.057    0.057    0.057    0.057    0.057    0.057    0.057    0.057    0.057    0.057    0.057    0.057    0.057    0.057    0.057    0.057    0.057    
OASIS mAP_test
0.446    0.446    0.446    0.446    0.446    0.446    0.446    0.446    0.446    0.446    0.446    0.446    0.446    0.446    0.446    0.446    0.446    0.446    0.446    0.446    
OASIS std_mAP_test
0.073    0.073    0.073    0.073    0.073    0.073    0.073    0.073    0.073    0.073    0.073    0.073    0.073    0.073    0.073    0.073    0.073    0.073    0.073    0.073    
OASIS time
0.268    0.268    0.268    0.268    0.268    0.268    0.268    0.268    0.268    0.268    0.268    0.268    0.268    0.268    0.268    0.268    0.268    0.268    0.268    0.268    
OASIS std_time
0.006    0.006    0.006    0.006    0.006    0.006    0.006    0.006    0.006    0.006    0.006    0.006    0.006    0.006    0.006    0.006    0.006    0.006    0.006    0.006    
PAAS que
0.003    0.005    0.007    0.010    0.016    0.024    0.037    0.055    0.083    0.132    0.197    0.294    0.413    0.543    0.673    0.786    0.867    0.920    0.955    0.975    
PAAS std_que
0.001    0.000    0.001    0.001    0.001    0.002    0.002    0.003    0.006    0.008    0.009    0.012    0.016    0.019    0.018    0.015    0.012    0.007    0.005    0.002    
PAAS AP_train
0.585    0.585    0.601    0.609    0.618    0.662    0.673    0.676    0.665    0.668    0.713    0.704    0.708    0.714    0.715    0.711    0.695    0.710    0.707    0.708    
PAAS std_AP_train
0.046    0.048    0.048    0.086    0.040    0.041    0.043    0.074    0.050    0.070    0.052    0.077    0.064    0.063    0.064    0.052    0.053    0.056    0.057    0.055    
PAAS mAP_train
0.496    0.495    0.512    0.522    0.529    0.577    0.589    0.592    0.579    0.586    0.630    0.616    0.620    0.624    0.627    0.622    0.607    0.623    0.618    0.621    
PAAS std_mAP_train
0.051    0.051    0.041    0.087    0.054    0.045    0.047    0.067    0.055    0.063    0.060    0.080    0.080    0.075    0.074    0.065    0.059    0.065    0.068    0.065    
PAAS AP_test
0.568    0.561    0.590    0.586    0.599    0.627    0.621    0.612    0.585    0.590    0.612    0.604    0.582    0.582    0.577    0.575    0.563    0.574    0.571    0.568    
PAAS std_AP_test
0.063    0.044    0.049    0.083    0.046    0.033    0.042    0.067    0.043    0.060    0.034    0.064    0.059    0.060    0.061    0.054    0.051    0.058    0.053    0.057    
PAAS mAP_test
0.485    0.461    0.499    0.506    0.512    0.550    0.533    0.526    0.488    0.496    0.516    0.499    0.466    0.468    0.456    0.454    0.440    0.450    0.448    0.444    
PAAS std_mAP_test
0.072    0.053    0.044    0.079    0.054    0.037    0.042    0.067    0.052    0.055    0.043    0.072    0.069    0.076    0.075    0.070    0.064    0.075    0.070    0.074    
PAAS time
0.143    0.144    0.145    0.146    0.147    0.150    0.154    0.158    0.163    0.172    0.179    0.195    0.210    0.225    0.235    0.250    0.256    0.261    0.266    0.267    
PAAS std_time
0.003    0.001    0.001    0.001    0.001    0.001    0.001    0.002    0.002    0.002    0.002    0.003    0.004    0.005    0.006    0.006    0.007    0.006    0.005    0.006    
PARS que
0.003    0.005    0.008    0.011    0.016    0.024    0.036    0.054    0.083    0.132    0.196    0.295    0.411    0.542    0.671    0.787    0.867    0.920    0.955    0.975    
PARS std_que
0.001    0.001    0.000    0.001    0.002    0.003    0.003    0.003    0.007    0.009    0.009    0.012    0.015    0.020    0.019    0.015    0.013    0.007    0.005    0.002    
PARS AP_train
0.491    0.532    0.537    0.540    0.573    0.601    0.585    0.590    0.619    0.660    0.667    0.688    0.676    0.687    0.690    0.706    0.697    0.704    0.704    0.710    
PARS std_AP_train
0.100    0.060    0.073    0.107    0.057    0.064    0.056    0.088    0.069    0.037    0.046    0.038    0.052    0.058    0.072    0.065    0.049    0.047    0.054    0.054    
PARS mAP_train
0.410    0.433    0.439    0.444    0.473    0.509    0.493    0.484    0.514    0.570    0.577    0.595    0.582    0.591    0.596    0.617    0.607    0.616    0.615    0.622    
PARS std_mAP_train
0.093    0.072    0.073    0.102    0.065    0.076    0.066    0.085    0.073    0.038    0.048    0.048    0.052    0.066    0.083    0.076    0.056    0.055    0.064    0.064    
PARS AP_test
0.465    0.508    0.513    0.504    0.538    0.574    0.541    0.529    0.554    0.588    0.590    0.585    0.570    0.557    0.562    0.567    0.570    0.575    0.568    0.574    
PARS std_AP_test
0.092    0.065    0.077    0.110    0.044    0.071    0.061    0.083    0.058    0.039    0.033    0.052    0.043    0.050    0.073    0.068    0.049    0.060    0.051    0.057    
PARS mAP_test
0.388    0.419    0.421    0.420    0.443    0.493    0.456    0.421    0.451    0.488    0.493    0.475    0.467    0.441    0.439    0.448    0.448    0.456    0.446    0.452    
PARS std_mAP_test
0.097    0.062    0.076    0.105    0.038    0.077    0.072    0.089    0.064    0.053    0.032    0.059    0.056    0.066    0.084    0.085    0.060    0.076    0.066    0.074    
PARS time
0.143    0.143    0.144    0.144    0.145    0.147    0.150    0.153    0.157    0.163    0.170    0.183    0.198    0.214    0.228    0.244    0.252    0.259    0.264    0.266    
PARS std_time
0.001    0.001    0.001    0.001    0.001    0.001    0.001    0.002    0.002    0.003    0.002    0.003    0.004    0.005    0.006    0.006    0.007    0.007    0.006    0.006    
CWS que
1.000    1.000    1.000    1.000    1.000    1.000    1.000    1.000    1.000    1.000    1.000    1.000    1.000    1.000    1.000    1.000    1.000    1.000    1.000    1.000    
CWS std_que
0.000    0.000    0.000    0.000    0.000    0.000    0.000    0.000    0.000    0.000    0.000    0.000    0.000    0.000    0.000    0.000    0.000    0.000    0.000    0.000    
CWS AP_train
0.811    0.811    0.811    0.811    0.811    0.811    0.811    0.811    0.811    0.811    0.811    0.811    0.811    0.811    0.811    0.811    0.811    0.811    0.811    0.811    
CWS std_AP_train
0.033    0.033    0.033    0.033    0.033    0.033    0.033    0.033    0.033    0.033    0.033    0.033    0.033    0.033    0.033    0.033    0.033    0.033    0.033    0.033    
CWS mAP_train
0.730    0.730    0.730    0.730    0.730    0.730    0.730    0.730    0.730    0.730    0.730    0.730    0.730    0.730    0.730    0.730    0.730    0.730    0.730    0.730    
CWS std_mAP_train
0.047    0.047    0.047    0.047    0.047    0.047    0.047    0.047    0.047    0.047    0.047    0.047    0.047    0.047    0.047    0.047    0.047    0.047    0.047    0.047    
CWS AP_test
0.494    0.494    0.494    0.494    0.494    0.494    0.494    0.494    0.494    0.494    0.494    0.494    0.494    0.494    0.494    0.494    0.494    0.494    0.494    0.494    
CWS std_AP_test
0.047    0.047    0.047    0.047    0.047    0.047    0.047    0.047    0.047    0.047    0.047    0.047    0.047    0.047    0.047    0.047    0.047    0.047    0.047    0.047    
CWS mAP_test
0.356    0.356    0.356    0.356    0.356    0.356    0.356    0.356    0.356    0.356    0.356    0.356    0.356    0.356    0.356    0.356    0.356    0.356    0.356    0.356    
CWS std_mAP_test
0.054    0.054    0.054    0.054    0.054    0.054    0.054    0.054    0.054    0.054    0.054    0.054    0.054    0.054    0.054    0.054    0.054    0.054    0.054    0.054    
CWS time
97.883   97.883   97.883   97.883   97.883   97.883   97.883   97.883   97.883   97.883   97.883   97.883   97.883   97.883   97.883   97.883   97.883   97.883   97.883   97.883   
CWS std_time
1.989    1.989    1.989    1.989    1.989    1.989    1.989    1.989    1.989    1.989    1.989    1.989    1.989    1.989    1.989    1.989    1.989    1.989    1.989    1.989    
CWAS que
0.001    0.002    0.002    0.003    0.005    0.007    0.011    0.018    0.027    0.043    0.071    0.106    0.166    0.252    0.370    0.496    0.637    0.758    0.849    0.910    
CWAS std_que
0.000    0.000    0.000    0.000    0.001    0.000    0.001    0.001    0.004    0.004    0.006    0.008    0.014    0.019    0.018    0.023    0.027    0.019    0.011    0.008    
CWAS AP_train
0.363    0.429    0.485    0.482    0.536    0.519    0.569    0.570    0.583    0.601    0.627    0.669    0.696    0.735    0.753    0.777    0.794    0.798    0.798    0.804    
CWAS std_AP_train
0.104    0.070    0.072    0.074    0.049    0.052    0.046    0.035    0.037    0.032    0.038    0.033    0.033    0.032    0.028    0.032    0.037    0.031    0.032    0.031    
CWAS mAP_train
0.294    0.332    0.379    0.362    0.414    0.406    0.456    0.452    0.448    0.470    0.496    0.547    0.577    0.624    0.647    0.682    0.704    0.712    0.714    0.717    
CWAS std_mAP_train
0.088    0.053    0.081    0.079    0.054    0.049    0.057    0.040    0.052    0.039    0.047    0.038    0.044    0.047    0.039    0.051    0.051    0.044    0.043    0.045    
CWAS AP_test
0.339    0.424    0.441    0.432    0.492    0.441    0.501    0.485    0.489    0.479    0.458    0.479    0.462    0.485    0.477    0.493    0.486    0.485    0.494    0.485    
CWAS std_AP_test
0.094    0.065    0.066    0.087    0.058    0.065    0.039    0.025    0.055    0.062    0.046    0.051    0.038    0.040    0.036    0.037    0.035    0.031    0.040    0.030    
CWAS mAP_test
0.275    0.323    0.339    0.326    0.385    0.323    0.389    0.364    0.363    0.342    0.314    0.340    0.315    0.341    0.336    0.354    0.343    0.343    0.350    0.339    
CWAS std_mAP_test
0.084    0.051    0.051    0.087    0.066    0.080    0.047    0.032    0.062    0.068    0.053    0.059    0.039    0.047    0.039    0.044    0.039    0.036    0.044    0.035    
CWAS time
75.687   75.723   75.685   75.706   75.911   76.179   76.643   77.278   78.084   79.375   81.400   83.206   86.036   88.248   91.105   92.843   94.574   96.101   96.756   96.885   
CWAS std_time
0.056    0.064    0.157    0.040    0.079    0.047    0.164    0.172    0.418    0.427    0.613    0.703    1.001    1.508    1.174    1.521    1.956    2.212    1.901    2.074    
CWAS_Adap que
0.130    0.129    0.132    0.131    0.136    0.136    0.141    0.147    0.159    0.172    0.199    0.236    0.301    0.383    0.489    0.603    0.713    0.809    0.882    0.929    
CWAS_Adap std_que
0.008    0.007    0.007    0.008    0.006    0.007    0.007    0.010    0.009    0.012    0.014    0.013    0.021    0.029    0.026    0.023    0.025    0.020    0.013    0.008    
CWAS_Adap AP_train
0.739    0.736    0.740    0.747    0.733    0.749    0.747    0.749    0.755    0.754    0.760    0.768    0.776    0.788    0.799    0.804    0.803    0.798    0.808    0.804    
CWAS_Adap std_AP_train
0.041    0.044    0.039    0.044    0.039    0.034    0.039    0.034    0.040    0.029    0.035    0.039    0.036    0.034    0.037    0.036    0.035    0.033    0.030    0.036    
CWAS_Adap mAP_train
0.628    0.624    0.634    0.642    0.622    0.644    0.639    0.643    0.650    0.653    0.655    0.666    0.674    0.694    0.709    0.721    0.716    0.712    0.723    0.719    
CWAS_Adap std_mAP_train
0.057    0.064    0.049    0.064    0.051    0.049    0.055    0.044    0.056    0.043    0.048    0.050    0.052    0.051    0.055    0.051    0.050    0.047    0.042    0.048    
CWAS_Adap AP_test
0.489    0.483    0.484    0.493    0.485    0.493    0.493    0.488    0.488    0.489    0.491    0.480    0.484    0.493    0.496    0.500    0.495    0.492    0.497    0.486    
CWAS_Adap std_AP_test
0.042    0.049    0.052    0.044    0.046    0.043    0.032    0.035    0.041    0.038    0.037    0.034    0.029    0.038    0.031    0.032    0.037    0.046    0.033    0.037    
CWAS_Adap mAP_test
0.348    0.344    0.342    0.354    0.349    0.354    0.349    0.347    0.347    0.348    0.351    0.339    0.336    0.354    0.358    0.364    0.352    0.351    0.351    0.342    
CWAS_Adap std_mAP_test
0.049    0.057    0.060    0.049    0.054    0.047    0.034    0.033    0.044    0.044    0.036    0.040    0.031    0.045    0.033    0.032    0.043    0.053    0.033    0.044    
CWAS_Adap time
87.419   87.493   87.486   87.307   87.603   87.724   87.842   88.179   88.477   88.719   89.589   90.554   92.384   93.004   94.254   95.306   96.073   96.365   96.950   97.338   
CWAS_Adap std_time
0.523    0.576    0.795    0.770    0.506    0.771    0.774    0.965    0.843    0.918    1.108    1.182    1.716    1.690    1.915    2.047    1.949    2.101    2.558    2.329    
CWRS que
0.129    0.130    0.132    0.131    0.135    0.136    0.140    0.148    0.158    0.174    0.200    0.236    0.302    0.381    0.490    0.605    0.712    0.810    0.884    0.930    
CWRS std_que
0.008    0.007    0.008    0.008    0.006    0.007    0.009    0.011    0.008    0.011    0.015    0.012    0.022    0.028    0.025    0.024    0.025    0.020    0.013    0.008    
CWRS AP_train
0.592    0.598    0.594    0.589    0.594    0.611    0.593    0.601    0.607    0.626    0.633    0.642    0.676    0.703    0.733    0.749    0.774    0.784    0.797    0.791    
CWRS std_AP_train
0.046    0.048    0.043    0.049    0.034    0.037    0.031    0.050    0.043    0.034    0.040    0.028    0.034    0.034    0.036    0.033    0.031    0.034    0.032    0.036    
CWRS mAP_train
0.462    0.455    0.453    0.450    0.461    0.475    0.455    0.468    0.471    0.495    0.502    0.513    0.556    0.588    0.627    0.649    0.678    0.691    0.712    0.700    
CWRS std_mAP_train
0.058    0.064    0.050    0.061    0.045    0.046    0.037    0.066    0.058    0.045    0.047    0.035    0.047    0.049    0.048    0.041    0.044    0.050    0.043    0.052    
CWRS AP_test
0.427    0.435    0.436    0.449    0.438    0.444    0.434    0.442    0.445    0.463    0.455    0.443    0.464    0.469    0.478    0.481    0.484    0.489    0.497    0.491    
CWRS std_AP_test
0.052    0.048    0.042    0.042    0.040    0.039    0.039    0.042    0.039    0.043    0.035    0.040    0.054    0.043    0.044    0.032    0.040    0.033    0.037    0.034    
CWRS mAP_test
0.288    0.295    0.293    0.308    0.296    0.303    0.300    0.294    0.299    0.321    0.308    0.306    0.321    0.322    0.338    0.341    0.345    0.345    0.357    0.348    
CWRS std_mAP_test
0.052    0.063    0.043    0.048    0.044    0.039    0.044    0.047    0.049    0.046    0.039    0.042    0.063    0.050    0.055    0.040    0.041    0.037    0.043    0.038    
CWRS time
80.162   80.172   80.135   79.901   80.059   80.046   80.300   80.606   80.873   81.041   81.977   83.123   84.391   86.248   88.491   90.781   92.689   94.385   95.645   96.510   
CWRS std_time
0.450    0.467    0.731    0.424    0.588    0.449    0.574    0.827    0.579    0.802    1.131    0.641    1.137    1.630    1.811    1.709    2.188    2.003    1.807    1.940    
AROMA que
1.000    1.000    1.000    1.000    1.000    1.000    1.000    1.000    1.000    1.000    1.000    1.000    1.000    1.000    1.000    1.000    1.000    1.000    1.000    1.000    
AROMA std_que
0.000    0.000    0.000    0.000    0.000    0.000    0.000    0.000    0.000    0.000    0.000    0.000    0.000    0.000    0.000    0.000    0.000    0.000    0.000    0.000    
AROMA AP_train
0.870    0.870    0.870    0.870    0.870    0.870    0.870    0.870    0.870    0.870    0.870    0.870    0.870    0.870    0.870    0.870    0.870    0.870    0.870    0.870    
AROMA std_AP_train
0.033    0.033    0.033    0.033    0.033    0.033    0.033    0.033    0.033    0.033    0.033    0.033    0.033    0.033    0.033    0.033    0.033    0.033    0.033    0.033    
AROMA mAP_train
0.808    0.808    0.808    0.808    0.808    0.808    0.808    0.808    0.808    0.808    0.808    0.808    0.808    0.808    0.808    0.808    0.808    0.808    0.808    0.808    
AROMA std_mAP_train
0.050    0.050    0.050    0.050    0.050    0.050    0.050    0.050    0.050    0.050    0.050    0.050    0.050    0.050    0.050    0.050    0.050    0.050    0.050    0.050    
AROMA AP_test
0.506    0.506    0.506    0.506    0.506    0.506    0.506    0.506    0.506    0.506    0.506    0.506    0.506    0.506    0.506    0.506    0.506    0.506    0.506    0.506    
AROMA std_AP_test
0.035    0.035    0.035    0.035    0.035    0.035    0.035    0.035    0.035    0.035    0.035    0.035    0.035    0.035    0.035    0.035    0.035    0.035    0.035    0.035    
AROMA mAP_test
0.371    0.371    0.371    0.371    0.371    0.371    0.371    0.371    0.371    0.371    0.371    0.371    0.371    0.371    0.371    0.371    0.371    0.371    0.371    0.371    
AROMA std_mAP_test
0.038    0.038    0.038    0.038    0.038    0.038    0.038    0.038    0.038    0.038    0.038    0.038    0.038    0.038    0.038    0.038    0.038    0.038    0.038    0.038    
AROMA time
64.595   64.595   64.595   64.595   64.595   64.595   64.595   64.595   64.595   64.595   64.595   64.595   64.595   64.595   64.595   64.595   64.595   64.595   64.595   64.595   
AROMA std_time
3.945    3.945    3.945    3.945    3.945    3.945    3.945    3.945    3.945    3.945    3.945    3.945    3.945    3.945    3.945    3.945    3.945    3.945    3.945    3.945    
