OASIS que
1.000    1.000    1.000    1.000    1.000    1.000    1.000    1.000    1.000    1.000    1.000    1.000    1.000    1.000    1.000    1.000    1.000    1.000    1.000    1.000    
OASIS std_que
0.000    0.000    0.000    0.000    0.000    0.000    0.000    0.000    0.000    0.000    0.000    0.000    0.000    0.000    0.000    0.000    0.000    0.000    0.000    0.000    
OASIS AP_train
0.802    0.802    0.802    0.802    0.802    0.802    0.802    0.802    0.802    0.802    0.802    0.802    0.802    0.802    0.802    0.802    0.802    0.802    0.802    0.802    
OASIS std_AP_train
0.036    0.036    0.036    0.036    0.036    0.036    0.036    0.036    0.036    0.036    0.036    0.036    0.036    0.036    0.036    0.036    0.036    0.036    0.036    0.036    
OASIS mAP_train
0.750    0.750    0.750    0.750    0.750    0.750    0.750    0.750    0.750    0.750    0.750    0.750    0.750    0.750    0.750    0.750    0.750    0.750    0.750    0.750    
OASIS std_mAP_train
0.044    0.044    0.044    0.044    0.044    0.044    0.044    0.044    0.044    0.044    0.044    0.044    0.044    0.044    0.044    0.044    0.044    0.044    0.044    0.044    
OASIS AP_test
0.797    0.797    0.797    0.797    0.797    0.797    0.797    0.797    0.797    0.797    0.797    0.797    0.797    0.797    0.797    0.797    0.797    0.797    0.797    0.797    
OASIS std_AP_test
0.044    0.044    0.044    0.044    0.044    0.044    0.044    0.044    0.044    0.044    0.044    0.044    0.044    0.044    0.044    0.044    0.044    0.044    0.044    0.044    
OASIS mAP_test
0.740    0.740    0.740    0.740    0.740    0.740    0.740    0.740    0.740    0.740    0.740    0.740    0.740    0.740    0.740    0.740    0.740    0.740    0.740    0.740    
OASIS std_mAP_test
0.060    0.060    0.060    0.060    0.060    0.060    0.060    0.060    0.060    0.060    0.060    0.060    0.060    0.060    0.060    0.060    0.060    0.060    0.060    0.060    
OASIS time
0.103    0.103    0.103    0.103    0.103    0.103    0.103    0.103    0.103    0.103    0.103    0.103    0.103    0.103    0.103    0.103    0.103    0.103    0.103    0.103    
OASIS std_time
0.001    0.001    0.001    0.001    0.001    0.001    0.001    0.001    0.001    0.001    0.001    0.001    0.001    0.001    0.001    0.001    0.001    0.001    0.001    0.001    
PAAS que
0.007    0.011    0.016    0.024    0.035    0.050    0.071    0.101    0.142    0.199    0.275    0.372    0.485    0.605    0.719    0.817    0.888    0.934    0.964    0.979    
PAAS std_que
0.000    0.001    0.001    0.001    0.001    0.001    0.002    0.003    0.004    0.005    0.008    0.011    0.014    0.015    0.013    0.010    0.008    0.005    0.003    0.002    
PAAS AP_train
0.594    0.612    0.638    0.670    0.707    0.726    0.749    0.759    0.780    0.775    0.794    0.804    0.799    0.804    0.803    0.803    0.803    0.805    0.802    0.802    
PAAS std_AP_train
0.035    0.073    0.061    0.032    0.052    0.037    0.038    0.045    0.041    0.038    0.033    0.032    0.034    0.036    0.037    0.036    0.035    0.034    0.035    0.036    
PAAS mAP_train
0.517    0.537    0.556    0.595    0.640    0.668    0.693    0.703    0.733    0.720    0.739    0.751    0.748    0.753    0.752    0.751    0.751    0.753    0.748    0.749    
PAAS std_mAP_train
0.046    0.088    0.077    0.038    0.060    0.039    0.042    0.051    0.047    0.046    0.039    0.040    0.041    0.042    0.043    0.045    0.044    0.042    0.042    0.044    
PAAS AP_test
0.591    0.611    0.622    0.667    0.716    0.727    0.758    0.773    0.782    0.771    0.788    0.803    0.793    0.793    0.793    0.795    0.795    0.799    0.797    0.797    
PAAS std_AP_test
0.040    0.075    0.075    0.048    0.046    0.044    0.031    0.038    0.020    0.035    0.020    0.026    0.040    0.038    0.036    0.044    0.043    0.041    0.042    0.044    
PAAS mAP_test
0.530    0.539    0.552    0.608    0.659    0.673    0.705    0.724    0.732    0.718    0.733    0.750    0.740    0.737    0.738    0.739    0.739    0.742    0.740    0.740    
PAAS std_mAP_test
0.047    0.093    0.085    0.051    0.052    0.043    0.035    0.049    0.027    0.048    0.030    0.034    0.060    0.055    0.050    0.062    0.060    0.058    0.058    0.060    
PAAS time
0.054    0.057    0.057    0.058    0.059    0.060    0.062    0.064    0.067    0.071    0.075    0.080    0.085    0.090    0.094    0.097    0.100    0.101    0.102    0.102    
PAAS std_time
0.000    0.000    0.000    0.000    0.000    0.000    0.000    0.000    0.000    0.001    0.001    0.001    0.001    0.002    0.002    0.002    0.002    0.002    0.002    0.001    
PARS que
0.007    0.011    0.016    0.024    0.035    0.050    0.071    0.100    0.142    0.200    0.275    0.372    0.485    0.603    0.718    0.817    0.887    0.934    0.964    0.979    
PARS std_que
0.001    0.001    0.001    0.002    0.001    0.002    0.003    0.003    0.005    0.005    0.008    0.011    0.016    0.015    0.015    0.010    0.008    0.006    0.003    0.002    
PARS AP_train
0.525    0.575    0.575    0.600    0.620    0.667    0.680    0.705    0.714    0.736    0.761    0.772    0.776    0.785    0.790    0.795    0.802    0.801    0.803    0.800    
PARS std_AP_train
0.044    0.063    0.057    0.025    0.030    0.033    0.048    0.037    0.037    0.030    0.036    0.030    0.028    0.042    0.035    0.030    0.036    0.038    0.034    0.036    
PARS mAP_train
0.450    0.495    0.493    0.521    0.531    0.594    0.608    0.640    0.647    0.675    0.701    0.713    0.720    0.732    0.731    0.742    0.750    0.747    0.748    0.747    
PARS std_mAP_train
0.044    0.078    0.060    0.027    0.038    0.036    0.058    0.043    0.043    0.030    0.042    0.033    0.036    0.049    0.048    0.037    0.044    0.044    0.040    0.044    
PARS AP_test
0.537    0.575    0.580    0.601    0.630    0.672    0.704    0.708    0.725    0.751    0.764    0.774    0.781    0.790    0.781    0.786    0.792    0.794    0.798    0.796    
PARS std_AP_test
0.056    0.081    0.055    0.032    0.033    0.032    0.037    0.043    0.031    0.032    0.026    0.029    0.032    0.037    0.034    0.039    0.040    0.038    0.037    0.041    
PARS mAP_test
0.472    0.507    0.512    0.536    0.564    0.614    0.640    0.655    0.663    0.698    0.712    0.717    0.728    0.736    0.723    0.728    0.737    0.739    0.742    0.740    
PARS std_mAP_test
0.064    0.084    0.047    0.035    0.042    0.037    0.048    0.042    0.037    0.043    0.034    0.041    0.044    0.053    0.048    0.055    0.057    0.052    0.052    0.058    
PARS time
0.054    0.055    0.055    0.056    0.056    0.057    0.058    0.060    0.062    0.065    0.068    0.073    0.078    0.084    0.089    0.093    0.096    0.098    0.100    0.100    
PARS std_time
0.000    0.000    0.000    0.000    0.000    0.000    0.000    0.000    0.000    0.001    0.001    0.001    0.001    0.002    0.002    0.002    0.002    0.002    0.002    0.001    
CWS que
1.000    1.000    1.000    1.000    1.000    1.000    1.000    1.000    1.000    1.000    1.000    1.000    1.000    1.000    1.000    1.000    1.000    1.000    1.000    1.000    
CWS std_que
0.000    0.000    0.000    0.000    0.000    0.000    0.000    0.000    0.000    0.000    0.000    0.000    0.000    0.000    0.000    0.000    0.000    0.000    0.000    0.000    
CWS AP_train
0.826    0.826    0.826    0.826    0.826    0.826    0.826    0.826    0.826    0.826    0.826    0.826    0.826    0.826    0.826    0.826    0.826    0.826    0.826    0.826    
CWS std_AP_train
0.026    0.026    0.026    0.026    0.026    0.026    0.026    0.026    0.026    0.026    0.026    0.026    0.026    0.026    0.026    0.026    0.026    0.026    0.026    0.026    
CWS mAP_train
0.788    0.788    0.788    0.788    0.788    0.788    0.788    0.788    0.788    0.788    0.788    0.788    0.788    0.788    0.788    0.788    0.788    0.788    0.788    0.788    
CWS std_mAP_train
0.030    0.030    0.030    0.030    0.030    0.030    0.030    0.030    0.030    0.030    0.030    0.030    0.030    0.030    0.030    0.030    0.030    0.030    0.030    0.030    
CWS AP_test
0.831    0.831    0.831    0.831    0.831    0.831    0.831    0.831    0.831    0.831    0.831    0.831    0.831    0.831    0.831    0.831    0.831    0.831    0.831    0.831    
CWS std_AP_test
0.022    0.022    0.022    0.022    0.022    0.022    0.022    0.022    0.022    0.022    0.022    0.022    0.022    0.022    0.022    0.022    0.022    0.022    0.022    0.022    
CWS mAP_test
0.791    0.791    0.791    0.791    0.791    0.791    0.791    0.791    0.791    0.791    0.791    0.791    0.791    0.791    0.791    0.791    0.791    0.791    0.791    0.791    
CWS std_mAP_test
0.029    0.029    0.029    0.029    0.029    0.029    0.029    0.029    0.029    0.029    0.029    0.029    0.029    0.029    0.029    0.029    0.029    0.029    0.029    0.029    
CWS time
14.177   14.177   14.177   14.177   14.177   14.177   14.177   14.177   14.177   14.177   14.177   14.177   14.177   14.177   14.177   14.177   14.177   14.177   14.177   14.177   
CWS std_time
0.331    0.331    0.331    0.331    0.331    0.331    0.331    0.331    0.331    0.331    0.331    0.331    0.331    0.331    0.331    0.331    0.331    0.331    0.331    0.331    
CWAS que
0.012    0.017    0.025    0.035    0.049    0.069    0.097    0.134    0.184    0.251    0.335    0.439    0.555    0.673    0.776    0.859    0.916    0.952    0.973    0.985    
CWAS std_que
0.001    0.001    0.001    0.002    0.001    0.003    0.003    0.004    0.006    0.008    0.008    0.010    0.011    0.011    0.009    0.006    0.005    0.003    0.001    0.001    
CWAS AP_train
0.716    0.743    0.777    0.777    0.793    0.808    0.813    0.819    0.822    0.823    0.824    0.826    0.824    0.825    0.825    0.826    0.826    0.826    0.826    0.826    
CWAS std_AP_train
0.046    0.031    0.031    0.033    0.035    0.020    0.026    0.026    0.024    0.028    0.026    0.025    0.026    0.027    0.026    0.025    0.026    0.026    0.026    0.026    
CWAS mAP_train
0.648    0.669    0.725    0.722    0.743    0.764    0.771    0.777    0.781    0.783    0.784    0.786    0.786    0.788    0.787    0.789    0.789    0.789    0.789    0.788    
CWAS std_mAP_train
0.055    0.033    0.037    0.038    0.043    0.023    0.030    0.030    0.028    0.032    0.031    0.028    0.031    0.032    0.031    0.029    0.031    0.031    0.031    0.031    
CWAS AP_test
0.724    0.747    0.773    0.785    0.797    0.813    0.816    0.829    0.827    0.832    0.828    0.830    0.830    0.830    0.829    0.830    0.830    0.830    0.830    0.831    
CWAS std_AP_test
0.040    0.030    0.022    0.021    0.021    0.021    0.019    0.015    0.021    0.019    0.022    0.023    0.019    0.022    0.023    0.022    0.022    0.023    0.023    0.022    
CWAS mAP_test
0.661    0.676    0.718    0.733    0.747    0.769    0.775    0.791    0.788    0.795    0.788    0.789    0.790    0.790    0.789    0.790    0.791    0.790    0.790    0.791    
CWAS std_mAP_test
0.048    0.048    0.029    0.028    0.036    0.033    0.027    0.024    0.031    0.027    0.031    0.033    0.026    0.029    0.030    0.029    0.029    0.030    0.030    0.029    
CWAS time
8.433    8.539    8.675    8.846    9.095    9.406    9.830    10.321   10.911   11.552   12.191   12.793   13.289   13.657   13.863   14.014   14.084   14.127   14.150   14.171   
CWAS std_time
0.016    0.022    0.016    0.034    0.027    0.049    0.056    0.083    0.127    0.162    0.198    0.240    0.263    0.312    0.322    0.323    0.334    0.334    0.330    0.334    
CWAS_Adap que
0.038    0.041    0.045    0.053    0.064    0.080    0.106    0.141    0.189    0.252    0.340    0.442    0.556    0.674    0.780    0.860    0.916    0.953    0.973    0.985    
CWAS_Adap std_que
0.001    0.002    0.002    0.002    0.002    0.003    0.003    0.005    0.006    0.008    0.009    0.011    0.009    0.011    0.007    0.006    0.004    0.003    0.002    0.001    
CWAS_Adap AP_train
0.810    0.809    0.798    0.810    0.813    0.814    0.819    0.818    0.823    0.822    0.822    0.825    0.826    0.825    0.825    0.824    0.825    0.826    0.826    0.825    
CWAS_Adap std_AP_train
0.040    0.034    0.027    0.025    0.026    0.024    0.025    0.028    0.025    0.027    0.025    0.026    0.025    0.026    0.025    0.026    0.026    0.026    0.026    0.026    
CWAS_Adap mAP_train
0.760    0.756    0.740    0.761    0.767    0.770    0.778    0.776    0.783    0.783    0.782    0.786    0.788    0.788    0.787    0.786    0.788    0.788    0.789    0.788    
CWAS_Adap std_mAP_train
0.047    0.046    0.038    0.028    0.029    0.028    0.028    0.033    0.029    0.033    0.031    0.030    0.027    0.030    0.031    0.031    0.031    0.031    0.030    0.030    
CWAS_Adap AP_test
0.803    0.798    0.797    0.805    0.812    0.818    0.825    0.825    0.828    0.828    0.827    0.828    0.827    0.830    0.831    0.829    0.831    0.830    0.831    0.830    
CWAS_Adap std_AP_test
0.020    0.036    0.024    0.019    0.020    0.016    0.017    0.017    0.020    0.019    0.022    0.022    0.023    0.023    0.023    0.022    0.022    0.022    0.022    0.022    
CWAS_Adap mAP_test
0.753    0.746    0.743    0.757    0.766    0.773    0.786    0.784    0.788    0.789    0.785    0.789    0.786    0.791    0.791    0.789    0.791    0.790    0.791    0.790    
CWAS_Adap std_mAP_test
0.031    0.050    0.036    0.028    0.031    0.026    0.027    0.027    0.030    0.027    0.031    0.030    0.031    0.029    0.029    0.029    0.028    0.029    0.029    0.029    
CWAS_Adap time
8.919    8.979    9.049    9.182    9.368    9.617    9.988    10.427   10.975   11.584   12.255   12.830   13.283   13.647   13.885   14.009   14.094   14.132   14.152   14.173   
CWAS_Adap std_time
0.024    0.044    0.033    0.039    0.039    0.066    0.060    0.090    0.123    0.139    0.195    0.252    0.253    0.293    0.316    0.325    0.326    0.332    0.333    0.336    
CWRS que
0.037    0.041    0.045    0.053    0.064    0.080    0.107    0.139    0.188    0.252    0.341    0.442    0.557    0.675    0.781    0.860    0.916    0.952    0.973    0.985    
CWRS std_que
0.002    0.003    0.002    0.003    0.002    0.003    0.004    0.006    0.007    0.008    0.009    0.012    0.009    0.010    0.008    0.006    0.005    0.003    0.002    0.002    
CWRS AP_train
0.690    0.673    0.686    0.705    0.725    0.712    0.745    0.756    0.774    0.785    0.792    0.800    0.808    0.815    0.820    0.821    0.823    0.826    0.825    0.826    
CWRS std_AP_train
0.031    0.033    0.045    0.022    0.030    0.043    0.037    0.037    0.028    0.032    0.028    0.027    0.026    0.025    0.026    0.024    0.024    0.026    0.025    0.026    
CWRS mAP_train
0.618    0.599    0.620    0.643    0.659    0.652    0.688    0.702    0.716    0.735    0.741    0.755    0.766    0.775    0.780    0.783    0.786    0.788    0.787    0.788    
CWRS std_mAP_train
0.034    0.026    0.045    0.025    0.030    0.046    0.046    0.040    0.033    0.032    0.038    0.031    0.031    0.029    0.029    0.029    0.027    0.031    0.030    0.030    
CWRS AP_test
0.692    0.679    0.691    0.711    0.724    0.729    0.770    0.778    0.785    0.795    0.800    0.815    0.820    0.824    0.826    0.828    0.828    0.829    0.830    0.830    
CWRS std_AP_test
0.038    0.035    0.042    0.029    0.039    0.040    0.037    0.026    0.019    0.028    0.024    0.023    0.023    0.025    0.025    0.024    0.022    0.023    0.023    0.024    
CWRS mAP_test
0.634    0.614    0.631    0.656    0.671    0.679    0.724    0.733    0.737    0.755    0.756    0.776    0.778    0.785    0.786    0.787    0.787    0.789    0.790    0.790    
CWRS std_mAP_test
0.039    0.033    0.046    0.033    0.047    0.038    0.047    0.030    0.026    0.030    0.029    0.027    0.032    0.031    0.031    0.031    0.031    0.030    0.030    0.030    
CWRS time
8.641    8.680    8.713    8.774    8.874    8.999    9.205    9.425    9.782    10.176   10.714   11.294   11.922   12.553   13.096   13.502   13.776   13.948   14.054   14.113   
CWRS std_time
0.028    0.033    0.022    0.040    0.030    0.030    0.044    0.080    0.104    0.120    0.160    0.207    0.245    0.287    0.291    0.320    0.347    0.333    0.331    0.347    
AROMA que
1.000    1.000    1.000    1.000    1.000    1.000    1.000    1.000    1.000    1.000    1.000    1.000    1.000    1.000    1.000    1.000    1.000    1.000    1.000    1.000    
AROMA std_que
0.000    0.000    0.000    0.000    0.000    0.000    0.000    0.000    0.000    0.000    0.000    0.000    0.000    0.000    0.000    0.000    0.000    0.000    0.000    0.000    
AROMA AP_train
0.836    0.836    0.836    0.836    0.836    0.836    0.836    0.836    0.836    0.836    0.836    0.836    0.836    0.836    0.836    0.836    0.836    0.836    0.836    0.836    
AROMA std_AP_train
0.026    0.026    0.026    0.026    0.026    0.026    0.026    0.026    0.026    0.026    0.026    0.026    0.026    0.026    0.026    0.026    0.026    0.026    0.026    0.026    
AROMA mAP_train
0.798    0.798    0.798    0.798    0.798    0.798    0.798    0.798    0.798    0.798    0.798    0.798    0.798    0.798    0.798    0.798    0.798    0.798    0.798    0.798    
AROMA std_mAP_train
0.032    0.032    0.032    0.032    0.032    0.032    0.032    0.032    0.032    0.032    0.032    0.032    0.032    0.032    0.032    0.032    0.032    0.032    0.032    0.032    
AROMA AP_test
0.828    0.828    0.828    0.828    0.828    0.828    0.828    0.828    0.828    0.828    0.828    0.828    0.828    0.828    0.828    0.828    0.828    0.828    0.828    0.828    
AROMA std_AP_test
0.018    0.018    0.018    0.018    0.018    0.018    0.018    0.018    0.018    0.018    0.018    0.018    0.018    0.018    0.018    0.018    0.018    0.018    0.018    0.018    
AROMA mAP_test
0.781    0.781    0.781    0.781    0.781    0.781    0.781    0.781    0.781    0.781    0.781    0.781    0.781    0.781    0.781    0.781    0.781    0.781    0.781    0.781    
AROMA std_mAP_test
0.027    0.027    0.027    0.027    0.027    0.027    0.027    0.027    0.027    0.027    0.027    0.027    0.027    0.027    0.027    0.027    0.027    0.027    0.027    0.027    
AROMA time
9.816    9.816    9.816    9.816    9.816    9.816    9.816    9.816    9.816    9.816    9.816    9.816    9.816    9.816    9.816    9.816    9.816    9.816    9.816    9.816    
AROMA std_time
0.527    0.527    0.527    0.527    0.527    0.527    0.527    0.527    0.527    0.527    0.527    0.527    0.527    0.527    0.527    0.527    0.527    0.527    0.527    0.527    
