OASIS que
1.000    1.000    1.000    1.000    1.000    1.000    1.000    1.000    1.000    1.000    1.000    1.000    1.000    1.000    1.000    1.000    1.000    1.000    1.000    1.000    
OASIS std_que
0.000    0.000    0.000    0.000    0.000    0.000    0.000    0.000    0.000    0.000    0.000    0.000    0.000    0.000    0.000    0.000    0.000    0.000    0.000    0.000    
OASIS AP_train
0.404    0.404    0.404    0.404    0.404    0.404    0.404    0.404    0.404    0.404    0.404    0.404    0.404    0.404    0.404    0.404    0.404    0.404    0.404    0.404    
OASIS std_AP_train
0.040    0.040    0.040    0.040    0.040    0.040    0.040    0.040    0.040    0.040    0.040    0.040    0.040    0.040    0.040    0.040    0.040    0.040    0.040    0.040    
OASIS mAP_train
0.323    0.323    0.323    0.323    0.323    0.323    0.323    0.323    0.323    0.323    0.323    0.323    0.323    0.323    0.323    0.323    0.323    0.323    0.323    0.323    
OASIS std_mAP_train
0.052    0.052    0.052    0.052    0.052    0.052    0.052    0.052    0.052    0.052    0.052    0.052    0.052    0.052    0.052    0.052    0.052    0.052    0.052    0.052    
OASIS AP_test
0.418    0.418    0.418    0.418    0.418    0.418    0.418    0.418    0.418    0.418    0.418    0.418    0.418    0.418    0.418    0.418    0.418    0.418    0.418    0.418    
OASIS std_AP_test
0.065    0.065    0.065    0.065    0.065    0.065    0.065    0.065    0.065    0.065    0.065    0.065    0.065    0.065    0.065    0.065    0.065    0.065    0.065    0.065    
OASIS mAP_test
0.358    0.358    0.358    0.358    0.358    0.358    0.358    0.358    0.358    0.358    0.358    0.358    0.358    0.358    0.358    0.358    0.358    0.358    0.358    0.358    
OASIS std_mAP_test
0.076    0.076    0.076    0.076    0.076    0.076    0.076    0.076    0.076    0.076    0.076    0.076    0.076    0.076    0.076    0.076    0.076    0.076    0.076    0.076    
OASIS time
0.005    0.005    0.005    0.005    0.005    0.005    0.005    0.005    0.005    0.005    0.005    0.005    0.005    0.005    0.005    0.005    0.005    0.005    0.005    0.005    
OASIS std_time
0.000    0.000    0.000    0.000    0.000    0.000    0.000    0.000    0.000    0.000    0.000    0.000    0.000    0.000    0.000    0.000    0.000    0.000    0.000    0.000    
PAAS que
0.005    0.007    0.011    0.015    0.025    0.039    0.057    0.087    0.127    0.196    0.283    0.395    0.535    0.663    0.776    0.862    0.919    0.955    0.975    0.986    
PAAS std_que
0.001    0.002    0.002    0.002    0.004    0.004    0.007    0.006    0.006    0.005    0.009    0.017    0.018    0.016    0.016    0.012    0.008    0.004    0.002    0.002    
PAAS AP_train
0.188    0.257    0.294    0.283    0.277    0.336    0.353    0.349    0.412    0.357    0.382    0.370    0.384    0.359    0.399    0.397    0.397    0.398    0.400    0.404    
PAAS std_AP_train
0.067    0.069    0.062    0.082    0.056    0.078    0.064    0.055    0.056    0.066    0.044    0.063    0.025    0.040    0.029    0.050    0.033    0.039    0.036    0.036    
PAAS mAP_train
0.145    0.180    0.205    0.208    0.197    0.254    0.263    0.270    0.311    0.283    0.293    0.279    0.304    0.290    0.316    0.310    0.315    0.319    0.316    0.321    
PAAS std_mAP_train
0.053    0.043    0.026    0.068    0.042    0.065    0.061    0.040    0.062    0.046    0.047    0.058    0.038    0.046    0.048    0.058    0.046    0.045    0.049    0.049    
PAAS AP_test
0.206    0.222    0.275    0.281    0.257    0.327    0.349    0.340    0.405    0.376    0.381    0.372    0.409    0.405    0.416    0.424    0.408    0.414    0.410    0.418    
PAAS std_AP_test
0.070    0.074    0.057    0.095    0.052    0.088    0.079    0.068    0.085    0.065    0.066    0.083    0.072    0.062    0.061    0.085    0.065    0.061    0.068    0.066    
PAAS mAP_test
0.175    0.156    0.205    0.228    0.193    0.263    0.277    0.272    0.321    0.312    0.315    0.316    0.355    0.352    0.351    0.368    0.353    0.359    0.349    0.358    
PAAS std_mAP_test
0.060    0.061    0.044    0.085    0.049    0.096    0.080    0.067    0.093    0.060    0.080    0.087    0.083    0.067    0.081    0.087    0.069    0.065    0.083    0.078    
PAAS time
0.003    0.003    0.003    0.003    0.003    0.003    0.003    0.003    0.003    0.003    0.004    0.004    0.004    0.005    0.005    0.005    0.005    0.005    0.005    0.005    
PAAS std_time
0.000    0.000    0.000    0.000    0.000    0.000    0.000    0.000    0.000    0.000    0.000    0.000    0.000    0.000    0.000    0.000    0.000    0.000    0.000    0.000    
PARS que
0.004    0.007    0.012    0.014    0.025    0.039    0.056    0.086    0.127    0.193    0.279    0.390    0.537    0.663    0.778    0.864    0.919    0.957    0.974    0.986    
PARS std_que
0.001    0.004    0.003    0.002    0.006    0.006    0.007    0.010    0.005    0.009    0.015    0.020    0.019    0.018    0.017    0.013    0.011    0.006    0.003    0.002    
PARS AP_train
0.276    0.267    0.299    0.265    0.279    0.289    0.306    0.300    0.300    0.266    0.325    0.318    0.394    0.349    0.389    0.384    0.380    0.400    0.395    0.402    
PARS std_AP_train
0.061    0.067    0.069    0.082    0.060    0.039    0.072    0.070    0.106    0.068    0.036    0.053    0.049    0.048    0.055    0.055    0.035    0.039    0.040    0.034    
PARS mAP_train
0.194    0.203    0.211    0.189    0.199    0.204    0.218    0.204    0.218    0.188    0.245    0.236    0.304    0.281    0.309    0.290    0.297    0.317    0.315    0.321    
PARS std_mAP_train
0.060    0.055    0.057    0.084    0.054    0.026    0.060    0.069    0.105    0.059    0.043    0.045    0.038    0.052    0.060    0.061    0.048    0.048    0.051    0.052    
PARS AP_test
0.251    0.252    0.285    0.260    0.283    0.272    0.278    0.280    0.300    0.267    0.335    0.343    0.423    0.387    0.414    0.404    0.395    0.418    0.415    0.416    
PARS std_AP_test
0.065    0.076    0.098    0.124    0.102    0.039    0.069    0.085    0.109    0.069    0.055    0.070    0.073    0.066    0.055    0.093    0.071    0.062    0.066    0.070    
PARS mAP_test
0.190    0.211    0.232    0.218    0.230    0.198    0.203    0.214    0.239    0.215    0.278    0.286    0.358    0.343    0.348    0.343    0.339    0.358    0.353    0.355    
PARS std_mAP_test
0.057    0.063    0.078    0.119    0.088    0.040    0.067    0.075    0.108    0.061    0.069    0.071    0.066    0.067    0.070    0.090    0.081    0.070    0.080    0.084    
PARS time
0.003    0.003    0.003    0.003    0.003    0.003    0.003    0.003    0.003    0.003    0.004    0.004    0.004    0.005    0.005    0.005    0.005    0.005    0.005    0.005    
PARS std_time
0.000    0.000    0.000    0.000    0.000    0.000    0.000    0.000    0.000    0.000    0.000    0.000    0.000    0.000    0.000    0.000    0.000    0.000    0.000    0.000    
CWS que
1.000    1.000    1.000    1.000    1.000    1.000    1.000    1.000    1.000    1.000    1.000    1.000    1.000    1.000    1.000    1.000    1.000    1.000    1.000    1.000    
CWS std_que
0.000    0.000    0.000    0.000    0.000    0.000    0.000    0.000    0.000    0.000    0.000    0.000    0.000    0.000    0.000    0.000    0.000    0.000    0.000    0.000    
CWS AP_train
0.390    0.390    0.390    0.390    0.390    0.390    0.390    0.390    0.390    0.390    0.390    0.390    0.390    0.390    0.390    0.390    0.390    0.390    0.390    0.390    
CWS std_AP_train
0.062    0.062    0.062    0.062    0.062    0.062    0.062    0.062    0.062    0.062    0.062    0.062    0.062    0.062    0.062    0.062    0.062    0.062    0.062    0.062    
CWS mAP_train
0.309    0.309    0.309    0.309    0.309    0.309    0.309    0.309    0.309    0.309    0.309    0.309    0.309    0.309    0.309    0.309    0.309    0.309    0.309    0.309    
CWS std_mAP_train
0.053    0.053    0.053    0.053    0.053    0.053    0.053    0.053    0.053    0.053    0.053    0.053    0.053    0.053    0.053    0.053    0.053    0.053    0.053    0.053    
CWS AP_test
0.435    0.435    0.435    0.435    0.435    0.435    0.435    0.435    0.435    0.435    0.435    0.435    0.435    0.435    0.435    0.435    0.435    0.435    0.435    0.435    
CWS std_AP_test
0.069    0.069    0.069    0.069    0.069    0.069    0.069    0.069    0.069    0.069    0.069    0.069    0.069    0.069    0.069    0.069    0.069    0.069    0.069    0.069    
CWS mAP_test
0.370    0.370    0.370    0.370    0.370    0.370    0.370    0.370    0.370    0.370    0.370    0.370    0.370    0.370    0.370    0.370    0.370    0.370    0.370    0.370    
CWS std_mAP_test
0.072    0.072    0.072    0.072    0.072    0.072    0.072    0.072    0.072    0.072    0.072    0.072    0.072    0.072    0.072    0.072    0.072    0.072    0.072    0.072    
CWS time
0.121    0.121    0.121    0.121    0.121    0.121    0.121    0.121    0.121    0.121    0.121    0.121    0.121    0.121    0.121    0.121    0.121    0.121    0.121    0.121    
CWS std_time
0.003    0.003    0.003    0.003    0.003    0.003    0.003    0.003    0.003    0.003    0.003    0.003    0.003    0.003    0.003    0.003    0.003    0.003    0.003    0.003    
CWAS que
0.001    0.001    0.001    0.001    0.002    0.004    0.007    0.016    0.031    0.069    0.135    0.264    0.453    0.649    0.821    0.923    0.970    0.990    0.996    0.998    
CWAS std_que
0.000    0.000    0.001    0.001    0.001    0.001    0.002    0.003    0.004    0.009    0.013    0.011    0.017    0.018    0.017    0.009    0.004    0.001    0.001    0.000    
CWAS AP_train
0.168    0.174    0.197    0.227    0.189    0.249    0.258    0.286    0.301    0.381    0.366    0.377    0.379    0.372    0.392    0.369    0.408    0.377    0.412    0.393    
CWAS std_AP_train
0.058    0.057    0.065    0.060    0.041    0.059    0.056    0.081    0.064    0.071    0.084    0.090    0.064    0.074    0.055    0.062    0.068    0.044    0.064    0.049    
CWAS mAP_train
0.125    0.124    0.146    0.167    0.137    0.173    0.180    0.211    0.220    0.288    0.269    0.284    0.281    0.286    0.298    0.284    0.331    0.301    0.334    0.319    
CWAS std_mAP_train
0.041    0.046    0.050    0.053    0.050    0.046    0.059    0.062    0.054    0.072    0.087    0.080    0.055    0.077    0.056    0.070    0.065    0.048    0.059    0.043    
CWAS AP_test
0.188    0.190    0.202    0.241    0.203    0.252    0.239    0.295    0.308    0.375    0.385    0.386    0.399    0.392    0.408    0.380    0.437    0.416    0.452    0.438    
CWAS std_AP_test
0.068    0.058    0.062    0.078    0.066    0.059    0.054    0.074    0.059    0.072    0.104    0.080    0.060    0.112    0.074    0.073    0.069    0.036    0.078    0.046    
CWAS mAP_test
0.158    0.152    0.171    0.201    0.172    0.196    0.187    0.251    0.248    0.296    0.313    0.305    0.320    0.331    0.337    0.321    0.384    0.352    0.384    0.374    
CWAS std_mAP_test
0.064    0.054    0.055    0.076    0.067    0.051    0.054    0.062    0.052    0.066    0.107    0.068    0.072    0.113    0.074    0.078    0.075    0.035    0.083    0.046    
CWAS time
0.073    0.073    0.073    0.073    0.074    0.074    0.074    0.075    0.076    0.079    0.083    0.090    0.100    0.109    0.115    0.119    0.121    0.121    0.121    0.121    
CWAS std_time
0.000    0.000    0.000    0.000    0.000    0.000    0.000    0.000    0.000    0.001    0.001    0.001    0.002    0.002    0.003    0.002    0.003    0.002    0.003    0.003    
CWAS_Adap que
0.115    0.116    0.118    0.119    0.121    0.118    0.121    0.123    0.143    0.183    0.262    0.412    0.625    0.805    0.912    0.967    0.988    0.996    0.999    0.999    
CWAS_Adap std_que
0.008    0.008    0.010    0.010    0.009    0.007    0.014    0.010    0.012    0.013    0.024    0.027    0.017    0.022    0.013    0.004    0.003    0.001    0.000    0.001    
CWAS_Adap AP_train
0.389    0.390    0.390    0.378    0.377    0.377    0.392    0.375    0.399    0.381    0.370    0.406    0.425    0.404    0.396    0.388    0.406    0.380    0.395    0.377    
CWAS_Adap std_AP_train
0.043    0.042    0.043    0.051    0.063    0.041    0.043    0.056    0.066    0.043    0.044    0.043    0.039    0.072    0.053    0.053    0.050    0.050    0.070    0.051    
CWAS_Adap mAP_train
0.279    0.285    0.281    0.271    0.278    0.276    0.284    0.270    0.301    0.285    0.280    0.314    0.329    0.323    0.319    0.300    0.321    0.301    0.313    0.300    
CWAS_Adap std_mAP_train
0.050    0.051    0.050    0.056    0.052    0.038    0.046    0.052    0.060    0.035    0.048    0.053    0.031    0.067    0.060    0.059    0.060    0.048    0.058    0.042    
CWAS_Adap AP_test
0.377    0.381    0.382    0.358    0.377    0.354    0.385    0.369    0.408    0.376    0.361    0.425    0.451    0.444    0.444    0.404    0.448    0.420    0.439    0.425    
CWAS_Adap std_AP_test
0.055    0.055    0.056    0.064    0.036    0.043    0.046    0.062    0.065    0.069    0.042    0.039    0.041    0.071    0.068    0.045    0.086    0.069    0.072    0.057    
CWAS_Adap mAP_test
0.297    0.306    0.305    0.276    0.313    0.272    0.302    0.290    0.336    0.302    0.283    0.366    0.372    0.385    0.394    0.340    0.388    0.366    0.367    0.359    
CWAS_Adap std_mAP_test
0.064    0.062    0.062    0.073    0.044    0.044    0.051    0.057    0.059    0.067    0.052    0.054    0.049    0.075    0.074    0.045    0.097    0.071    0.076    0.059    
CWAS_Adap time
0.081    0.082    0.081    0.082    0.082    0.082    0.082    0.082    0.083    0.086    0.090    0.098    0.108    0.115    0.119    0.121    0.121    0.121    0.121    0.121    
CWAS_Adap std_time
0.001    0.001    0.001    0.001    0.001    0.001    0.001    0.001    0.001    0.001    0.002    0.002    0.002    0.003    0.003    0.003    0.003    0.003    0.003    0.003    
CWRS que
0.114    0.119    0.117    0.117    0.120    0.117    0.120    0.118    0.141    0.182    0.258    0.406    0.631    0.807    0.912    0.968    0.987    0.997    0.999    0.999    
CWRS std_que
0.010    0.009    0.010    0.011    0.010    0.008    0.016    0.009    0.011    0.013    0.023    0.027    0.017    0.020    0.014    0.004    0.005    0.002    0.001    0.001    
CWRS AP_train
0.364    0.327    0.289    0.358    0.324    0.330    0.328    0.349    0.315    0.332    0.323    0.335    0.390    0.356    0.370    0.373    0.390    0.357    0.388    0.390    
CWRS std_AP_train
0.047    0.055    0.074    0.048    0.037    0.071    0.058    0.040    0.099    0.055    0.072    0.065    0.057    0.046    0.049    0.030    0.056    0.060    0.066    0.035    
CWRS mAP_train
0.267    0.249    0.207    0.262    0.242    0.242    0.242    0.251    0.225    0.243    0.236    0.238    0.304    0.272    0.291    0.297    0.299    0.271    0.311    0.317    
CWRS std_mAP_train
0.037    0.055    0.068    0.047    0.039    0.062    0.050    0.058    0.081    0.052    0.071    0.051    0.051    0.043    0.044    0.034    0.064    0.064    0.064    0.039    
CWRS AP_test
0.326    0.334    0.296    0.325    0.327    0.344    0.341    0.331    0.294    0.317    0.314    0.342    0.430    0.397    0.406    0.388    0.400    0.391    0.443    0.432    
CWRS std_AP_test
0.080    0.087    0.055    0.069    0.057    0.081    0.075    0.082    0.093    0.058    0.096    0.070    0.076    0.048    0.064    0.030    0.062    0.085    0.075    0.047    
CWRS mAP_test
0.258    0.283    0.231    0.253    0.262    0.280    0.285    0.255    0.233    0.251    0.254    0.277    0.360    0.339    0.357    0.332    0.333    0.337    0.386    0.383    
CWRS std_mAP_test
0.079    0.088    0.048    0.058    0.068    0.076    0.067    0.082    0.078    0.065    0.098    0.067    0.071    0.052    0.061    0.043    0.062    0.090    0.077    0.051    
CWRS time
0.079    0.080    0.079    0.079    0.080    0.080    0.080    0.080    0.081    0.083    0.086    0.093    0.104    0.112    0.117    0.120    0.121    0.121    0.121    0.121    
CWRS std_time
0.001    0.001    0.001    0.001    0.001    0.000    0.001    0.001    0.001    0.001    0.001    0.002    0.002    0.003    0.003    0.002    0.002    0.003    0.003    0.003    
AROMA que
1.000    1.000    1.000    1.000    1.000    1.000    1.000    1.000    1.000    1.000    1.000    1.000    1.000    1.000    1.000    1.000    1.000    1.000    1.000    1.000    
AROMA std_que
0.000    0.000    0.000    0.000    0.000    0.000    0.000    0.000    0.000    0.000    0.000    0.000    0.000    0.000    0.000    0.000    0.000    0.000    0.000    0.000    
AROMA AP_train
0.466    0.466    0.466    0.466    0.466    0.466    0.466    0.466    0.466    0.466    0.466    0.466    0.466    0.466    0.466    0.466    0.466    0.466    0.466    0.466    
AROMA std_AP_train
0.036    0.036    0.036    0.036    0.036    0.036    0.036    0.036    0.036    0.036    0.036    0.036    0.036    0.036    0.036    0.036    0.036    0.036    0.036    0.036    
AROMA mAP_train
0.379    0.379    0.379    0.379    0.379    0.379    0.379    0.379    0.379    0.379    0.379    0.379    0.379    0.379    0.379    0.379    0.379    0.379    0.379    0.379    
AROMA std_mAP_train
0.028    0.028    0.028    0.028    0.028    0.028    0.028    0.028    0.028    0.028    0.028    0.028    0.028    0.028    0.028    0.028    0.028    0.028    0.028    0.028    
AROMA AP_test
0.472    0.472    0.472    0.472    0.472    0.472    0.472    0.472    0.472    0.472    0.472    0.472    0.472    0.472    0.472    0.472    0.472    0.472    0.472    0.472    
AROMA std_AP_test
0.030    0.030    0.030    0.030    0.030    0.030    0.030    0.030    0.030    0.030    0.030    0.030    0.030    0.030    0.030    0.030    0.030    0.030    0.030    0.030    
AROMA mAP_test
0.397    0.397    0.397    0.397    0.397    0.397    0.397    0.397    0.397    0.397    0.397    0.397    0.397    0.397    0.397    0.397    0.397    0.397    0.397    0.397    
AROMA std_mAP_test
0.042    0.042    0.042    0.042    0.042    0.042    0.042    0.042    0.042    0.042    0.042    0.042    0.042    0.042    0.042    0.042    0.042    0.042    0.042    0.042    
AROMA time
0.127    0.127    0.127    0.127    0.127    0.127    0.127    0.127    0.127    0.127    0.127    0.127    0.127    0.127    0.127    0.127    0.127    0.127    0.127    0.127    
AROMA std_time
0.005    0.005    0.005    0.005    0.005    0.005    0.005    0.005    0.005    0.005    0.005    0.005    0.005    0.005    0.005    0.005    0.005    0.005    0.005    0.005    
