OASIS_C	 AP_test
0.001	0.397456	0.397456
0.01	0.649584	0.649584
0.1	0.772544	0.772544
1	0.772912	0.772912
10	0.723056	0.772912
100	0.718352	0.772912
1000	0.718352	0.772912
Best OASIS_C: 	1	 AP_test=0.772912
/******************************************/
AROW_eta 	 AROW_r 	 AP_test
0.001	0.001	0.246992	0.246992
0.001	0.01	0.247328	0.247328
0.001	0.1	0.247312	0.247328
0.001	1	0.248944	0.248944
0.001	10	0.255488	0.255488
0.001	100	0.33032	0.33032
0.001	1000	0.388032	0.388032
0.01	0.001	0.264688	0.388032
0.01	0.01	0.269328	0.388032
0.01	0.1	0.287664	0.388032
0.01	1	0.381056	0.388032
0.01	10	0.565776	0.565776
0.01	100	0.633488	0.633488
0.01	1000	0.647664	0.647664
0.1	0.001	0.58008	0.647664
0.1	0.01	0.591328	0.647664
0.1	0.1	0.638688	0.647664
0.1	1	0.724816	0.724816
0.1	10	0.76104	0.76104
0.1	100	0.77	0.77
0.1	1000	0.771584	0.771584
1	0.001	0.774	0.774
1	0.01	0.775856	0.775856
1	0.1	0.778016	0.778016
1	1	0.780224	0.780224
1	10	0.77376	0.780224
1	100	0.774528	0.780224
1	1000	0.765184	0.780224
10	0.001	0.772368	0.780224
10	0.01	0.761408	0.780224
10	0.1	0.759504	0.780224
10	1	0.726016	0.780224
10	10	0.708768	0.780224
10	100	0.708448	0.780224
10	1000	0.694928	0.780224
100	0.001	0.694592	0.780224
100	0.01	0.705296	0.780224
100	0.1	0.709152	0.780224
100	1	0.664576	0.780224
100	10	0.695664	0.780224
100	100	0.63592	0.780224
100	1000	0.6536	0.780224
1000	0.001	0.701776	0.780224
1000	0.01	0.701456	0.780224
1000	0.1	0.691024	0.780224
1000	1	0.687744	0.780224
1000	10	0.655504	0.780224
1000	100	0.62312	0.780224
1000	1000	0.644592	0.780224
Best AROW_eta=1	 AROW_r=1	 AP_test=0.780224
/******************************************/
 AROWC_r
0.001	0.728048	0.728048
0.01	0.756672	0.756672
0.1	0.788272	0.788272
1	0.784816	0.788272
10	0.767984	0.788272
100	0.665632	0.788272
1000	0.472976	0.788272
Best AROWC_r=0.1	 AP_test=0.788272
/******************************************/
