1 1 1 1 1 1 1 1 1 1 
0.494154 0.494154 0.494154 0.494154 0.494154 0.494154 0.494154 0.494154 0.494154 0.494154 
0.393548 0.393548 0.393548 0.393548 0.393548 0.393548 0.393548 0.393548 0.393548 0.393548 
0.244462 0.244462 0.244462 0.244462 0.244462 0.244462 0.244462 0.244462 0.244462 0.244462 
0.159165 0.159165 0.159165 0.159165 0.159165 0.159165 0.159165 0.159165 0.159165 0.159165 
128.015 128.015 128.015 128.015 128.015 128.015 128.015 128.015 128.015 128.015 
0.0556725 0.098875 0.16932 0.273375 0.420172 0.601133 0.787787 0.915237 0.972228 0.991778 
0.444058 0.466423 0.464885 0.463404 0.474288 0.476404 0.486962 0.492269 0.493327 0.494192 
0.353632 0.371318 0.370099 0.367579 0.378229 0.378101 0.386911 0.391708 0.393089 0.393662 
0.206385 0.215154 0.224923 0.237769 0.242 0.241385 0.245231 0.243 0.244462 0.244231 
0.127479 0.135501 0.145052 0.153435 0.156727 0.156469 0.160097 0.157629 0.158888 0.159179 
8.087 13.756 22.6976 35.838 55.3494 79.2366 108.833 136.042 144.19 146.365 
0.055205 0.09814 0.169498 0.273275 0.420793 0.601938 0.787983 0.914868 0.972547 0.991663 
0.345077 0.356308 0.37525 0.405 0.429288 0.452481 0.476058 0.487731 0.492327 0.492558 
0.269918 0.279341 0.293666 0.316318 0.336346 0.35557 0.377166 0.388356 0.392268 0.392063 
0.211692 0.220692 0.225846 0.234231 0.242 0.243846 0.244 0.245 0.244154 0.244077 
0.135421 0.14178 0.145113 0.152155 0.157262 0.15914 0.159791 0.159757 0.158756 0.158771 
8.042 13.6382 22.7076 35.848 54.5152 79.348 108.818 135.712 144.379 147.469 
1 1 1 1 1 1 1 1 1 1 
0.486712 0.486712 0.486712 0.486712 0.486712 0.486712 0.486712 0.486712 0.486712 0.486712 
0.391434 0.391434 0.391434 0.391434 0.391434 0.391434 0.391434 0.391434 0.391434 0.391434 
0.254615 0.254615 0.254615 0.254615 0.254615 0.254615 0.254615 0.254615 0.254615 0.254615 
0.168098 0.168098 0.168098 0.168098 0.168098 0.168098 0.168098 0.168098 0.168098 0.168098 
554.667 554.667 554.667 554.667 554.667 554.667 554.667 554.667 554.667 554.667 
0.0569725 0.102667 0.176302 0.28704 0.43674 0.618947 0.802342 0.92164 0.974467 0.992267 
0.456692 0.475635 0.484231 0.491442 0.484423 0.483442 0.482731 0.485769 0.487385 0.487077 
0.365329 0.378074 0.387378 0.399772 0.391059 0.388941 0.387481 0.390372 0.391604 0.39159 
0.208231 0.225615 0.236231 0.242462 0.247231 0.250846 0.255077 0.254231 0.254308 0.254615 
0.127986 0.141356 0.154193 0.159683 0.16498 0.165812 0.167769 0.168354 0.168337 0.168133 
39.9598 70.5592 120.901 196.527 280.404 386.883 478.833 553.138 561.618 564.913 
0.05714 0.102233 0.17643 0.2866 0.435945 0.618642 0.801847 0.921703 0.974488 0.992557 
0.351096 0.36775 0.381462 0.404885 0.427077 0.452923 0.471692 0.481654 0.485712 0.486904 
0.278463 0.291902 0.302277 0.320921 0.339251 0.361863 0.37716 0.385855 0.389645 0.390961 
0.205231 0.221154 0.230538 0.237231 0.247231 0.250154 0.254308 0.254308 0.253769 0.254846 
0.135093 0.143848 0.149838 0.155639 0.165218 0.163907 0.168173 0.16742 0.168413 0.168329 
40.0104 70.5154 118.923 187.439 258.979 357.573 455.372 539.408 559.558 566.989 
1 1 1 1 1 1 1 1 1 1 
0.625981 0.625981 0.625981 0.625981 0.625981 0.625981 0.625981 0.625981 0.625981 0.625981 
0.516507 0.516507 0.516507 0.516507 0.516507 0.516507 0.516507 0.516507 0.516507 0.516507 
0.214769 0.214769 0.214769 0.214769 0.214769 0.214769 0.214769 0.214769 0.214769 0.214769 
0.135627 0.135627 0.135627 0.135627 0.135627 0.135627 0.135627 0.135627 0.135627 0.135627 
433.665 433.665 433.665 433.665 433.665 433.665 433.665 433.665 433.665 433.665 
0.02553 0.04742 0.08821 0.161777 0.289708 0.48682 0.715472 0.8843 0.961795 0.988545 
0.39675 0.443577 0.487442 0.512423 0.550654 0.587808 0.608885 0.619173 0.624365 0.625462 
0.318723 0.351523 0.386432 0.40951 0.444831 0.478353 0.500667 0.509774 0.516197 0.515778 
0.178846 0.200538 0.210154 0.217077 0.216538 0.221846 0.219615 0.217769 0.217385 0.216231 
0.102375 0.122786 0.130855 0.135474 0.136249 0.139736 0.139399 0.137262 0.136595 0.136827 
18.3534 33.1228 60.8538 108.335 172.334 268.607 355.937 425.812 437.745 440.697 
0.0251375 0.0472025 0.08773 0.160527 0.289853 0.486595 0.716548 0.883682 0.96208 0.988515 
0.369135 0.429865 0.468404 0.499423 0.540231 0.572154 0.604308 0.614981 0.621788 0.625596 
0.291192 0.346443 0.374607 0.398129 0.436485 0.463758 0.495288 0.50582 0.511681 0.515854 
0.189462 0.206462 0.218692 0.222692 0.223154 0.219462 0.217769 0.218462 0.214846 0.216077 
0.115428 0.129522 0.13901 0.143024 0.138333 0.13924 0.136647 0.136515 0.136239 0.137084 
17.9712 32.2176 57.2672 98.25 155.856 238.437 335.029 411.241 431.45 442.431 
