1 1 1 1 1 1 1 1 1 1 
0.494154 0.494154 0.494154 0.494154 0.494154 0.494154 0.494154 0.494154 0.494154 0.494154 
0.393548 0.393548 0.393548 0.393548 0.393548 0.393548 0.393548 0.393548 0.393548 0.393548 
0.244462 0.244462 0.244462 0.244462 0.244462 0.244462 0.244462 0.244462 0.244462 0.244462 
0.159165 0.159165 0.159165 0.159165 0.159165 0.159165 0.159165 0.159165 0.159165 0.159165 
124.925 124.925 124.925 124.925 124.925 124.925 124.925 124.925 124.925 124.925 
0.0555075 0.09917 0.170293 0.27359 0.419048 0.600653 0.78772 0.915582 0.97273 0.991452 
0.444962 0.461269 0.466788 0.467654 0.470385 0.480788 0.487308 0.492154 0.493827 0.494038 
0.354799 0.366301 0.371934 0.370409 0.373514 0.381966 0.387529 0.391663 0.393318 0.39345 
0.205692 0.213231 0.233231 0.239615 0.238846 0.242692 0.245769 0.243692 0.244692 0.243769 
0.127873 0.132468 0.150356 0.155129 0.156277 0.159369 0.1595 0.15801 0.158997 0.158608 
7.9472 13.3954 22.2494 35.114 52.9062 75.3092 98.5946 114.686 122.133 124.299 
0.0557125 0.09912 0.171425 0.274177 0.419428 0.599245 0.789525 0.91552 0.972918 0.991542 
0.349308 0.360212 0.377385 0.398308 0.425846 0.4555 0.472135 0.487615 0.492404 0.494019 
0.276008 0.28426 0.295199 0.311071 0.332812 0.358854 0.372982 0.387211 0.392291 0.393328 
0.209385 0.219462 0.225923 0.232538 0.240692 0.241385 0.245462 0.245231 0.244846 0.244385 
0.134553 0.141167 0.147506 0.151468 0.156829 0.157601 0.160251 0.159911 0.159414 0.15937 
7.9788 13.416 22.3608 35.1696 53.032 75.1074 98.7948 114.667 122.103 124.368 
1 1 1 1 1 1 1 1 1 1 
0.486962 0.486962 0.486962 0.486962 0.486962 0.486962 0.486962 0.486962 0.486962 0.486962 
0.391484 0.391484 0.391484 0.391484 0.391484 0.391484 0.391484 0.391484 0.391484 0.391484 
0.254 0.254 0.254 0.254 0.254 0.254 0.254 0.254 0.254 0.254 
0.168041 0.168041 0.168041 0.168041 0.168041 0.168041 0.168041 0.168041 0.168041 0.168041 
555.471 555.471 555.471 555.471 555.471 555.471 555.471 555.471 555.471 555.471 
0.0568575 0.101953 0.175393 0.287247 0.436705 0.621605 0.801937 0.921858 0.974653 0.99224 
0.459404 0.474846 0.487288 0.488077 0.484923 0.483038 0.487231 0.486115 0.486731 0.487038 
0.37032 0.379669 0.392937 0.393072 0.391744 0.388326 0.392498 0.390449 0.390858 0.391175 
0.212462 0.219308 0.228923 0.243923 0.251923 0.254308 0.253308 0.255 0.255385 0.254462 
0.133857 0.140528 0.151128 0.16115 0.167236 0.166635 0.166827 0.167909 0.168973 0.168187 
40.1178 69.842 120.331 196.784 297.236 410.493 497.114 550.088 561.264 564.582 
0.057405 0.102157 0.1751 0.286295 0.435495 0.62098 0.80108 0.921837 0.974565 0.99247 
0.358808 0.365788 0.380885 0.406 0.4285 0.453019 0.47075 0.481212 0.483673 0.487288 
0.28219 0.288638 0.299886 0.322242 0.339552 0.361698 0.376704 0.386029 0.388809 0.391557 
0.213846 0.218538 0.228769 0.238769 0.247308 0.252462 0.253692 0.253 0.253538 0.254308 
0.137859 0.142414 0.149074 0.15744 0.160415 0.164072 0.166743 0.167504 0.168116 0.167818 
40.2472 70.5148 117.39 186.08 273.909 378.832 463.386 537.77 557.779 565.746 
1 1 1 1 1 1 1 1 1 1 
0.625885 0.625885 0.625885 0.625885 0.625885 0.625885 0.625885 0.625885 0.625885 0.625885 
0.516529 0.516529 0.516529 0.516529 0.516529 0.516529 0.516529 0.516529 0.516529 0.516529 
0.214846 0.214846 0.214846 0.214846 0.214846 0.214846 0.214846 0.214846 0.214846 0.214846 
0.13602 0.13602 0.13602 0.13602 0.13602 0.13602 0.13602 0.13602 0.13602 0.13602 
436.662 436.662 436.662 436.662 436.662 436.662 436.662 436.662 436.662 436.662 
0.025355 0.0476575 0.08829 0.161128 0.289515 0.486883 0.715945 0.884845 0.962002 0.98839 
0.400385 0.445423 0.486404 0.512981 0.556481 0.589231 0.606923 0.61975 0.624231 0.624712 
0.324316 0.353898 0.385988 0.409059 0.448892 0.481421 0.499439 0.511235 0.515121 0.515848 
0.184692 0.195 0.210615 0.213538 0.221462 0.219615 0.215615 0.214077 0.215923 0.216538 
0.112782 0.119433 0.129639 0.132495 0.139155 0.137145 0.13682 0.136138 0.13606 0.136718 
18.3156 33.2496 61.1098 107.595 184.292 286.388 361.778 423.223 438.194 440.908 
0.025695 0.0473875 0.08878 0.1603 0.289405 0.486988 0.716005 0.885173 0.96164 0.988333 
0.377462 0.429635 0.464827 0.501096 0.535077 0.573962 0.599538 0.615885 0.621654 0.625788 
0.30263 0.343198 0.372076 0.401656 0.430893 0.465985 0.491307 0.506942 0.512375 0.516517 
0.197923 0.203538 0.208077 0.218538 0.220308 0.223231 0.217231 0.217462 0.219077 0.217 
0.120613 0.128748 0.133891 0.138716 0.138338 0.142509 0.137761 0.138033 0.138503 0.137195 
18.378 32.1232 57.3914 98.738 165.534 253.683 339.355 411.002 429.16 440.821 
