1              
0              
0.5728         
0.2184         
0.4658         
0.2704         
0.4906         
0.05932        
0.4071         
0.0606         
0.0186         
0.006216       
0.2071         
0.003364       
0.6008         
0.2009         
0.4949         
0.2543         
0.5118         
0.03486        
0.4093         
0.02731        
0.0064         
0.007838       
0.2062         
0.009548       
0.5834         
0.2096         
0.4681         
0.2675         
0.4458         
0.03553        
0.3341         
0.03534        
0.0062         
0.0076         
1              
0              
0.7141         
0.1479         
0.6247         
0.1903         
0.6506         
0.04271        
0.5444         
0.04945        
51.43          
4.035          
0.2089         
0.006774       
0.7035         
0.1488         
0.605          
0.1978         
0.6241         
0.03829        
0.5153         
0.04278        
22.39          
1.448          
0.2096         
0.006695       
0.6975         
0.1555         
0.6095         
0.1996         
0.5851         
0.0273         
0.4757         
0.03988        
11.86          
1.741          
1              
0              
0.7313         
0.1375         
0.6389         
0.1839         
0.6595         
0.03528        
0.5603         
0.04624        
71.32          
3.685          
