1              1              1              1              1              1              1              1              1              1              1              1              1              1              1              1              1              1              1              1              
0              0              0              0              0              0              0              0              0              0              0              0              0              0              0              0              0              0              0              0              
0.6118         0.6118         0.6118         0.6118         0.6118         0.6118         0.6118         0.6118         0.6118         0.6118         0.6118         0.6118         0.6118         0.6118         0.6118         0.6118         0.6118         0.6118         0.6118         0.6118         
0.01153        0.01153        0.01153        0.01153        0.01153        0.01153        0.01153        0.01153        0.01153        0.01153        0.01153        0.01153        0.01153        0.01153        0.01153        0.01153        0.01153        0.01153        0.01153        0.01153        
0.5521         0.5521         0.5521         0.5521         0.5521         0.5521         0.5521         0.5521         0.5521         0.5521         0.5521         0.5521         0.5521         0.5521         0.5521         0.5521         0.5521         0.5521         0.5521         0.5521         
0.01288        0.01288        0.01288        0.01288        0.01288        0.01288        0.01288        0.01288        0.01288        0.01288        0.01288        0.01288        0.01288        0.01288        0.01288        0.01288        0.01288        0.01288        0.01288        0.01288        
0.5135         0.5135         0.5135         0.5135         0.5135         0.5135         0.5135         0.5135         0.5135         0.5135         0.5135         0.5135         0.5135         0.5135         0.5135         0.5135         0.5135         0.5135         0.5135         0.5135         
0.02695        0.02695        0.02695        0.02695        0.02695        0.02695        0.02695        0.02695        0.02695        0.02695        0.02695        0.02695        0.02695        0.02695        0.02695        0.02695        0.02695        0.02695        0.02695        0.02695        
0.4459         0.4459         0.4459         0.4459         0.4459         0.4459         0.4459         0.4459         0.4459         0.4459         0.4459         0.4459         0.4459         0.4459         0.4459         0.4459         0.4459         0.4459         0.4459         0.4459         
0.03728        0.03728        0.03728        0.03728        0.03728        0.03728        0.03728        0.03728        0.03728        0.03728        0.03728        0.03728        0.03728        0.03728        0.03728        0.03728        0.03728        0.03728        0.03728        0.03728        
0.0002         0.0002         0.0002         0.0002         0.0002         0.0002         0.0002         0.0002         0.0002         0.0002         0.0002         0.0002         0.0002         0.0002         0.0002         0.0002         0.0002         0.0002         0.0002         0.0002         
0.0004         0.0004         0.0004         0.0004         0.0004         0.0004         0.0004         0.0004         0.0004         0.0004         0.0004         0.0004         0.0004         0.0004         0.0004         0.0004         0.0004         0.0004         0.0004         0.0004         
0.0354         0.0534         0.0866         0.1306         0.1954         0.2732         0.3746         0.5004         0.6418         0.7552         0.8448         0.9036         0.9442         0.9706         0.986          0.9932         0.9968         0.9984         0.9982         0.999          
0.006711       0.007889       0.007228       0.01208        0.01804        0.01509        0.01461        0.01679        0.01966        0.0105         0.005307       0.007552       0.0064         0.00372        0.003162       0.00147        0.0009798      0.0004899      0.001166       0              
0.6109         0.6114         0.611          0.611          0.6113         0.6111         0.6115         0.611          0.6116         0.6116         0.612          0.6121         0.612          0.6117         0.6117         0.6116         0.6117         0.6118         0.6118         0.612          
0.0113         0.01119        0.01134        0.01134        0.01093        0.01079        0.01073        0.01136        0.01121        0.01144        0.01178        0.01186        0.01172        0.01164        0.01183        0.01158        0.01142        0.01158        0.01166        0.0115         
0.5512         0.5516         0.5514         0.5514         0.5515         0.5515         0.5516         0.5512         0.5518         0.5517         0.5521         0.5522         0.5521         0.552          0.552          0.5519         0.552          0.552          0.5521         0.5522         
0.013          0.01287        0.01311        0.01302        0.01271        0.0126         0.01257        0.01296        0.01282        0.01305        0.01301        0.0131         0.01287        0.01301        0.01314        0.01293        0.01283        0.01301        0.01301        0.01283        
0.5125         0.5125         0.5125         0.5125         0.5125         0.5125         0.512          0.5125         0.513          0.5135         0.5135         0.5135         0.5135         0.5135         0.5135         0.5135         0.5135         0.5135         0.5135         0.5135         
0.0266         0.0266         0.0266         0.0266         0.0266         0.0266         0.02727        0.0266         0.02676        0.02695        0.02695        0.02695        0.02695        0.02695        0.02695        0.02695        0.02695        0.02695        0.02695        0.02695        
0.4449         0.4449         0.4452         0.4451         0.4451         0.4449         0.4446         0.4452         0.4456         0.446          0.446          0.4461         0.4462         0.446          0.446          0.4459         0.4459         0.4459         0.4459         0.4459         
0.03734        0.03731        0.03725        0.03765        0.03765        0.03734        0.03769        0.03723        0.03723        0.03732        0.03727        0.03718        0.03722        0.03733        0.03733        0.03728        0.03728        0.03728        0.03728        0.03728        
0.0002         0.0004         0.0004         0.0002         0              0.0004         0.0004         0.0004         0.0004         0.0006         0              0.0006         0.0006         0.0002         0.0006         0.0004         0.0008         0.0004         0.001          0.0004         
0.0004         0.0004899      0.0004899      0.0004         0              0.0004899      0.0004899      0.0004899      0.0004899      0.0004899      0              0.0004899      0.0004899      0.0004         0.0004899      0.0004899      0.0004         0.0004899      0              0.0004899      
0.0382         0.0544         0.0912         0.1272         0.1954         0.2608         0.3532         0.512          0.6578         0.7614         0.8508         0.9042         0.9404         0.969          0.987          0.9916         0.9966         0.9984         0.996          0.999          
0.007652       0.006974       0.008424       0.01189        0.01576        0.01225        0.01943        0.02394        0.02072        0.011          0.006274       0.007833       0.006248       0.003347       0.002608       0.002245       0.001356       0.0004899      0.002966       0              
0.6113         0.611          0.6113         0.6115         0.6114         0.6114         0.6116         0.6115         0.612          0.612          0.6123         0.6118         0.6116         0.6115         0.6116         0.6115         0.6116         0.6118         0.6118         0.6118         
0.01141        0.01134        0.01069        0.01123        0.01133        0.01132        0.01125        0.01126        0.01155        0.01171        0.01169        0.01194        0.01199        0.01161        0.01172        0.01157        0.01149        0.01158        0.01166        0.01139        
0.5515         0.5513         0.5515         0.5515         0.5514         0.5514         0.5517         0.5518         0.5522         0.5523         0.5525         0.5519         0.5519         0.5518         0.552          0.5518         0.5519         0.552          0.5521         0.5522         
0.01302        0.01302        0.01271        0.01298        0.01295        0.01276        0.01289        0.01287        0.01301        0.01298        0.01292        0.01315        0.01328        0.013          0.01305        0.01296        0.01292        0.01301        0.01301        0.01275        
0.5125         0.5125         0.512          0.5125         0.5125         0.5125         0.5125         0.5125         0.5135         0.5135         0.5135         0.5135         0.513          0.5135         0.5135         0.5135         0.5135         0.5135         0.5135         0.5135         
0.0266         0.0266         0.02727        0.0266         0.0266         0.0266         0.0266         0.0266         0.02695        0.02695        0.02695        0.02695        0.02671        0.02695        0.02695        0.02695        0.02695        0.02695        0.02695        0.02695        
0.4449         0.4449         0.4446         0.445          0.4449         0.445          0.4453         0.4452         0.4461         0.446          0.4461         0.446          0.4457         0.4459         0.4459         0.4459         0.4459         0.4459         0.4459         0.4459         
0.03734        0.03734        0.03768        0.03713        0.03707        0.03709        0.03712        0.03715        0.03732        0.03729        0.03717        0.03722        0.03716        0.03728        0.03728        0.03728        0.03728        0.03728        0.03728        0.03728        
0.0004         0.0002         0.0002         0.0002         0.0002         0.0004         0.0002         0.0006         0.0006         0.0004         0.0006         0.0004         0.0006         0.0004         0.0006         0.0006         0.0006         0.0006         0.0002         0.0002         
0.0004899      0.0004         0.0004         0.0004         0.0004         0.0004899      0.0004         0.0004899      0.0004899      0.0004899      0.0004899      0.0004899      0.0004899      0.0004899      0.0004899      0.0004899      0.0004899      0.0004899      0.0004         0.0004         
1              1              1              1              1              1              1              1              1              1              1              1              1              1              1              1              1              1              1              1              
0              0              0              0              0              0              0              0              0              0              0              0              0              0              0              0              0              0              0              0              
0.612          0.612          0.612          0.612          0.612          0.612          0.612          0.612          0.612          0.612          0.612          0.612          0.612          0.612          0.612          0.612          0.612          0.612          0.612          0.612          
0.01165        0.01165        0.01165        0.01165        0.01165        0.01165        0.01165        0.01165        0.01165        0.01165        0.01165        0.01165        0.01165        0.01165        0.01165        0.01165        0.01165        0.01165        0.01165        0.01165        
0.5521         0.5521         0.5521         0.5521         0.5521         0.5521         0.5521         0.5521         0.5521         0.5521         0.5521         0.5521         0.5521         0.5521         0.5521         0.5521         0.5521         0.5521         0.5521         0.5521         
0.01305        0.01305        0.01305        0.01305        0.01305        0.01305        0.01305        0.01305        0.01305        0.01305        0.01305        0.01305        0.01305        0.01305        0.01305        0.01305        0.01305        0.01305        0.01305        0.01305        
0.5135         0.5135         0.5135         0.5135         0.5135         0.5135         0.5135         0.5135         0.5135         0.5135         0.5135         0.5135         0.5135         0.5135         0.5135         0.5135         0.5135         0.5135         0.5135         0.5135         
0.02695        0.02695        0.02695        0.02695        0.02695        0.02695        0.02695        0.02695        0.02695        0.02695        0.02695        0.02695        0.02695        0.02695        0.02695        0.02695        0.02695        0.02695        0.02695        0.02695        
0.4461         0.4461         0.4461         0.4461         0.4461         0.4461         0.4461         0.4461         0.4461         0.4461         0.4461         0.4461         0.4461         0.4461         0.4461         0.4461         0.4461         0.4461         0.4461         0.4461         
0.03718        0.03718        0.03718        0.03718        0.03718        0.03718        0.03718        0.03718        0.03718        0.03718        0.03718        0.03718        0.03718        0.03718        0.03718        0.03718        0.03718        0.03718        0.03718        0.03718        
0.0126         0.0126         0.0126         0.0126         0.0126         0.0126         0.0126         0.0126         0.0126         0.0126         0.0126         0.0126         0.0126         0.0126         0.0126         0.0126         0.0126         0.0126         0.0126         0.0126         
0.0004899      0.0004899      0.0004899      0.0004899      0.0004899      0.0004899      0.0004899      0.0004899      0.0004899      0.0004899      0.0004899      0.0004899      0.0004899      0.0004899      0.0004899      0.0004899      0.0004899      0.0004899      0.0004899      0.0004899      
0.0354         0.0534         0.0866         0.1306         0.1954         0.2732         0.3746         0.5004         0.6418         0.7552         0.8446         0.9036         0.9442         0.9706         0.986          0.9932         0.9968         0.9984         0.9982         0.999          
0.006711       0.007889       0.007228       0.01208        0.01804        0.01509        0.01461        0.01679        0.01966        0.0105         0.005122       0.007552       0.0064         0.00372        0.003162       0.00147        0.0009798      0.0004899      0.001166       0              
0.6109         0.6114         0.611          0.611          0.6113         0.6111         0.6115         0.611          0.6115         0.6116         0.612          0.612          0.6121         0.6122         0.612          0.612          0.612          0.612          0.6123         0.6121         
0.0113         0.01119        0.01134        0.01134        0.01093        0.01079        0.01073        0.01136        0.0113         0.01144        0.01165        0.01201        0.01186        0.01172        0.01165        0.01165        0.01165        0.01165        0.01142        0.01157        
0.5512         0.5516         0.5514         0.5514         0.5515         0.5515         0.5516         0.5512         0.5517         0.5517         0.552          0.5521         0.5522         0.5523         0.5522         0.5522         0.5522         0.5522         0.5524         0.5522         
0.013          0.01287        0.01311        0.01302        0.01271        0.0126         0.01257        0.01296        0.01292        0.01306        0.01289        0.0132         0.01318        0.01298        0.01301        0.013          0.01298        0.01302        0.01277        0.01295        
0.5125         0.5125         0.5125         0.5125         0.5125         0.5125         0.512          0.5125         0.513          0.513          0.5135         0.5135         0.5135         0.5135         0.5135         0.5135         0.5135         0.5135         0.5135         0.5135         
0.0266         0.0266         0.0266         0.0266         0.0266         0.0266         0.02727        0.0266         0.02676        0.02676        0.02695        0.02695        0.02695        0.02695        0.02695        0.02695        0.02695        0.02695        0.02695        0.02695        
0.4449         0.4449         0.4452         0.4451         0.4451         0.4449         0.4446         0.4452         0.4456         0.4456         0.446          0.4461         0.4462         0.446          0.4462         0.446          0.4461         0.446          0.4462         0.4461         
0.03734        0.03731        0.03725        0.03765        0.03765        0.03734        0.03769        0.03723        0.03725        0.03716        0.03737        0.03724        0.03722        0.03737        0.03722        0.03743        0.03718        0.03737        0.03722        0.03718        
0.0012         0.0006         0.0014         0.0022         0.002          0.0032         0.0046         0.0064         0.0078         0.0092         0.0104         0.0112         0.0118         0.0126         0.0126         0.0122         0.0122         0.012          0.012          0.0122         
0.0004         0.0004899      0.0004899      0.0004         0              0.0004         0.0004899      0.0004899      0.0004         0.0004         0.0004899      0.0004         0.0004         0.0008         0.0004899      0.0004         0.0004         0              0              0.0004         
0.0382         0.0544         0.0894         0.1272         0.1954         0.2608         0.3532         0.512          0.6578         0.7614         0.8504         0.9042         0.9404         0.969          0.987          0.9916         0.9966         0.9984         0.996          0.999          
0.007652       0.006974       0.007228       0.01189        0.01576        0.01225        0.01943        0.02394        0.02072        0.011          0.005851       0.007833       0.006248       0.003347       0.002608       0.002245       0.001356       0.0004899      0.002966       0              
0.6113         0.611          0.611          0.6115         0.6114         0.6113         0.6115         0.6115         0.6118         0.6118         0.6121         0.612          0.6123         0.6121         0.612          0.6118         0.612          0.612          0.6123         0.612          
0.01141        0.01134        0.011          0.01123        0.01133        0.01141        0.01134        0.01126        0.0117         0.01187        0.01186        0.01201        0.01169        0.0118         0.01165        0.0115         0.01165        0.01165        0.01142        0.01165        
0.5515         0.5513         0.5514         0.5515         0.5514         0.5513         0.5516         0.5518         0.5521         0.5523         0.5523         0.5522         0.5523         0.5523         0.5521         0.5521         0.5522         0.5522         0.5524         0.5521         
0.01302        0.01302        0.01283        0.01298        0.01295        0.01286        0.013          0.01292        0.01315        0.01315        0.01305        0.01319        0.01297        0.01317        0.01303        0.0129         0.01302        0.01305        0.01282        0.01304        
0.5125         0.5125         0.512          0.5125         0.5125         0.5125         0.5125         0.5125         0.5135         0.5135         0.5135         0.5135         0.5135         0.5135         0.5135         0.5135         0.5135         0.5135         0.5135         0.5135         
0.0266         0.0266         0.02727        0.0266         0.0266         0.0266         0.0266         0.0266         0.02695        0.02695        0.02695        0.02695        0.02695        0.02695        0.02695        0.02695        0.02695        0.02695        0.02695        0.02695        
0.4449         0.4449         0.4446         0.445          0.4449         0.445          0.4451         0.4453         0.4461         0.4461         0.4462         0.446          0.446          0.446          0.446          0.4459         0.4462         0.446          0.4462         0.446          
0.03734        0.03734        0.03766        0.03713        0.03707        0.03709        0.03702        0.03718        0.03734        0.03736        0.03718        0.03722        0.03743        0.03737        0.03737        0.0374         0.03722        0.03743        0.03722        0.03733        
0.0008         0.0008         0.0014         0.0018         0.0026         0.003          0.0046         0.0064         0.008          0.0094         0.0104         0.0112         0.0116         0.0118         0.0124         0.0122         0.0122         0.0118         0.012          0.0122         
0.0004         0.0004         0.0004899      0.0004         0.0004899      0              0.0004899      0.0004899      0.0006325      0.0004899      0.0004899      0.0004         0.0004899      0.0007483      0.0008         0.0004         0.0004         0.0004         0              0.0004         
1              1              1              1              1              1              1              1              1              1              1              1              1              1              1              1              1              1              1              1              
0              0              0              0              0              0              0              0              0              0              0              0              0              0              0              0              0              0              0              0              
0.6115         0.6115         0.6115         0.6115         0.6115         0.6115         0.6115         0.6115         0.6115         0.6115         0.6115         0.6115         0.6115         0.6115         0.6115         0.6115         0.6115         0.6115         0.6115         0.6115         
0.01117        0.01117        0.01117        0.01117        0.01117        0.01117        0.01117        0.01117        0.01117        0.01117        0.01117        0.01117        0.01117        0.01117        0.01117        0.01117        0.01117        0.01117        0.01117        0.01117        
0.5515         0.5515         0.5515         0.5515         0.5515         0.5515         0.5515         0.5515         0.5515         0.5515         0.5515         0.5515         0.5515         0.5515         0.5515         0.5515         0.5515         0.5515         0.5515         0.5515         
0.0129         0.0129         0.0129         0.0129         0.0129         0.0129         0.0129         0.0129         0.0129         0.0129         0.0129         0.0129         0.0129         0.0129         0.0129         0.0129         0.0129         0.0129         0.0129         0.0129         
0.5125         0.5125         0.5125         0.5125         0.5125         0.5125         0.5125         0.5125         0.5125         0.5125         0.5125         0.5125         0.5125         0.5125         0.5125         0.5125         0.5125         0.5125         0.5125         0.5125         
0.0266         0.0266         0.0266         0.0266         0.0266         0.0266         0.0266         0.0266         0.0266         0.0266         0.0266         0.0266         0.0266         0.0266         0.0266         0.0266         0.0266         0.0266         0.0266         0.0266         
0.4449         0.4449         0.4449         0.4449         0.4449         0.4449         0.4449         0.4449         0.4449         0.4449         0.4449         0.4449         0.4449         0.4449         0.4449         0.4449         0.4449         0.4449         0.4449         0.4449         
0.03733        0.03733        0.03733        0.03733        0.03733        0.03733        0.03733        0.03733        0.03733        0.03733        0.03733        0.03733        0.03733        0.03733        0.03733        0.03733        0.03733        0.03733        0.03733        0.03733        
0.0084         0.0082         0.0086         0.0084         0.008          0.0086         0.0084         0.0082         0.0082         0.0082         0.0084         0.0086         0.0086         0.0086         0.0084         0.0082         0.0084         0.0082         0.0082         0.0082         
0.0004899      0.0004         0.0004899      0.0004899      0              0.0004899      0.0004899      0.0004         0.0004         0.0004         0.0004899      0.0004899      0.0004899      0.0008         0.0004899      0.0004         0.0004899      0.0004         0.0004         0.0004         
