1              1              1              1              1              1              1              1              1              1              1              1              1              1              1              1              1              1              1              1              
0              0              0              0              0              0              0              0              0              0              0              0              0              0              0              0              0              0              0              0              
0.3479         0.3479         0.3479         0.3479         0.3479         0.3479         0.3479         0.3479         0.3479         0.3479         0.3479         0.3479         0.3479         0.3479         0.3479         0.3479         0.3479         0.3479         0.3479         0.3479         
0.02236        0.02236        0.02236        0.02236        0.02236        0.02236        0.02236        0.02236        0.02236        0.02236        0.02236        0.02236        0.02236        0.02236        0.02236        0.02236        0.02236        0.02236        0.02236        0.02236        
0.2736         0.2736         0.2736         0.2736         0.2736         0.2736         0.2736         0.2736         0.2736         0.2736         0.2736         0.2736         0.2736         0.2736         0.2736         0.2736         0.2736         0.2736         0.2736         0.2736         
0.0236         0.0236         0.0236         0.0236         0.0236         0.0236         0.0236         0.0236         0.0236         0.0236         0.0236         0.0236         0.0236         0.0236         0.0236         0.0236         0.0236         0.0236         0.0236         0.0236         
0.3274         0.3274         0.3274         0.3274         0.3274         0.3274         0.3274         0.3274         0.3274         0.3274         0.3274         0.3274         0.3274         0.3274         0.3274         0.3274         0.3274         0.3274         0.3274         0.3274         
0.02729        0.02729        0.02729        0.02729        0.02729        0.02729        0.02729        0.02729        0.02729        0.02729        0.02729        0.02729        0.02729        0.02729        0.02729        0.02729        0.02729        0.02729        0.02729        0.02729        
0.2447         0.2447         0.2447         0.2447         0.2447         0.2447         0.2447         0.2447         0.2447         0.2447         0.2447         0.2447         0.2447         0.2447         0.2447         0.2447         0.2447         0.2447         0.2447         0.2447         
0.02747        0.02747        0.02747        0.02747        0.02747        0.02747        0.02747        0.02747        0.02747        0.02747        0.02747        0.02747        0.02747        0.02747        0.02747        0.02747        0.02747        0.02747        0.02747        0.02747        
0.0116         0.0116         0.0116         0.0116         0.0116         0.0116         0.0116         0.0116         0.0116         0.0116         0.0116         0.0116         0.0116         0.0116         0.0116         0.0116         0.0116         0.0116         0.0116         0.0116         
0.0004899      0.0004899      0.0004899      0.0004899      0.0004899      0.0004899      0.0004899      0.0004899      0.0004899      0.0004899      0.0004899      0.0004899      0.0004899      0.0004899      0.0004899      0.0004899      0.0004899      0.0004899      0.0004899      0.0004899      
0.01138        0.01852        0.02826        0.04578        0.0799         0.1336         0.2081         0.2939         0.3945         0.5159         0.639          0.7534         0.8477         0.913          0.9533         0.9758         0.987          0.9929         0.996          0.9984         
0.001334       0.001378       0.001748       0.004124       0.00748        0.005254       0.006414       0.002737       0.005693       0.007074       0.007043       0.006349       0.002859       0.003149       0.0005696      0.001402       0.0008982      0.0007354      0.0004726      0.0002831      
0.04633        0.04708        0.06102        0.06731        0.1493         0.2141         0.2338         0.2894         0.2803         0.3248         0.3201         0.3294         0.3499         0.3422         0.3463         0.3455         0.3438         0.3467         0.3457         0.3485         
0.005381       0.006549       0.01317        0.01276        0.06032        0.0305         0.02228        0.04617        0.01941        0.01545        0.01134        0.02286        0.02209        0.02099        0.02185        0.02669        0.02212        0.0221         0.0238         0.02247        
0.02571        0.0329         0.03437        0.03994        0.09713        0.1519         0.1763         0.226          0.2116         0.2541         0.2531         0.2525         0.2741         0.2674         0.2728         0.271          0.2703         0.2724         0.2721         0.2744         
0.008862       0.008811       0.009865       0.007184       0.04944        0.02693        0.01802        0.03867        0.02501        0.01694        0.01308        0.02598        0.02301        0.02144        0.02297        0.02668        0.02395        0.02338        0.02522        0.02352        
0.04745        0.0556         0.05625        0.07138        0.1339         0.197          0.2236         0.2774         0.263          0.3028         0.3079         0.3104         0.3261         0.3243         0.3253         0.3246         0.3246         0.3258         0.3258         0.3277         
0.00483        0.0107         0.009964       0.009617       0.04457        0.02562        0.02533        0.04107        0.02499        0.01181        0.006013       0.02842        0.0253         0.02448        0.02564        0.02849        0.02709        0.02687        0.02891        0.02735        
0.0222         0.03221        0.03225        0.0375         0.08129        0.1317         0.1586         0.2046         0.1872         0.2271         0.2265         0.2295         0.2426         0.238          0.242          0.2426         0.2421         0.2426         0.2434         0.2452         
0.004151       0.00712        0.01035        0.002215       0.0366         0.02107        0.01812        0.0308         0.02703        0.01091        0.01251        0.03277        0.02635        0.02564        0.02757        0.02782        0.02785        0.02797        0.02908        0.02734        
0.005          0.0058         0.0052         0.0056         0.0056         0.0062         0.0072         0.0072         0.0084         0.0088         0.01           0.0106         0.0112         0.0116         0.0114         0.0114         0.0116         0.0116         0.0118         0.0118         
0              0.0004         0.0004         0.0004899      0.0004899      0.0004         0.0004         0.0004         0.0004899      0.0004         0              0.0004899      0.0004         0.0004899      0.0004899      0.0004899      0.0004899      0.0004899      0.0004         0.0004         
0.01213        0.0183         0.02738        0.04653        0.07813        0.1329         0.212          0.2951         0.3915         0.5157         0.6426         0.7505         0.8482         0.9119         0.9523         0.9768         0.9867         0.9929         0.9958         0.9982         
0.002441       0.0009285      0.002559       0.005402       0.008316       0.004571       0.003078       0.004051       0.006015       0.009341       0.005555       0.008499       0.00497        0.004892       0.002127       0.002416       0.001287       0.0009541      0.001053       0.0003915      
0.05712        0.04856        0.05648        0.07998        0.1068         0.1485         0.2264         0.27           0.2741         0.3338         0.3014         0.3188         0.3315         0.3418         0.3401         0.3435         0.3439         0.3461         0.3455         0.3451         
0.01838        0.007842       0.009822       0.01164        0.03741        0.01402        0.02778        0.03437        0.02278        0.03002        0.02245        0.01873        0.02017        0.02304        0.02117        0.02684        0.02227        0.02265        0.02593        0.02859        
0.03501        0.0293         0.03131        0.05267        0.06857        0.1027         0.1655         0.2076         0.2107         0.2618         0.2297         0.2459         0.2595         0.2658         0.2684         0.269          0.2709         0.2726         0.2713         0.2704         
0.01299        0.005284       0.004018       0.01           0.02318        0.01037        0.026          0.03301        0.02479        0.0272         0.03075        0.02189        0.02305        0.02369        0.02045        0.02663        0.02441        0.02378        0.02743        0.02967        
0.05575        0.05114        0.05985        0.07631        0.1002         0.1471         0.2147         0.2567         0.2603         0.314          0.2887         0.3034         0.3174         0.3221         0.3211         0.3211         0.3243         0.3254         0.3254         0.3243         
0.01447        0.01077        0.012          0.01328        0.02724        0.02103        0.02531        0.01903        0.02317        0.02465        0.0245         0.01455        0.02719        0.02389        0.02579        0.02966        0.02789        0.02667        0.02965        0.03131        
0.0333         0.02379        0.02957        0.04495        0.05885        0.09954        0.1422         0.1856         0.19           0.2355         0.2102         0.2222         0.237          0.2375         0.2393         0.2396         0.2429         0.2431         0.2426         0.2423         
0.01542        0.004132       0.005723       0.007749       0.01277        0.01801        0.02015        0.01606        0.02283        0.02002        0.02986        0.02206        0.02342        0.02729        0.02665        0.03033        0.02867        0.02735        0.02961        0.03042        
0.005          0.005          0.005          0.0052         0.0052         0.006          0.0066         0.007          0.0078         0.0094         0.0094         0.01           0.011          0.011          0.0114         0.0116         0.0116         0.012          0.0118         0.0114         
0              0              0              0.0004         0.0004         0              0.0004899      8.674e-019     0.0004         0.00102        0.0004899      0              0.0006325      0.0006325      0.0004899      0.0004899      0.0004899      0.0006325      0.0004         0.0004899      
1              1              1              1              1              1              1              1              1              1              1              1              1              1              1              1              1              1              1              1              
0              0              0              0              0              0              0              0              0              0              0              0              0              0              0              0              0              0              0              0              
0.4586         0.4586         0.4586         0.4586         0.4586         0.4586         0.4586         0.4586         0.4586         0.4586         0.4586         0.4586         0.4586         0.4586         0.4586         0.4586         0.4586         0.4586         0.4586         0.4586         
0.009419       0.009419       0.009419       0.009419       0.009419       0.009419       0.009419       0.009419       0.009419       0.009419       0.009419       0.009419       0.009419       0.009419       0.009419       0.009419       0.009419       0.009419       0.009419       0.009419       
0.3717         0.3717         0.3717         0.3717         0.3717         0.3717         0.3717         0.3717         0.3717         0.3717         0.3717         0.3717         0.3717         0.3717         0.3717         0.3717         0.3717         0.3717         0.3717         0.3717         
0.01226        0.01226        0.01226        0.01226        0.01226        0.01226        0.01226        0.01226        0.01226        0.01226        0.01226        0.01226        0.01226        0.01226        0.01226        0.01226        0.01226        0.01226        0.01226        0.01226        
0.4169         0.4169         0.4169         0.4169         0.4169         0.4169         0.4169         0.4169         0.4169         0.4169         0.4169         0.4169         0.4169         0.4169         0.4169         0.4169         0.4169         0.4169         0.4169         0.4169         
0.007204       0.007204       0.007204       0.007204       0.007204       0.007204       0.007204       0.007204       0.007204       0.007204       0.007204       0.007204       0.007204       0.007204       0.007204       0.007204       0.007204       0.007204       0.007204       0.007204       
0.3267         0.3267         0.3267         0.3267         0.3267         0.3267         0.3267         0.3267         0.3267         0.3267         0.3267         0.3267         0.3267         0.3267         0.3267         0.3267         0.3267         0.3267         0.3267         0.3267         
0.009432       0.009432       0.009432       0.009432       0.009432       0.009432       0.009432       0.009432       0.009432       0.009432       0.009432       0.009432       0.009432       0.009432       0.009432       0.009432       0.009432       0.009432       0.009432       0.009432       
0.6752         0.6752         0.6752         0.6752         0.6752         0.6752         0.6752         0.6752         0.6752         0.6752         0.6752         0.6752         0.6752         0.6752         0.6752         0.6752         0.6752         0.6752         0.6752         0.6752         
0.0195         0.0195         0.0195         0.0195         0.0195         0.0195         0.0195         0.0195         0.0195         0.0195         0.0195         0.0195         0.0195         0.0195         0.0195         0.0195         0.0195         0.0195         0.0195         0.0195         
0.005503       0.008836       0.01515        0.03037        0.04984        0.08189        0.1307         0.1913         0.2778         0.3853         0.5155         0.6462         0.7636         0.8578         0.919          0.9567         0.9776         0.989          0.9946         0.9967         
0.0006028      0.001321       0.002435       0.002596       0.003081       0.003904       0.004664       0.005447       0.006592       0.006982       0.007704       0.007484       0.004064       0.005122       0.003021       0.00195        0.001742       0.0005703      0.0008401      0.000538       
0.06583        0.09638        0.1396         0.248          0.3058         0.3628         0.3966         0.4069         0.4266         0.4406         0.4402         0.4503         0.4526         0.4544         0.4579         0.4593         0.4602         0.4599         0.4612         0.4594         
0.0163         0.02202        0.04775        0.04403        0.012          0.01973        0.02804        0.01234        0.01932        0.007635       0.009559       0.005734       0.01024        0.008413       0.006788       0.00903        0.01016        0.01071        0.007661       0.009131       
0.04555        0.0585         0.09402        0.1765         0.2289         0.2822         0.3079         0.319          0.3428         0.3539         0.3527         0.3655         0.3642         0.3678         0.3695         0.3717         0.3725         0.3728         0.3738         0.372          
0.01015        0.01735        0.03709        0.03765        0.01436        0.01476        0.0334         0.01363        0.01927        0.009417       0.01067        0.006811       0.01196        0.009859       0.01113        0.01065        0.01435        0.01457        0.01148        0.01174        
0.06612        0.09335        0.1311         0.2395         0.2925         0.3439         0.3756         0.377          0.3894         0.4027         0.4133         0.4078         0.4154         0.4153         0.4187         0.419          0.4181         0.4169         0.4202         0.4178         
0.01943        0.02015        0.04126        0.04464        0.01116        0.02137        0.02192        0.01151        0.01442        0.01049        0.01468        0.005498       0.01013        0.007592       0.00762        0.006005       0.01052        0.009541       0.008646       0.005891       
0.04522        0.05222        0.08425        0.1654         0.2112         0.259          0.2828         0.2878         0.3014         0.3154         0.3241         0.3174         0.3236         0.3242         0.3273         0.3284         0.3283         0.3258         0.33           0.3272         
0.01196        0.0154         0.02976        0.0372         0.0156         0.01998        0.02643        0.01439        0.01362        0.01421        0.01598        0.007389       0.01196        0.01183        0.0107         0.007648       0.0137         0.01069        0.01054        0.007772       
0.0124         0.0174         0.0258         0.047          0.0722         0.1124         0.1734         0.2422         0.3242         0.4158         0.503          0.5682         0.6096         0.6404         0.6574         0.6676         0.6686         0.672          0.672          0.6712         
0.0008         0.001744       0.003311       0.003633       0.004707       0.005426       0.007552       0.005706       0.00902        0.01329        0.01761        0.01554        0.01141        0.02461        0.01981        0.01815        0.02009        0.02054        0.02086        0.02005        
0.005483       0.008323       0.01578        0.03095        0.05012        0.0826         0.1307         0.1875         0.2773         0.3826         0.5135         0.646          0.7609         0.8586         0.9189         0.955          0.9759         0.9893         0.995          0.9969         
0.0005052      0.001456       0.004102       0.003555       0.00405        0.005384       0.007718       0.006931       0.007431       0.01072        0.01001        0.009128       0.007482       0.007246       0.002761       0.00243        0.003109       0.0006889      0.000475       0.0007343      
0.06279        0.09148        0.1422         0.1893         0.2236         0.2904         0.3347         0.3662         0.4031         0.4246         0.4237         0.4465         0.459          0.4548         0.4546         0.4582         0.4596         0.4575         0.4606         0.4587         
0.00501        0.02315        0.01676        0.02331        0.009635       0.0237         0.0352         0.01316        0.02533        0.02709        0.01525        0.01356        0.008592       0.01344        0.009613       0.006863       0.008199       0.007755       0.007967       0.008556       
0.03633        0.0572         0.09589        0.1293         0.1571         0.2164         0.2615         0.2825         0.3203         0.3399         0.3388         0.3589         0.3741         0.3692         0.3656         0.3712         0.3726         0.3713         0.3735         0.3716         
0.007665       0.01655        0.01517        0.01843        0.01406        0.01493        0.0316         0.01548        0.02346        0.02822        0.02273        0.0157         0.009173       0.01834        0.0129         0.009236       0.01349        0.01027        0.01213        0.01229        
0.06203        0.08523        0.1449         0.1852         0.2151         0.2844         0.3139         0.3396         0.3699         0.3867         0.3897         0.4086         0.4195         0.4139         0.4183         0.4191         0.4198         0.4202         0.4202         0.4177         
0.01404        0.02195        0.02038        0.02594        0.008434       0.02161        0.02192        0.01159        0.0242         0.02376        0.01383        0.008607       0.009519       0.01193        0.007829       0.00611        0.009066       0.01001        0.008005       0.007125       
0.03365        0.05161        0.08988        0.1233         0.1501         0.2047         0.2339         0.2484         0.2855         0.3015         0.3033         0.3161         0.3323         0.3243         0.3279         0.3289         0.3276         0.3294         0.33           0.3275         
0.0141         0.0139         0.01838        0.02027        0.009948       0.01528        0.01474        0.01134        0.02082        0.02302        0.01953        0.01089        0.01045        0.01226        0.009983       0.008413       0.01097        0.01205        0.01043        0.008695       
0.0114         0.015          0.0234         0.039          0.0562         0.0854         0.1222         0.1642         0.227          0.3046         0.386          0.4776         0.5334         0.5918         0.632          0.6498         0.6602         0.6752         0.6674         0.6684         
0.0008         0.00228        0.004964       0.003286       0.00449        0.003929       0.005636       0.007386       0.006164       0.0204         0.01579        0.01266        0.01504        0.01447        0.01777        0.01809        0.01885        0.0249         0.02173        0.01968        
1              1              1              1              1              1              1              1              1              1              1              1              1              1              1              1              1              1              1              1              
0              0              0              0              0              0              0              0              0              0              0              0              0              0              0              0              0              0              0              0              
0.4687         0.4687         0.4687         0.4687         0.4687         0.4687         0.4687         0.4687         0.4687         0.4687         0.4687         0.4687         0.4687         0.4687         0.4687         0.4687         0.4687         0.4687         0.4687         0.4687         
0.009207       0.009207       0.009207       0.009207       0.009207       0.009207       0.009207       0.009207       0.009207       0.009207       0.009207       0.009207       0.009207       0.009207       0.009207       0.009207       0.009207       0.009207       0.009207       0.009207       
0.3807         0.3807         0.3807         0.3807         0.3807         0.3807         0.3807         0.3807         0.3807         0.3807         0.3807         0.3807         0.3807         0.3807         0.3807         0.3807         0.3807         0.3807         0.3807         0.3807         
0.01279        0.01279        0.01279        0.01279        0.01279        0.01279        0.01279        0.01279        0.01279        0.01279        0.01279        0.01279        0.01279        0.01279        0.01279        0.01279        0.01279        0.01279        0.01279        0.01279        
0.4339         0.4339         0.4339         0.4339         0.4339         0.4339         0.4339         0.4339         0.4339         0.4339         0.4339         0.4339         0.4339         0.4339         0.4339         0.4339         0.4339         0.4339         0.4339         0.4339         
0.008016       0.008016       0.008016       0.008016       0.008016       0.008016       0.008016       0.008016       0.008016       0.008016       0.008016       0.008016       0.008016       0.008016       0.008016       0.008016       0.008016       0.008016       0.008016       0.008016       
0.3403         0.3403         0.3403         0.3403         0.3403         0.3403         0.3403         0.3403         0.3403         0.3403         0.3403         0.3403         0.3403         0.3403         0.3403         0.3403         0.3403         0.3403         0.3403         0.3403         
0.00588        0.00588        0.00588        0.00588        0.00588        0.00588        0.00588        0.00588        0.00588        0.00588        0.00588        0.00588        0.00588        0.00588        0.00588        0.00588        0.00588        0.00588        0.00588        0.00588        
0.5768         0.5768         0.5776         0.578          0.574          0.5738         0.5788         0.5756         0.5772         0.5806         0.5748         0.5744         0.5758         0.5744         0.5774         0.577          0.5748         0.575          0.571          0.5708         
0.01281        0.01212        0.01132        0.01022        0.008075       0.009786       0.009745       0.009394       0.007705       0.009415       0.01096        0.01038        0.009042       0.01127        0.01419        0.009529       0.007859       0.01218        0.009654       0.009662       
0.0001183      0.0001183      0.0002564      0.000789       0.001519       0.003195       0.009763       0.02748        0.06903        0.152          0.2976         0.5148         0.7442         0.9022         0.9708         0.9925         0.9982         0.9994         0.9999         0.9999         
3.945e-005     3.945e-005     0.0001006      0.0001764      0.0002541      0.00023        0.0007536      0.002575       0.002907       0.004503       0.007073       0.01032        0.007674       0.002464       0.002503       0.0005005      0.0002069      0.0002196      7.38e-005      4.831e-005     
0.03835        0.03835        0.03888        0.041          0.04677        0.04762        0.09537        0.2246         0.3446         0.3902         0.4294         0.4436         0.4541         0.4567         0.4596         0.4581         0.4591         0.4588         0.4586         0.4585         
0.0002308      0.0002308      0.0006678      0.003614       0.005105       0.007091       0.02218        0.05371        0.02044        0.01991        0.01417        0.006838       0.009924       0.01038        0.009293       0.009811       0.008885       0.009361       0.009419       0.009369       
0.01582        0.01582        0.02271        0.02499        0.02855        0.02276        0.05309        0.1563         0.2593         0.3061         0.3395         0.3552         0.3672         0.3695         0.3723         0.3709         0.372          0.3718         0.3717         0.3715         
0.003007       0.003007       0.00679        0.006411       0.008211       0.004021       0.01757        0.04044        0.02138        0.02322        0.01632        0.01102        0.0139         0.01366        0.01312        0.01299        0.01209        0.01213        0.01226        0.01223        
0.03843        0.03843        0.04071        0.04095        0.04742        0.04772        0.1032         0.2188         0.3218         0.3651         0.3921         0.4048         0.4147         0.4152         0.4165         0.4168         0.4166         0.4169         0.4169         0.4164         
6.154e-005     6.154e-005     0.002155       0.00203        0.006364       0.007306       0.03037        0.04634        0.02205        0.01956        0.01374        0.01046        0.00833        0.008865       0.007831       0.006272       0.007467       0.007036       0.007204       0.006765       
0.02078        0.02078        0.0213         0.02422        0.02385        0.02712        0.0543         0.1441         0.2322         0.2778         0.303          0.3143         0.3234         0.3248         0.3264         0.326          0.3264         0.3265         0.3267         0.3264         
0.008007       0.008007       0.004101       0.004928       0.005043       0.007799       0.02038        0.03122        0.02378        0.02298        0.01467        0.01384        0.01095        0.01084        0.008984       0.009          0.009352       0.009628       0.009432       0.00907        
0.005          0.0054         0.0054         0.0062         0.0072         0.0098         0.0182         0.0428         0.0938         0.1906         0.3304         0.4882         0.6062         0.6522         0.668          0.6794         0.6748         0.6766         0.6722         0.6702         
0              0.0004899      0.0004899      0.0007483      0.0007483      0.0004         0.001327       0.004069       0.004354       0.007116       0.009178       0.0203         0.02088        0.0235         0.01909        0.01819        0.02056        0.02121        0.01936        0.02051        
