1              1              1              1              1              1              1              1              1              1              1              1              1              1              1              1              1              1              1              1              
0              0              0              0              0              0              0              0              0              0              0              0              0              0              0              0              0              0              0              0              
0.5908         0.5908         0.5908         0.5908         0.5908         0.5908         0.5908         0.5908         0.5908         0.5908         0.5908         0.5908         0.5908         0.5908         0.5908         0.5908         0.5908         0.5908         0.5908         0.5908         
0.06077        0.06077        0.06077        0.06077        0.06077        0.06077        0.06077        0.06077        0.06077        0.06077        0.06077        0.06077        0.06077        0.06077        0.06077        0.06077        0.06077        0.06077        0.06077        0.06077        
0.4963         0.4963         0.4963         0.4963         0.4963         0.4963         0.4963         0.4963         0.4963         0.4963         0.4963         0.4963         0.4963         0.4963         0.4963         0.4963         0.4963         0.4963         0.4963         0.4963         
0.06958        0.06958        0.06958        0.06958        0.06958        0.06958        0.06958        0.06958        0.06958        0.06958        0.06958        0.06958        0.06958        0.06958        0.06958        0.06958        0.06958        0.06958        0.06958        0.06958        
0.5816         0.5816         0.5816         0.5816         0.5816         0.5816         0.5816         0.5816         0.5816         0.5816         0.5816         0.5816         0.5816         0.5816         0.5816         0.5816         0.5816         0.5816         0.5816         0.5816         
0.04898        0.04898        0.04898        0.04898        0.04898        0.04898        0.04898        0.04898        0.04898        0.04898        0.04898        0.04898        0.04898        0.04898        0.04898        0.04898        0.04898        0.04898        0.04898        0.04898        
0.4785         0.4785         0.4785         0.4785         0.4785         0.4785         0.4785         0.4785         0.4785         0.4785         0.4785         0.4785         0.4785         0.4785         0.4785         0.4785         0.4785         0.4785         0.4785         0.4785         
0.05145        0.05145        0.05145        0.05145        0.05145        0.05145        0.05145        0.05145        0.05145        0.05145        0.05145        0.05145        0.05145        0.05145        0.05145        0.05145        0.05145        0.05145        0.05145        0.05145        
0.0092         0.0092         0.0092         0.0092         0.0092         0.0092         0.0092         0.0092         0.0092         0.0092         0.0092         0.0092         0.0092         0.0092         0.0092         0.0092         0.0092         0.0092         0.0092         0.0092         
0.007521       0.007521       0.007521       0.007521       0.007521       0.007521       0.007521       0.007521       0.007521       0.007521       0.007521       0.007521       0.007521       0.007521       0.007521       0.007521       0.007521       0.007521       0.007521       0.007521       
0.008321       0.01251        0.0195         0.03005        0.04487        0.0683         0.09947        0.148          0.2278         0.3283         0.4547         0.5965         0.7278         0.8336         0.9069         0.9498         0.9744         0.9867         0.9938         0.9965         
0.001498       0.0005445      0.000653       0.00138        0.001811       0.001039       0.003159       0.003001       0.002131       0.002783       0.005269       0.004501       0.0053         0.004011       0.002021       0.0008195      0.0005125      0.0002691      0.000448       0.000406       
0.3856         0.4014         0.4698         0.5615         0.5766         0.5596         0.6156         0.5727         0.5929         0.5843         0.5959         0.6101         0.6037         0.6023         0.5916         0.6002         0.5911         0.591          0.59           0.591          
0.1572         0.1138         0.1401         0.08265        0.0687         0.06266        0.08479        0.0977         0.06104        0.0688         0.0447         0.04527        0.04191        0.05225        0.06365        0.05789        0.06063        0.05859        0.06022        0.06095        
0.3313         0.3344         0.3882         0.4919         0.4953         0.4656         0.5335         0.4743         0.4939         0.4887         0.4962         0.5108         0.5092         0.5037         0.4984         0.5079         0.4967         0.4968         0.495          0.4962         
0.1292         0.09844        0.1371         0.08958        0.07067        0.06403        0.09525        0.1018         0.07677        0.07218        0.05893        0.05992        0.04814        0.0619         0.0752         0.06584        0.07048        0.06696        0.06894        0.07046        
0.3826         0.412          0.4609         0.5475         0.5565         0.5645         0.6008         0.5461         0.5816         0.5738         0.5844         0.5942         0.5898         0.5862         0.582          0.5886         0.5837         0.585          0.5802         0.5825         
0.1622         0.12           0.123          0.08139        0.06922        0.04937        0.06576        0.06841        0.04504        0.05075        0.03902        0.04092        0.0378         0.03552        0.04709        0.04109        0.05104        0.04595        0.04706        0.04791        
0.3186         0.3389         0.3752         0.4653         0.4657         0.4597         0.5089         0.4526         0.482          0.4711         0.4822         0.4886         0.4801         0.4794         0.4759         0.4847         0.482          0.4811         0.4765         0.4793         
0.1306         0.1043         0.1194         0.08845        0.06893        0.04692        0.07439        0.071          0.05353        0.05721        0.04898        0.0503         0.04211        0.03703        0.04946        0.04324        0.05307        0.04564        0.04856        0.05068        
0              0.0062         0.0092         0.003          0.0016         0.0102         0.0072         0.0078         0.0084         0.0092         0.0102         0.0106         0.0112         0.0116         0.0118         0.012          0.012          0.0126         0.0118         0.012          
0              0.0076         0.007521       0.006          0.002728       0.004354       0.0004         0.0004         0.0004899      0.0004         0.0004         0.0004899      0.0007483      0.0004899      0.0004         0              0              0.0004899      0.0004         0.0006325      
0.008203       0.01243        0.01939        0.02944        0.04455        0.06865        0.1004         0.1476         0.2275         0.3312         0.4533         0.5943         0.7283         0.8328         0.908          0.9505         0.9748         0.9863         0.9943         0.9962         
0.001875       0.0009449      0.001502       0.001418       0.002418       0.002194       0.003513       0.003771       0.003177       0.007559       0.004924       0.006662       0.008406       0.005343       0.003759       0.002126       0.001081       0.0004336      0.0009625      0.0006993      
0.2871         0.3404         0.3951         0.4363         0.4185         0.4935         0.4803         0.5405         0.5207         0.5788         0.5384         0.585          0.6016         0.5716         0.5944         0.6087         0.5858         0.5906         0.5881         0.5903         
0.06566        0.07265        0.089          0.098          0.03746        0.07152        0.07502        0.03991        0.06163        0.05438        0.05073        0.05468        0.04357        0.05874        0.06614        0.06051        0.06172        0.05752        0.05929        0.06104        
0.242          0.2731         0.3202         0.3621         0.3358         0.4045         0.3809         0.4671         0.4281         0.4836         0.448          0.493          0.5046         0.4719         0.4987         0.5167         0.4906         0.496          0.4941         0.4966         
0.05178        0.06244        0.09199        0.09862        0.04557        0.07623        0.06945        0.05043        0.06852        0.05974        0.04752        0.06575        0.05018        0.06786        0.07846        0.0688         0.07343        0.06681        0.06798        0.07205        
0.2832         0.3449         0.377          0.4266         0.42           0.4929         0.4708         0.5327         0.5183         0.5816         0.5294         0.5703         0.5841         0.5673         0.58           0.6            0.5772         0.5838         0.5786         0.5825         
0.06212        0.07341        0.08157        0.09988        0.0436         0.05426        0.08014        0.04121        0.04422        0.04753        0.04826        0.02914        0.0419         0.04869        0.04731        0.04598        0.05335        0.04733        0.0472         0.04919        
0.2296         0.2772         0.2997         0.338          0.3279         0.3974         0.3687         0.4401         0.4154         0.4844         0.4355         0.4652         0.4744         0.4593         0.4702         0.4976         0.4743         0.4797         0.4754         0.4781         
0.04784        0.06758        0.08061        0.1032         0.04434        0.04627        0.08868        0.05115        0.04257        0.05336        0.0412         0.03459        0.04418        0.0552         0.05556        0.05563        0.0581         0.04956        0.04907        0.05197        
0.0032         0              0.0092         0.0076         0.0058         0.007          0.0066         0.007          0.008          0.0084         0.0092         0.01           0.0112         0.0112         0.0118         0.0118         0.0122         0.012          0.012          0.012          
0.0064         0              0.007521       0.006946       0.005879       0.005138       0.0004899      8.674e-019     0              0.0004899      0.0004         0              0.0004         0.0004         0.0004         0.0004         0.0004         0.0006325      0              0.0006325      
1              1              1              1              1              1              1              1              1              1              1              1              1              1              1              1              1              1              1              1              
0              0              0              0              0              0              0              0              0              0              0              0              0              0              0              0              0              0              0              0              
0.7452         0.7452         0.7452         0.7452         0.7452         0.7452         0.7452         0.7452         0.7452         0.7452         0.7452         0.7452         0.7452         0.7452         0.7452         0.7452         0.7452         0.7452         0.7452         0.7452         
0.008562       0.008562       0.008562       0.008562       0.008562       0.008562       0.008562       0.008562       0.008562       0.008562       0.008562       0.008562       0.008562       0.008562       0.008562       0.008562       0.008562       0.008562       0.008562       0.008562       
0.6725         0.6725         0.6725         0.6725         0.6725         0.6725         0.6725         0.6725         0.6725         0.6725         0.6725         0.6725         0.6725         0.6725         0.6725         0.6725         0.6725         0.6725         0.6725         0.6725         
0.01173        0.01173        0.01173        0.01173        0.01173        0.01173        0.01173        0.01173        0.01173        0.01173        0.01173        0.01173        0.01173        0.01173        0.01173        0.01173        0.01173        0.01173        0.01173        0.01173        
0.7161         0.7161         0.7161         0.7161         0.7161         0.7161         0.7161         0.7161         0.7161         0.7161         0.7161         0.7161         0.7161         0.7161         0.7161         0.7161         0.7161         0.7161         0.7161         0.7161         
0.02119        0.02119        0.02119        0.02119        0.02119        0.02119        0.02119        0.02119        0.02119        0.02119        0.02119        0.02119        0.02119        0.02119        0.02119        0.02119        0.02119        0.02119        0.02119        0.02119        
0.632          0.632          0.632          0.632          0.632          0.632          0.632          0.632          0.632          0.632          0.632          0.632          0.632          0.632          0.632          0.632          0.632          0.632          0.632          0.632          
0.03741        0.03741        0.03741        0.03741        0.03741        0.03741        0.03741        0.03741        0.03741        0.03741        0.03741        0.03741        0.03741        0.03741        0.03741        0.03741        0.03741        0.03741        0.03741        0.03741        
0.7158         0.7158         0.7158         0.7158         0.7158         0.7158         0.7158         0.7158         0.7158         0.7158         0.7158         0.7158         0.7158         0.7158         0.7158         0.7158         0.7158         0.7158         0.7158         0.7158         
0.03826        0.03826        0.03826        0.03826        0.03826        0.03826        0.03826        0.03826        0.03826        0.03826        0.03826        0.03826        0.03826        0.03826        0.03826        0.03826        0.03826        0.03826        0.03826        0.03826        
0.006683       0.009972       0.01629        0.02646        0.04129        0.06163        0.09829        0.1484         0.2213         0.3221         0.4421         0.5856         0.7198         0.8264         0.9028         0.9488         0.9728         0.986          0.9936         0.9965         
0.000496       0.0007981      0.001132       0.002056       0.002796       0.002998       0.009266       0.004307       0.01223        0.01173        0.01082        0.00886        0.01124        0.009833       0.004314       0.002733       0.002216       0.0006648      0.0008855      0.000267       
0.4813         0.5398         0.5424         0.6651         0.6758         0.7064         0.7261         0.7275         0.7226         0.7367         0.7416         0.7429         0.7444         0.7463         0.7437         0.7471         0.7438         0.7468         0.746          0.7466         
0.07428        0.03962        0.04216        0.05158        0.0489         0.01261        0.01967        0.01689        0.01912        0.01146        0.004983       0.008031       0.01072        0.01079        0.009339       0.01192        0.01097        0.01038        0.009708       0.01011        
0.3946         0.4465         0.4478         0.576          0.5976         0.6394         0.657          0.6587         0.6472         0.6652         0.6701         0.6712         0.6732         0.6738         0.6713         0.6743         0.6706         0.6749         0.6735         0.6743         
0.06926        0.06611        0.04775        0.05969        0.06596        0.01785        0.02867        0.02611        0.02613        0.0192         0.01013        0.01677        0.0146         0.01513        0.01092        0.0161         0.01493        0.01272        0.01272        0.01141        
0.4643         0.5342         0.5387         0.6592         0.6644         0.6829         0.7099         0.7082         0.7036         0.7132         0.7149         0.7138         0.7164         0.7157         0.7148         0.717          0.7148         0.7156         0.716          0.7161         
0.05776        0.04017        0.06759        0.02378        0.04757        0.03103        0.02852        0.02765        0.02733        0.02202        0.02809        0.02023        0.01956        0.02109        0.02205        0.0217         0.02062        0.02184        0.02129        0.02233        
0.3568         0.4313         0.4475         0.5657         0.5733         0.6033         0.6259         0.6233         0.62           0.6291         0.631          0.6313         0.6348         0.6333         0.6318         0.6348         0.6316         0.6334         0.6332         0.634          
0.06033        0.04845        0.07777        0.03657        0.06457        0.03943        0.04725        0.04534        0.04526        0.03677        0.04395        0.03578        0.03567        0.03719        0.03669        0.03789        0.03721        0.038          0.03696        0.03713        
0.0188         0.028          0.0466         0.057          0.0902         0.126          0.1916         0.2632         0.352          0.4466         0.5286         0.6108         0.6606         0.699          0.7152         0.727          0.7318         0.7342         0.7338         0.7362         
0.006615       0.006          0.0004899      0.01404        0.006882       0.004336       0.02037        0.01053        0.02569        0.02375        0.03102        0.03455        0.03934        0.0454         0.03894        0.04002        0.04183        0.04114        0.04011        0.04085        
0.006838       0.01019        0.01617        0.02594        0.04151        0.06233        0.09823        0.1479         0.2212         0.319          0.4413         0.5846         0.7216         0.8256         0.9046         0.9496         0.9721         0.9863         0.9939         0.9966         
0.001064       0.00092        0.002147       0.00205        0.002454       0.00359        0.009321       0.004686       0.01309        0.01428        0.0117         0.01134        0.0132         0.0123         0.00368        0.003819       0.003051       0.001218       0.0007779      0.0005509      
0.374          0.4275         0.4898         0.5102         0.6138         0.656          0.6363         0.6789         0.6882         0.7231         0.7328         0.742          0.7402         0.7429         0.7457         0.7452         0.7464         0.7432         0.7455         0.7442         
0.04774        0.04333        0.07735        0.09518        0.04227        0.03975        0.05219        0.03581        0.01213        0.01672        0.01169        0.005561       0.01173        0.007963       0.01428        0.01153        0.008872       0.00953        0.009611       0.01045        
0.2982         0.3396         0.4026         0.4187         0.5265         0.5665         0.5445         0.5941         0.6039         0.65           0.6592         0.6721         0.6667         0.6732         0.6751         0.673          0.675          0.6711         0.6746         0.6717         
0.05478        0.06492        0.09335        0.08807        0.05261        0.05159        0.05798        0.0396         0.01389        0.01868        0.01499        0.01314        0.01314        0.009273       0.01595        0.01251        0.01284        0.01275        0.01239        0.01341        
0.4028         0.4185         0.4921         0.4858         0.5938         0.6536         0.6013         0.6674         0.6724         0.7017         0.7109         0.7173         0.7103         0.717          0.7168         0.7127         0.7154         0.7142         0.7144         0.7152         
0.05044        0.05305        0.07865        0.08146        0.04354        0.02588        0.03924        0.0386         0.03108        0.02356        0.0323         0.02286        0.02237        0.02106        0.01977        0.02193        0.02031        0.0216         0.01986        0.02157        
0.315          0.3408         0.4026         0.3877         0.4958         0.5607         0.4892         0.5759         0.5807         0.617          0.6265         0.6364         0.6261         0.635          0.6338         0.6296         0.634          0.6307         0.6323         0.6329         
0.05105        0.07469        0.08434        0.08119        0.06237        0.02446        0.04732        0.04835        0.04456        0.03749        0.04559        0.03755        0.0387         0.03848        0.03428        0.03692        0.03599        0.03627        0.03547        0.03696        
0.0188         0.0282         0.0312         0.0412         0.0624         0.0824         0.1146         0.1604         0.219          0.291          0.382          0.4828         0.5722         0.6258         0.6798         0.7086         0.7204         0.7334         0.7358         0.7354         
0.006112       0.006615       0.0004         0.007167       0.001625       0.006829       0.01261        0.01129        0.00992        0.01765        0.02099        0.02306        0.03836        0.04183        0.03862        0.0406         0.03813        0.03819        0.04268        0.03944        
1              1              1              1              1              1              1              1              1              1              1              1              1              1              1              1              1              1              1              1              
0              0              0              0              0              0              0              0              0              0              0              0              0              0              0              0              0              0              0              0              
0.7741         0.7741         0.7741         0.7741         0.7741         0.7741         0.7741         0.7741         0.7741         0.7741         0.7741         0.7741         0.7741         0.7741         0.7741         0.7741         0.7741         0.7741         0.7741         0.7741         
0.005442       0.005442       0.005442       0.005442       0.005442       0.005442       0.005442       0.005442       0.005442       0.005442       0.005442       0.005442       0.005442       0.005442       0.005442       0.005442       0.005442       0.005442       0.005442       0.005442       
0.7047         0.7047         0.7047         0.7047         0.7047         0.7047         0.7047         0.7047         0.7047         0.7047         0.7047         0.7047         0.7047         0.7047         0.7047         0.7047         0.7047         0.7047         0.7047         0.7047         
0.009812       0.009812       0.009812       0.009812       0.009812       0.009812       0.009812       0.009812       0.009812       0.009812       0.009812       0.009812       0.009812       0.009812       0.009812       0.009812       0.009812       0.009812       0.009812       0.009812       
0.7391         0.7391         0.7391         0.7391         0.7391         0.7391         0.7391         0.7391         0.7391         0.7391         0.7391         0.7391         0.7391         0.7391         0.7391         0.7391         0.7391         0.7391         0.7391         0.7391         
0.01919        0.01919        0.01919        0.01919        0.01919        0.01919        0.01919        0.01919        0.01919        0.01919        0.01919        0.01919        0.01919        0.01919        0.01919        0.01919        0.01919        0.01919        0.01919        0.01919        
0.6602         0.6602         0.6602         0.6602         0.6602         0.6602         0.6602         0.6602         0.6602         0.6602         0.6602         0.6602         0.6602         0.6602         0.6602         0.6602         0.6602         0.6602         0.6602         0.6602         
0.02508        0.02508        0.02508        0.02508        0.02508        0.02508        0.02508        0.02508        0.02508        0.02508        0.02508        0.02508        0.02508        0.02508        0.02508        0.02508        0.02508        0.02508        0.02508        0.02508        
0.6584         0.6586         0.656          0.654          0.6906         0.6762         0.6784         0.6752         0.68           0.6794         0.6762         0.6764         0.6734         0.6738         0.677          0.6768         0.6766         0.6776         0.6764         0.6776         
0.03193        0.02885        0.02668        0.03103        0.03574        0.03054        0.03024        0.02912        0.02971        0.02833        0.02876        0.02988        0.0296         0.02923        0.02838        0.02892        0.02921        0.02955        0.0289         0.02991        
9.497e-005     0.0001306      0.0002612      0.0004748      0.001187       0.003217       0.007692       0.01854        0.04142        0.0917         0.1904         0.365          0.6086         0.8246         0.9435         0.9848         0.996          0.9992         0.9996         0.9999         
4.748e-005     4.442e-005     0.0001101      6.502e-005     0.0002628      0.0003686      0.0003802      0.002227       0.002306       0.006215       0.008278       0.007837       0.0103         0.006229       0.001878       0.0009956      0.0002507      0.0001279      0.0001222      4.442e-005     
0.1002         0.1029         0.109          0.1194         0.1608         0.3019         0.4673         0.5782         0.6728         0.7089         0.7297         0.7355         0.7412         0.745          0.7456         0.7449         0.7452         0.7452         0.7448         0.7452         
0.00035        0.007812       0.01135        0.02173        0.0481         0.09406        0.07505        0.07826        0.04977        0.02911        0.01058        0.005324       0.009498       0.008696       0.008711       0.009113       0.009506       0.008791       0.008408       0.008562       
0.09082        0.06572        0.07831        0.09921        0.1202         0.2439         0.3781         0.4932         0.5922         0.6317         0.6563         0.664          0.6692         0.6735         0.6733         0.6729         0.6732         0.6725         0.6723         0.6725         
0.01328        0.01098        0.02259        0.01783        0.03503        0.08005        0.0717         0.07984        0.0645         0.03887        0.02149        0.01138        0.01354        0.01243        0.0115         0.01247        0.01311        0.01157        0.0115         0.01173        
0.1022         0.1036         0.104          0.1188         0.1663         0.2979         0.4713         0.5852         0.6613         0.685          0.7057         0.7101         0.715          0.716          0.7145         0.7165         0.7166         0.7158         0.716          0.7161         
0.00432        0.01026        0.003111       0.01419        0.04073        0.0918         0.06209        0.06905        0.05296        0.04626        0.02602        0.02599        0.02423        0.01915        0.02179        0.02153        0.02109        0.02115        0.0213         0.02119        
0.08984        0.06824        0.07569        0.09122        0.1218         0.24           0.3718         0.4843         0.5723         0.5962         0.6198         0.6264         0.6317         0.6339         0.6316         0.6328         0.6331         0.6318         0.632          0.632          
0.01526        0.007534       0.0214         0.01841        0.03071        0.07464        0.04998        0.06332        0.06868        0.06715        0.04729        0.04294        0.03973        0.03507        0.03849        0.03798        0.03727        0.03738        0.03748        0.03741        
0.0032         0.0132         0.003          0.0122         0.0094         0.0144         0.0238         0.0466         0.0908         0.1736         0.2996         0.4676         0.6178         0.6948         0.7266         0.736          0.739          0.74           0.7408         0.7378         
0.0064         0.01262        0.006          0.003868       0.005919       0.001356       0.0016         0.005987       0.006177       0.01598        0.02385        0.02877        0.03698        0.03884        0.03985        0.0412         0.04073        0.0396         0.0423         0.04072        
