1              1              1              1              1              1              1              1              1              1              1              1              1              1              1              1              1              1              1              1              
0              0              0              0              0              0              0              0              0              0              0              0              0              0              0              0              0              0              0              0              
0.2748         0.2748         0.2748         0.2748         0.2748         0.2748         0.2748         0.2748         0.2748         0.2748         0.2748         0.2748         0.2748         0.2748         0.2748         0.2748         0.2748         0.2748         0.2748         0.2748         
0.001646       0.001646       0.001646       0.001646       0.001646       0.001646       0.001646       0.001646       0.001646       0.001646       0.001646       0.001646       0.001646       0.001646       0.001646       0.001646       0.001646       0.001646       0.001646       0.001646       
0.2034         0.2034         0.2034         0.2034         0.2034         0.2034         0.2034         0.2034         0.2034         0.2034         0.2034         0.2034         0.2034         0.2034         0.2034         0.2034         0.2034         0.2034         0.2034         0.2034         
0.0007505      0.0007505      0.0007505      0.0007505      0.0007505      0.0007505      0.0007505      0.0007505      0.0007505      0.0007505      0.0007505      0.0007505      0.0007505      0.0007505      0.0007505      0.0007505      0.0007505      0.0007505      0.0007505      0.0007505      
0.2503         0.2503         0.2503         0.2503         0.2503         0.2503         0.2503         0.2503         0.2503         0.2503         0.2503         0.2503         0.2503         0.2503         0.2503         0.2503         0.2503         0.2503         0.2503         0.2503         
0.009385       0.009385       0.009385       0.009385       0.009385       0.009385       0.009385       0.009385       0.009385       0.009385       0.009385       0.009385       0.009385       0.009385       0.009385       0.009385       0.009385       0.009385       0.009385       0.009385       
0.1831         0.1831         0.1831         0.1831         0.1831         0.1831         0.1831         0.1831         0.1831         0.1831         0.1831         0.1831         0.1831         0.1831         0.1831         0.1831         0.1831         0.1831         0.1831         0.1831         
0.006926       0.006926       0.006926       0.006926       0.006926       0.006926       0.006926       0.006926       0.006926       0.006926       0.006926       0.006926       0.006926       0.006926       0.006926       0.006926       0.006926       0.006926       0.006926       0.006926       
0.0024         0.0024         0.0024         0.0024         0.0024         0.0024         0.0024         0.0024         0.0024         0.0024         0.0024         0.0024         0.0024         0.0024         0.0024         0.0024         0.0024         0.0024         0.0024         0.0024         
0.0004899      0.0004899      0.0004899      0.0004899      0.0004899      0.0004899      0.0004899      0.0004899      0.0004899      0.0004899      0.0004899      0.0004899      0.0004899      0.0004899      0.0004899      0.0004899      0.0004899      0.0004899      0.0004899      0.0004899      
0.0342         0.05795        0.0919         0.147          0.2296         0.339          0.4723         0.6211         0.7364         0.8418         0.912          0.9545         0.9761         0.9877         0.9925         0.9966         0.9976         0.999          0.9999         0.9999         
0.0006782      0.003261       0.001562       0.003104       0.004958       0.003954       0.006866       0.007521       0.004474       0.002284       0.005505       0.00211        0.000967       0.001198       0.001077       0.0008746      0.0005385      0.0004472      0.0001225      0.0001225      
0.2749         0.2749         0.2749         0.2748         0.2748         0.2749         0.2748         0.2748         0.2748         0.2748         0.2748         0.2748         0.2748         0.2748         0.2748         0.2748         0.2748         0.2748         0.2748         0.2748         
0.001785       0.001785       0.001785       0.001715       0.001861       0.001785       0.001602       0.001743       0.001627       0.001583       0.001602       0.001646       0.001602       0.001646       0.001646       0.001646       0.001646       0.001646       0.001646       0.001646       
0.2034         0.2034         0.2034         0.2034         0.2034         0.2034         0.2034         0.2034         0.2034         0.2034         0.2034         0.2034         0.2034         0.2034         0.2034         0.2034         0.2034         0.2034         0.2034         0.2034         
0.0007696      0.0007683      0.0007605      0.000778       0.0007773      0.0007415      0.0007577      0.000733       0.0007266      0.0007132      0.0007394      0.0007481      0.0007267      0.0007505      0.0007505      0.0007505      0.0007505      0.0007505      0.0007505      0.0007505      
0.2507         0.2507         0.2507         0.2507         0.2507         0.2507         0.2503         0.2503         0.2503         0.2503         0.2503         0.2503         0.2502         0.2502         0.2503         0.2503         0.2503         0.2503         0.2503         0.2503         
0.009382       0.009382       0.009382       0.009382       0.009382       0.009382       0.009385       0.009385       0.009385       0.009385       0.009385       0.009385       0.00929        0.00929        0.009385       0.009385       0.009385       0.009385       0.009385       0.009385       
0.1833         0.1833         0.1833         0.1833         0.1833         0.1833         0.1831         0.1832         0.1832         0.1831         0.1832         0.1831         0.1832         0.1831         0.1832         0.1832         0.1832         0.1832         0.1832         0.1831         
0.006857       0.006873       0.006918       0.006934       0.006934       0.006924       0.006875       0.006886       0.006886       0.006875       0.006901       0.006881       0.006896       0.006943       0.006952       0.006886       0.006952       0.006952       0.006952       0.006926       
0.001          0.001          0.001          0.0012         0.0012         0.0014         0.0016         0.002          0.002          0.0026         0.002          0.0022         0.002          0.0024         0.0024         0.0024         0.0024         0.0024         0.0026         0.0028         
0              0              0              0.0004         0.0004         0.0004899      0.0004899      0              0              0.0004899      0              0.0004         0              0.0004899      0.0004899      0.0004899      0.0004899      0.0004899      0.0004899      0.0004         
0.0353         0.05965        0.0923         0.1443         0.2319         0.3381         0.4757         0.6258         0.7279         0.8397         0.9122         0.9582         0.9778         0.9878         0.9916         0.9966         0.997          0.9985         1              0.9999         
0.001819       0.00392        0.002353       0.004121       0.008727       0.006929       0.0117         0.009825       0.01133        0.002648       0.01261        0.004247       0.001382       0.002286       0.001632       0.002064       0.001077       0.001037       0              0.0001225      
0.2749         0.2749         0.2748         0.2748         0.2748         0.2748         0.2748         0.2748         0.2748         0.2748         0.2748         0.2748         0.2748         0.2748         0.2748         0.2748         0.2748         0.2748         0.2748         0.2748         
0.001785       0.001785       0.00183        0.001646       0.001861       0.00183        0.001602       0.001697       0.001627       0.001583       0.001583       0.001646       0.001602       0.001646       0.001646       0.001646       0.001646       0.001646       0.001646       0.001646       
0.2034         0.2034         0.2034         0.2034         0.2034         0.2034         0.2034         0.2034         0.2034         0.2034         0.2033         0.2034         0.2034         0.2034         0.2034         0.2034         0.2034         0.2034         0.2034         0.2034         
0.0007771      0.0007636      0.0007795      0.0007835      0.0007659      0.0007827      0.0007619      0.0006931      0.0007501      0.0007143      0.0007115      0.0007477      0.0007224      0.000757       0.0007489      0.0007519      0.0007505      0.0007505      0.0007505      0.0007505      
0.2507         0.2507         0.2507         0.2505         0.2507         0.2505         0.2503         0.2503         0.2503         0.2503         0.2503         0.2503         0.2503         0.2502         0.2503         0.2503         0.2503         0.2503         0.2503         0.2503         
0.009382       0.009382       0.009382       0.009476       0.009382       0.009476       0.009385       0.009385       0.009385       0.009385       0.009385       0.009385       0.009385       0.00929        0.009385       0.009385       0.009385       0.009385       0.009385       0.009385       
0.1833         0.1833         0.1833         0.1832         0.1833         0.1833         0.1831         0.1832         0.1832         0.1831         0.1831         0.1832         0.1832         0.1832         0.1831         0.1831         0.1832         0.1831         0.1831         0.1831         
0.006857       0.006934       0.006869       0.006966       0.006934       0.006913       0.006875       0.006886       0.006886       0.006875       0.006875       0.006941       0.006886       0.006892       0.006926       0.006926       0.006912       0.006926       0.006926       0.006926       
0.0008         0.001          0.001          0.0012         0.001          0.0014         0.0016         0.002          0.002          0.0022         0.0022         0.0022         0.0024         0.0024         0.0022         0.0026         0.0022         0.0022         0.0026         0.0022         
0.0004         0              0              0.0004         0              0.0004899      0.0004899      0.0006325      0              0.0004         0.0004         0.0004         0.0004899      0.0004899      0.0004         0.0004899      0.0004         0.0004         0.0004899      0.0004         
1              1              1              1              1              1              1              1              1              1              1              1              1              1              1              1              1              1              1              1              
0              0              0              0              0              0              0              0              0              0              0              0              0              0              0              0              0              0              0              0              
0.2748         0.2748         0.2748         0.2748         0.2748         0.2748         0.2748         0.2748         0.2748         0.2748         0.2748         0.2748         0.2748         0.2748         0.2748         0.2748         0.2748         0.2748         0.2748         0.2748         
0.00183        0.00183        0.00183        0.00183        0.00183        0.00183        0.00183        0.00183        0.00183        0.00183        0.00183        0.00183        0.00183        0.00183        0.00183        0.00183        0.00183        0.00183        0.00183        0.00183        
0.2034         0.2034         0.2034         0.2034         0.2034         0.2034         0.2034         0.2034         0.2034         0.2034         0.2034         0.2034         0.2034         0.2034         0.2034         0.2034         0.2034         0.2034         0.2034         0.2034         
0.0008302      0.0008302      0.0008302      0.0008302      0.0008302      0.0008302      0.0008302      0.0008302      0.0008302      0.0008302      0.0008302      0.0008302      0.0008302      0.0008302      0.0008302      0.0008302      0.0008302      0.0008302      0.0008302      0.0008302      
0.2507         0.2507         0.2507         0.2507         0.2507         0.2507         0.2507         0.2507         0.2507         0.2507         0.2507         0.2507         0.2507         0.2507         0.2507         0.2507         0.2507         0.2507         0.2507         0.2507         
0.009007       0.009007       0.009007       0.009007       0.009007       0.009007       0.009007       0.009007       0.009007       0.009007       0.009007       0.009007       0.009007       0.009007       0.009007       0.009007       0.009007       0.009007       0.009007       0.009007       
0.1833         0.1833         0.1833         0.1833         0.1833         0.1833         0.1833         0.1833         0.1833         0.1833         0.1833         0.1833         0.1833         0.1833         0.1833         0.1833         0.1833         0.1833         0.1833         0.1833         
0.006807       0.006807       0.006807       0.006807       0.006807       0.006807       0.006807       0.006807       0.006807       0.006807       0.006807       0.006807       0.006807       0.006807       0.006807       0.006807       0.006807       0.006807       0.006807       0.006807       
0.0772         0.0772         0.0772         0.0772         0.0772         0.0772         0.0772         0.0772         0.0772         0.0772         0.0772         0.0772         0.0772         0.0772         0.0772         0.0772         0.0772         0.0772         0.0772         0.0772         
0.0007483      0.0007483      0.0007483      0.0007483      0.0007483      0.0007483      0.0007483      0.0007483      0.0007483      0.0007483      0.0007483      0.0007483      0.0007483      0.0007483      0.0007483      0.0007483      0.0007483      0.0007483      0.0007483      0.0007483      
0.03415        0.05795        0.0919         0.147          0.2295         0.3389         0.4724         0.621          0.7357         0.8418         0.912          0.9544         0.9759         0.9877         0.9925         0.9967         0.9976         0.999          0.9999         0.9999         
0.001834       0.003269       0.001428       0.002979       0.004896       0.003964       0.007028       0.007529       0.003916       0.002233       0.005505       0.00207        0.001068       0.001198       0.001077       0.000886       0.0005385      0.0004472      0.0001225      0.0001225      
0.2748         0.2748         0.2747         0.2748         0.2749         0.2751         0.2748         0.2749         0.2749         0.2748         0.2747         0.2749         0.2748         0.2748         0.2748         0.2749         0.2749         0.2749         0.2748         0.2748         
0.001662       0.001665       0.001632       0.001727       0.0018         0.001797       0.001896       0.001958       0.001567       0.001867       0.001828       0.001738       0.001813       0.00183        0.00183        0.001733       0.00178        0.001733       0.00183        0.00183        
0.2034         0.2034         0.2033         0.2034         0.2034         0.2035         0.2034         0.2034         0.2035         0.2034         0.2034         0.2035         0.2034         0.2034         0.2034         0.2034         0.2034         0.2034         0.2034         0.2034         
0.0008499      0.000675       0.0008807      0.0007598      0.0008415      0.0008372      0.0009259      0.0009183      0.0007035      0.0008904      0.0007873      0.0007756      0.000814       0.0008436      0.0008302      0.0007679      0.0008022      0.0007606      0.0008302      0.0008302      
0.2505         0.2507         0.2503         0.2505         0.2507         0.2507         0.2503         0.2507         0.2505         0.2505         0.2507         0.2505         0.2507         0.2507         0.2507         0.2507         0.2507         0.2507         0.2507         0.2507         
0.009476       0.009382       0.009385       0.009293       0.009196       0.009007       0.009385       0.009007       0.009476       0.009293       0.009007       0.009293       0.009007       0.009007       0.009007       0.009007       0.009007       0.009007       0.009007       0.009007       
0.1832         0.1834         0.1832         0.1833         0.1833         0.1834         0.1833         0.1834         0.1833         0.1833         0.1833         0.1833         0.1833         0.1833         0.1833         0.1833         0.1833         0.1833         0.1833         0.1833         
0.006945       0.006908       0.006885       0.006946       0.006924       0.006852       0.006868       0.006806       0.006932       0.006851       0.006803       0.006872       0.006783       0.006807       0.006794       0.006807       0.006807       0.006807       0.006807       0.006807       
0.0036         0.0052         0.0076         0.012          0.0194         0.0264         0.0376         0.0488         0.0582         0.0652         0.0706         0.0742         0.0772         0.077          0.0772         0.078          0.0782         0.0782         0.0782         0.0778         
0.0004899      0.0004         0.0004899      0.0006325      0.001855       0.00102        0.0004899      0.0007483      0.0004         0.0004         0.001356       0.0004         0.0007483      0.0008944      0.0004         0.001414       0.0004         0.00147        0.0007483      0.0004         
0.03655        0.05945        0.09205        0.1444         0.2318         0.3382         0.478          0.6255         0.7275         0.8396         0.9122         0.9569         0.9775         0.9878         0.9916         0.9973         0.997          0.9986         1              0.9999         
0.002477       0.00406        0.002058       0.004017       0.008639       0.006963       0.01132        0.009649       0.007635       0.002587       0.01261        0.003545       0.001541       0.002286       0.001632       0.0007348      0.001077       0.001089       0              0.0001225      
0.2747         0.2748         0.2748         0.2748         0.2751         0.2749         0.2748         0.2748         0.2748         0.2749         0.2748         0.2749         0.2749         0.2748         0.2749         0.2749         0.2749         0.2748         0.2748         0.2748         
0.001747       0.001602       0.001754       0.001715       0.00161        0.001762       0.001743       0.001867       0.001762       0.0018         0.001646       0.00178        0.001855       0.00183        0.00178        0.001733       0.00178        0.00183        0.00183        0.00183        
0.2033         0.2034         0.2034         0.2034         0.2035         0.2034         0.2034         0.2034         0.2034         0.2034         0.2034         0.2034         0.2034         0.2034         0.2034         0.2034         0.2034         0.2034         0.2034         0.2034         
0.0008907      0.0007046      0.0008117      0.000777       0.0008786      0.0008517      0.0008255      0.0008002      0.0008034      0.0008526      0.0008043      0.0007929      0.0008386      0.0008345      0.0007948      0.0007679      0.0008022      0.0008273      0.0008302      0.0008302      
0.2503         0.2505         0.2507         0.2505         0.2507         0.2505         0.2503         0.2505         0.2502         0.2503         0.2507         0.2507         0.2507         0.2507         0.2507         0.2507         0.2507         0.2507         0.2507         0.2507         
0.009385       0.009293       0.009382       0.00893        0.009007       0.009137       0.009026       0.009105       0.00929        0.009215       0.009007       0.009007       0.009007       0.009007       0.009007       0.009007       0.009007       0.009007       0.009007       0.009007       
0.1832         0.1833         0.1833         0.1832         0.1833         0.1832         0.1832         0.1834         0.1832         0.1832         0.1834         0.1833         0.1833         0.1833         0.1833         0.1833         0.1833         0.1833         0.1833         0.1833         
0.00689        0.006871       0.006873       0.00684        0.006707       0.006872       0.0068         0.006845       0.006689       0.006838       0.006774       0.006794       0.006783       0.006807       0.006794       0.006807       0.006807       0.006807       0.006807       0.006807       
0.0036         0.0058         0.0078         0.012          0.0184         0.027          0.0378         0.0494         0.0566         0.065          0.0712         0.0746         0.0766         0.0778         0.0774         0.0784         0.078          0.078          0.0784         0.0784         
0.0008         0.0004         0.0004         0.0006325      0.00102        0.001095       0.0007483      0.0008         0.001356       0.0006325      0.00172        0.0008         0.0008         0.0009798      0.0008         0.0008         0.001095       0              0.00102        0.0004899      
1              1              1              1              1              1              1              1              1              1              1              1              1              1              1              1              1              1              1              1              
0              0              0              0              0              0              0              0              0              0              0              0              0              0              0              0              0              0              0              0              
0.2747         0.2747         0.2747         0.2747         0.2747         0.2747         0.2747         0.2747         0.2747         0.2747         0.2747         0.2747         0.2747         0.2747         0.2747         0.2747         0.2747         0.2747         0.2747         0.2747         
0.001646       0.001646       0.001646       0.001646       0.001646       0.001646       0.001646       0.001646       0.001646       0.001646       0.001646       0.001646       0.001646       0.001646       0.001646       0.001646       0.001646       0.001646       0.001646       0.001646       
0.2034         0.2034         0.2034         0.2034         0.2034         0.2034         0.2034         0.2034         0.2034         0.2034         0.2034         0.2034         0.2034         0.2034         0.2034         0.2034         0.2034         0.2034         0.2034         0.2034         
0.0007445      0.0007445      0.0007445      0.0007445      0.0007445      0.0007445      0.0007445      0.0007445      0.0007445      0.0007445      0.0007445      0.0007445      0.0007445      0.0007445      0.0007445      0.0007445      0.0007445      0.0007445      0.0007445      0.0007445      
0.2507         0.2507         0.2507         0.2507         0.2507         0.2507         0.2507         0.2507         0.2507         0.2507         0.2507         0.2507         0.2507         0.2507         0.2507         0.2507         0.2507         0.2507         0.2507         0.2507         
0.008464       0.008464       0.008464       0.008464       0.008464       0.008464       0.008464       0.008464       0.008464       0.008464       0.008464       0.008464       0.008464       0.008464       0.008464       0.008464       0.008464       0.008464       0.008464       0.008464       
0.1833         0.1833         0.1833         0.1833         0.1833         0.1833         0.1833         0.1833         0.1833         0.1833         0.1833         0.1833         0.1833         0.1833         0.1833         0.1833         0.1833         0.1833         0.1833         0.1833         
0.006686       0.006686       0.006686       0.006686       0.006686       0.006686       0.006686       0.006686       0.006686       0.006686       0.006686       0.006686       0.006686       0.006686       0.006686       0.006686       0.006686       0.006686       0.006686       0.006686       
0.0534         0.0526         0.0532         0.054          0.0552         0.0528         0.054          0.0542         0.054          0.054          0.0538         0.0544         0.054          0.0538         0.0542         0.0542         0.0532         0.0538         0.0538         0.0538         
0.0004899      0.0004899      0.0007483      0.0006325      0.00204        0.0004         0.0008944      0.0004         0.0006325      6.939e-018     0.0007483      0.0004899      6.939e-018     0.0007483      0.0004         0.0007483      0.0004         0.0004         0.0004         0.0004         
