1              1              1              1              1              1              1              1              1              1              1              1              1              1              1              1              1              1              1              1              
0              0              0              0              0              0              0              0              0              0              0              0              0              0              0              0              0              0              0              0              
0.6233         0.6233         0.6233         0.6233         0.6233         0.6233         0.6233         0.6233         0.6233         0.6233         0.6233         0.6233         0.6233         0.6233         0.6233         0.6233         0.6233         0.6233         0.6233         0.6233         
0.02689        0.02689        0.02689        0.02689        0.02689        0.02689        0.02689        0.02689        0.02689        0.02689        0.02689        0.02689        0.02689        0.02689        0.02689        0.02689        0.02689        0.02689        0.02689        0.02689        
0.5391         0.5391         0.5391         0.5391         0.5391         0.5391         0.5391         0.5391         0.5391         0.5391         0.5391         0.5391         0.5391         0.5391         0.5391         0.5391         0.5391         0.5391         0.5391         0.5391         
0.03539        0.03539        0.03539        0.03539        0.03539        0.03539        0.03539        0.03539        0.03539        0.03539        0.03539        0.03539        0.03539        0.03539        0.03539        0.03539        0.03539        0.03539        0.03539        0.03539        
0.598          0.598          0.598          0.598          0.598          0.598          0.598          0.598          0.598          0.598          0.598          0.598          0.598          0.598          0.598          0.598          0.598          0.598          0.598          0.598          
0.01706        0.01706        0.01706        0.01706        0.01706        0.01706        0.01706        0.01706        0.01706        0.01706        0.01706        0.01706        0.01706        0.01706        0.01706        0.01706        0.01706        0.01706        0.01706        0.01706        
0.5074         0.5074         0.5074         0.5074         0.5074         0.5074         0.5074         0.5074         0.5074         0.5074         0.5074         0.5074         0.5074         0.5074         0.5074         0.5074         0.5074         0.5074         0.5074         0.5074         
0.0169         0.0169         0.0169         0.0169         0.0169         0.0169         0.0169         0.0169         0.0169         0.0169         0.0169         0.0169         0.0169         0.0169         0.0169         0.0169         0.0169         0.0169         0.0169         0.0169         
0.0802         0.0802         0.0802         0.0802         0.0802         0.0802         0.0802         0.0802         0.0802         0.0802         0.0802         0.0802         0.0802         0.0802         0.0802         0.0802         0.0802         0.0802         0.0802         0.0802         
0.001166       0.001166       0.001166       0.001166       0.001166       0.001166       0.001166       0.001166       0.001166       0.001166       0.001166       0.001166       0.001166       0.001166       0.001166       0.001166       0.001166       0.001166       0.001166       0.001166       
0.003478       0.005244       0.009544       0.0167         0.02752        0.05138        0.0882         0.1451         0.219          0.3202         0.4332         0.5632         0.6816         0.7861         0.8661         0.924          0.9591         0.978          0.9878         0.9944         
0.0007033      0.0003417      0.001          0.001918       0.002651       0.002103       0.001744       0.005414       0.000969       0.003606       0.004284       0.006379       0.005037       0.005336       0.004518       0.0016         0.001299       0.001338       0.000635       0.000581       
0.1815         0.1715         0.1926         0.2282         0.2408         0.3184         0.2947         0.3819         0.5387         0.5009         0.5347         0.5747         0.5831         0.6071         0.6155         0.6043         0.6235         0.6231         0.6196         0.6221         
0.01304        0.006839       0.04416        0.06975        0.06765        0.02568        0.1215         0.06826        0.03435        0.02852        0.02893        0.02285        0.033          0.03596        0.0159         0.04771        0.02449        0.02391        0.02694        0.02641        
0.1379         0.1277         0.1587         0.1868         0.2145         0.2587         0.2546         0.3209         0.452          0.4375         0.4708         0.5111         0.5046         0.5186         0.5313         0.5288         0.5391         0.5386         0.5378         0.5376         
0.01548        0.03407        0.03956        0.056          0.05799        0.01711        0.08284        0.0804         0.0227         0.02264        0.01556        0.01867        0.02841        0.03607        0.02937        0.04737        0.03387        0.03302        0.03727        0.03449        
0.1776         0.1797         0.1895         0.2264         0.2352         0.3424         0.2955         0.4239         0.5441         0.5008         0.5472         0.5677         0.5763         0.5912         0.5951         0.5893         0.6023         0.5979         0.5987         0.6            
0.0104         0.01318        0.03782        0.06607        0.06417        0.03586        0.1117         0.06857        0.02763        0.03704        0.02675        0.01191        0.01376        0.01721        0.01932        0.02491        0.01797        0.01506        0.01497        0.01749        
0.1303         0.1299         0.16           0.1755         0.1995         0.2798         0.2383         0.3477         0.4705         0.4365         0.4704         0.495          0.4847         0.4974         0.5079         0.5073         0.5093         0.5086         0.5085         0.5091         
0.02014        0.03652        0.02742        0.05659        0.05176        0.03528        0.06921        0.06174        0.01371        0.03364        0.02341        0.01387        0.02283        0.01679        0.01911        0.01971        0.01658        0.01609        0.01472        0.01717        
0.0412         0.0414         0.0414         0.0424         0.043          0.0442         0.0464         0.0502         0.0544         0.06           0.0668         0.0724         0.0742         0.0766         0.0778         0.0796         0.0808         0.0796         0.0796         0.0796         
0.0007483      0.0004899      0.0004899      0.0004899      0.0006325      0.0004         0.0004899      0.0004         0.0004899      0.0006325      0.0004         0.00102        0.0007483      0.0008         0.0007483      0.0008         0.0004         0.0004899      0.0008         0.0008         
0.0032         0.005389       0.009567       0.01611        0.02856        0.05134        0.08849        0.145          0.2178         0.3195         0.4335         0.5645         0.6846         0.7866         0.8664         0.9239         0.96           0.9779         0.9869         0.9944         
0.0005969      0.0008233      0.0009778      0.001981       0.003434       0.001989       0.002133       0.006337       0.003253       0.003979       0.004873       0.00842        0.005269       0.00574        0.006613       0.003146       0.002162       0.002912       0.0009496      0.0003381      
0.2379         0.2317         0.2725         0.3307         0.2926         0.3781         0.3182         0.412          0.4885         0.4633         0.4956         0.55           0.5685         0.577          0.6072         0.59           0.6218         0.5986         0.6173         0.6208         
0.03692        0.03333        0.04716        0.01999        0.06985        0.08318        0.1121         0.03552        0.08218        0.05463        0.03279        0.03903        0.03795        0.06188        0.03831        0.03625        0.01693        0.04029        0.02832        0.02618        
0.1997         0.161          0.1912         0.271          0.2458         0.2888         0.272          0.3275         0.42           0.4037         0.4316         0.4849         0.5021         0.4944         0.535          0.514          0.5429         0.522          0.5349         0.5377         
0.05115        0.0424         0.04218        0.01981        0.05287        0.07716        0.07624        0.03737        0.06387        0.04087        0.01704        0.03319        0.03197        0.04698        0.0383         0.0347         0.02683        0.04444        0.03468        0.0323         
0.2443         0.2208         0.2575         0.3357         0.2908         0.3952         0.3299         0.4201         0.4635         0.4723         0.5148         0.5449         0.5559         0.5597         0.5967         0.5813         0.5948         0.5829         0.5992         0.6015         
0.04196        0.04123        0.06214        0.037          0.05936        0.08648        0.127          0.02761        0.0693         0.03931        0.02588        0.03331        0.01694        0.0373         0.02673        0.02113        0.02126        0.01781        0.01885        0.01797        
0.1772         0.1515         0.1908         0.2667         0.2403         0.3126         0.2738         0.3226         0.3978         0.4158         0.4339         0.4599         0.4829         0.4825         0.5029         0.5038         0.5094         0.4969         0.5081         0.5103         
0.05867        0.04879        0.0538         0.03234        0.04239        0.06665        0.0899         0.04382        0.05301        0.05327        0.03499        0.03995        0.01533        0.02953        0.01849        0.0218         0.01784        0.02367        0.01622        0.01621        
0.0414         0.0414         0.0416         0.0414         0.0426         0.0438         0.0454         0.0482         0.0512         0.0556         0.0618         0.0658         0.0694         0.0732         0.0754         0.078          0.0794         0.0792         0.0792         0.0788         
0.0004899      0.0004899      0.0008         0.0004899      0.0004899      0.0004         0.0004899      0.0007483      0.0004         0.0004899      0.00147        0.0004         0.0004899      0.001166       0.00102        0.001414       0.0004899      0.0007483      0.0007483      0.0004         
1              1              1              1              1              1              1              1              1              1              1              1              1              1              1              1              1              1              1              1              
0              0              0              0              0              0              0              0              0              0              0              0              0              0              0              0              0              0              0              0              
0.7667         0.7667         0.7667         0.7667         0.7667         0.7667         0.7667         0.7667         0.7667         0.7667         0.7667         0.7667         0.7667         0.7667         0.7667         0.7667         0.7667         0.7667         0.7667         0.7667         
0.02218        0.02218        0.02218        0.02218        0.02218        0.02218        0.02218        0.02218        0.02218        0.02218        0.02218        0.02218        0.02218        0.02218        0.02218        0.02218        0.02218        0.02218        0.02218        0.02218        
0.6912         0.6912         0.6912         0.6912         0.6912         0.6912         0.6912         0.6912         0.6912         0.6912         0.6912         0.6912         0.6912         0.6912         0.6912         0.6912         0.6912         0.6912         0.6912         0.6912         
0.02476        0.02476        0.02476        0.02476        0.02476        0.02476        0.02476        0.02476        0.02476        0.02476        0.02476        0.02476        0.02476        0.02476        0.02476        0.02476        0.02476        0.02476        0.02476        0.02476        
0.6727         0.6727         0.6727         0.6727         0.6727         0.6727         0.6727         0.6727         0.6727         0.6727         0.6727         0.6727         0.6727         0.6727         0.6727         0.6727         0.6727         0.6727         0.6727         0.6727         
0.008412       0.008412       0.008412       0.008412       0.008412       0.008412       0.008412       0.008412       0.008412       0.008412       0.008412       0.008412       0.008412       0.008412       0.008412       0.008412       0.008412       0.008412       0.008412       0.008412       
0.5889         0.5889         0.5889         0.5889         0.5889         0.5889         0.5889         0.5889         0.5889         0.5889         0.5889         0.5889         0.5889         0.5889         0.5889         0.5889         0.5889         0.5889         0.5889         0.5889         
0.009648       0.009648       0.009648       0.009648       0.009648       0.009648       0.009648       0.009648       0.009648       0.009648       0.009648       0.009648       0.009648       0.009648       0.009648       0.009648       0.009648       0.009648       0.009648       0.009648       
18.18          18.18          18.18          18.18          18.18          18.18          18.18          18.18          18.18          18.18          18.18          18.18          18.18          18.18          18.18          18.18          18.18          18.18          18.18          18.18          
1.048          1.048          1.048          1.048          1.048          1.048          1.048          1.048          1.048          1.048          1.048          1.048          1.048          1.048          1.048          1.048          1.048          1.048          1.048          1.048          
0.001033       0.001422       0.002378       0.004211       0.007344       0.01519        0.02964        0.05744        0.109          0.1787         0.2697         0.3829         0.5035         0.6282         0.7505         0.842          0.9108         0.949          0.973          0.9863         
0.0001879      0.0002067      0.0003919      0.0003775      0.001358       0.001645       0.003948       0.002611       0.00473        0.004927       0.005248       0.002591       0.01236        0.01215        0.005739       0.003879       0.01214        0.00684        0.003658       0.001601       
0.2113         0.2101         0.2255         0.263          0.3873         0.475          0.5912         0.6678         0.6935         0.714          0.7481         0.7497         0.7543         0.762          0.7611         0.7674         0.7615         0.7667         0.7623         0.7685         
0.02113        0.04716        0.05707        0.09257        0.1207         0.107          0.03709        0.01729        0.02323        0.02448        0.02203        0.01185        0.01239        0.01257        0.01216        0.01389        0.0184         0.01617        0.01624        0.01998        
0.1319         0.1553         0.1891         0.2033         0.2963         0.3915         0.4996         0.5887         0.6075         0.6351         0.6732         0.6731         0.6799         0.688          0.6858         0.6907         0.6862         0.6913         0.6889         0.6961         
0.02087        0.04896        0.03276        0.06641        0.09341        0.1072         0.04578        0.02229        0.02458        0.02539        0.02333        0.01235        0.0179         0.01468        0.01356        0.01533        0.02219        0.01947        0.01847        0.02255        
0.2148         0.2101         0.2276         0.2707         0.3683         0.4651         0.5711         0.6231         0.6344         0.6535         0.6735         0.6729         0.684          0.6811         0.6769         0.6801         0.6731         0.6791         0.6752         0.6721         
0.01741        0.04961        0.05904        0.0803         0.123          0.1155         0.0305         0.02125        0.01362        0.01184        0.0164         0.008668       0.01244        0.01683        0.00962        0.01496        0.008481       0.007736       0.006217       0.01375        
0.1452         0.1537         0.1786         0.2014         0.2862         0.3893         0.4911         0.5483         0.555          0.5742         0.5871         0.5916         0.6            0.5946         0.5915         0.5952         0.59           0.5943         0.5901         0.5872         
0.01519        0.05732        0.01947        0.04584        0.09203        0.1089         0.03835        0.01853        0.00426        0.01328        0.02536        0.01138        0.01613        0.02087        0.01235        0.02158        0.01132        0.01084        0.008668       0.01972        
0.1106         0.1296         0.2012         0.3082         0.4846         0.9322         1.733          3.184          5.752          8.355          11.92          14.25          15.45          16.54          16.92          17.86          18.49          18.11          18.09          17.93          
0.01263        0.01432        0.02921        0.02929        0.08282        0.0972         0.2481         0.1702         0.3035         0.3739         0.3821         0.446          0.3603         0.6499         0.3936         0.321          0.9602         1.14           0.9385         0.7469         
0.001222       0.001222       0.002467       0.004211       0.007011       0.01517        0.02949        0.0551         0.109          0.181          0.2702         0.3849         0.4982         0.6307         0.7494         0.8428         0.9119         0.9477         0.9731         0.9864         
0.0002897      0.0003461      0.0005147      0.0003091      0.001416       0.002183       0.003638       0.002403       0.004651       0.007494       0.00636        0.002667       0.01443        0.008774       0.007998       0.004165       0.01312        0.006047       0.003818       0.00208        
0.1925         0.2078         0.2764         0.3126         0.3375         0.4315         0.5585         0.5866         0.6522         0.6724         0.6882         0.7085         0.7252         0.7378         0.7477         0.7496         0.7582         0.764          0.7653         0.7622         
0.01546        0.03333        0.06229        0.05862        0.06465        0.04631        0.02547        0.02807        0.02222        0.01499        0.02269        0.02764        0.01353        0.01187        0.01618        0.02035        0.01941        0.01424        0.01135        0.01491        
0.1232         0.1489         0.1907         0.2278         0.2509         0.3129         0.4555         0.5            0.5659         0.584          0.6082         0.6288         0.6439         0.6549         0.6676         0.671          0.683          0.6912         0.69           0.6892         
0.01496        0.036          0.05906        0.0422         0.07565        0.04039        0.03291        0.02639        0.0214         0.01313        0.02471        0.02592        0.01441        0.01795        0.0153         0.02288        0.02135        0.01826        0.013          0.01861        
0.2035         0.2107         0.2652         0.3209         0.3315         0.4125         0.5432         0.5713         0.6039         0.6339         0.6473         0.6527         0.6523         0.6687         0.6681         0.6659         0.6705         0.676          0.678          0.6773         
0.0289         0.05499        0.06604        0.06189        0.07216        0.05257        0.01525        0.02294        0.017          0.02142        0.009771       0.006182       0.0169         0.0164         0.01063        0.006245       0.00281        0.01027        0.008662       0.009933       
0.1258         0.1424         0.1835         0.2176         0.2229         0.316          0.4466         0.4861         0.5256         0.5494         0.5616         0.5738         0.5694         0.5786         0.5814         0.583          0.5866         0.5922         0.5931         0.5918         
0.02211        0.0542         0.06036        0.05093        0.07513        0.05911        0.0269         0.01683        0.01571        0.01918        0.004551       0.01254        0.01275        0.01633        0.01494        0.004387       0.009352       0.009619       0.01483        0.01378        
0.0954         0.0962         0.1416         0.2062         0.3046         0.5342         0.8496         1.378          2.535          4              5.798          8.061          9.871          11.92          13.75          16.11          17.03          17.33          17.68          17.94          
0.007915       0.01945        0.0203         0.01948        0.058          0.06193        0.1157         0.08561        0.1025         0.3615         0.1891         0.3743         0.2992         0.5006         0.5474         0.7847         1.223          1.347          0.8449         1.034          
1              1              1              1              1              1              1              1              1              1              1              1              1              1              1              1              1              1              1              1              
0              0              0              0              0              0              0              0              0              0              0              0              0              0              0              0              0              0              0              0              
0.7027         0.7027         0.7027         0.7027         0.7027         0.7027         0.7027         0.7027         0.7027         0.7027         0.7027         0.7027         0.7027         0.7027         0.7027         0.7027         0.7027         0.7027         0.7027         0.7027         
0.01333        0.01333        0.01333        0.01333        0.01333        0.01333        0.01333        0.01333        0.01333        0.01333        0.01333        0.01333        0.01333        0.01333        0.01333        0.01333        0.01333        0.01333        0.01333        0.01333        
0.6313         0.6313         0.6313         0.6313         0.6313         0.6313         0.6313         0.6313         0.6313         0.6313         0.6313         0.6313         0.6313         0.6313         0.6313         0.6313         0.6313         0.6313         0.6313         0.6313         
0.01337        0.01337        0.01337        0.01337        0.01337        0.01337        0.01337        0.01337        0.01337        0.01337        0.01337        0.01337        0.01337        0.01337        0.01337        0.01337        0.01337        0.01337        0.01337        0.01337        
0.6339         0.6339         0.6339         0.6339         0.6339         0.6339         0.6339         0.6339         0.6339         0.6339         0.6339         0.6339         0.6339         0.6339         0.6339         0.6339         0.6339         0.6339         0.6339         0.6339         
0.02757        0.02757        0.02757        0.02757        0.02757        0.02757        0.02757        0.02757        0.02757        0.02757        0.02757        0.02757        0.02757        0.02757        0.02757        0.02757        0.02757        0.02757        0.02757        0.02757        
0.5619         0.5619         0.5619         0.5619         0.5619         0.5619         0.5619         0.5619         0.5619         0.5619         0.5619         0.5619         0.5619         0.5619         0.5619         0.5619         0.5619         0.5619         0.5619         0.5619         
0.02385        0.02385        0.02385        0.02385        0.02385        0.02385        0.02385        0.02385        0.02385        0.02385        0.02385        0.02385        0.02385        0.02385        0.02385        0.02385        0.02385        0.02385        0.02385        0.02385        
27.05          27             27.05          27.06          27.02          27.06          27.04          27.04          27             27.19          28.92          29.17          27.29          27.15          26.6           27.81          27.84          27.11          26.94          26.94          
0.3132         0.298          0.2898         0.3366         0.3285         0.3396         0.2855         0.3019         0.3018         0.3753         0.9001         1.056          0.3474         0.5271         0.319          0.1969         0.3712         0.3856         0.3265         0.3151         
8.889e-005     0.0001         0.0001333      0.0001333      0.0002222      0.0004889      0.001011       0.003011       0.01114        0.03614        0.109          0.2377         0.4275         0.6543         0.8422         0.9449         0.9848         0.9956         0.9989         0.9998         
2.722e-005     5.443e-005     5.666e-005     2.722e-005     7.857e-005     0.0001186      0.0001805      0.0002233      0.001785       0.00215        0.003914       0.00976        0.01708        0.02497        0.01684        0.00848        0.002568       0.00129        0.0001826      6.667e-005     
0.1667         0.1753         0.1741         0.1667         0.1763         0.2063         0.1873         0.2467         0.4962         0.6047         0.6698         0.7259         0.7601         0.7622         0.7612         0.7623         0.7646         0.7657         0.7667         0.7667         
1.575e-016     0.01733        0.01483        1.575e-016     0.01306        0.05049        0.02616        0.04391        0.01702        0.03681        0.0247         0.02132        0.01623        0.01832        0.01766        0.01821        0.02178        0.02066        0.02218        0.02218        
0.153          0.1609         0.1571         0.151          0.1332         0.1506         0.1457         0.1754         0.4009         0.5252         0.5906         0.6511         0.6837         0.6886         0.6867         0.6877         0.6895         0.6905         0.6912         0.6912         
0.02018        0.02234        0.01269        0.02333        0.03507        0.0346         0.02598        0.03284        0.02042        0.04044        0.02296        0.02061        0.0192         0.02329        0.02262        0.01975        0.02423        0.0231         0.02476        0.02476        
0.1667         0.1773         0.1723         0.1691         0.1752         0.1871         0.1884         0.2589         0.4676         0.5901         0.6271         0.67           0.6711         0.6723         0.6757         0.6769         0.6732         0.6733         0.6727         0.6727         
4.965e-017     0.02133        0.0112         0.0048         0.01098        0.03366        0.04347        0.04282        0.02383        0.0361         0.01627        0.02267        0.00622        0.007632       0.009694       0.005491       0.003612       0.00782        0.008412       0.008412       
0.1472         0.1565         0.1565         0.1352         0.146          0.138          0.1515         0.1896         0.3752         0.5036         0.5533         0.591          0.5842         0.5886         0.5911         0.5924         0.589          0.589          0.5889         0.5889         
0.02384        0.03153        0.01329        0.03077        0.01598        0.02818        0.01945        0.0467         0.0384         0.03625        0.02181        0.01536        0.01398        0.008811       0.009739       0.0107         0.009787       0.01054        0.009648       0.009648       
0.045          0.0454         0.05           0.0494         0.0544         0.0734         0.105          0.2274         0.6734         2.042          5.756          10.76          14.52          16.95          17.58          18.5           18.64          18.18          18.14          18.13          
0.00253        0.002154       0.004733       0.001855       0.00398        0.00794        0.01597        0.02297        0.1008         0.1604         0.3619         0.7007         0.6499         1.259          1.045          1.007          1.097          1.099          1.029          1.016          
