1              1              1              1              1              1              1              1              1              1              1              1              1              1              1              1              1              1              1              1              
0              0              0              0              0              0              0              0              0              0              0              0              0              0              0              0              0              0              0              0              
0.5549         0.5549         0.5549         0.5549         0.5549         0.5549         0.5549         0.5549         0.5549         0.5549         0.5549         0.5549         0.5549         0.5549         0.5549         0.5549         0.5549         0.5549         0.5549         0.5549         
0.0296         0.0296         0.0296         0.0296         0.0296         0.0296         0.0296         0.0296         0.0296         0.0296         0.0296         0.0296         0.0296         0.0296         0.0296         0.0296         0.0296         0.0296         0.0296         0.0296         
0.4932         0.4932         0.4932         0.4932         0.4932         0.4932         0.4932         0.4932         0.4932         0.4932         0.4932         0.4932         0.4932         0.4932         0.4932         0.4932         0.4932         0.4932         0.4932         0.4932         
0.03519        0.03519        0.03519        0.03519        0.03519        0.03519        0.03519        0.03519        0.03519        0.03519        0.03519        0.03519        0.03519        0.03519        0.03519        0.03519        0.03519        0.03519        0.03519        0.03519        
0.5383         0.5383         0.5383         0.5383         0.5383         0.5383         0.5383         0.5383         0.5383         0.5383         0.5383         0.5383         0.5383         0.5383         0.5383         0.5383         0.5383         0.5383         0.5383         0.5383         
0.03091        0.03091        0.03091        0.03091        0.03091        0.03091        0.03091        0.03091        0.03091        0.03091        0.03091        0.03091        0.03091        0.03091        0.03091        0.03091        0.03091        0.03091        0.03091        0.03091        
0.4691         0.4691         0.4691         0.4691         0.4691         0.4691         0.4691         0.4691         0.4691         0.4691         0.4691         0.4691         0.4691         0.4691         0.4691         0.4691         0.4691         0.4691         0.4691         0.4691         
0.0298         0.0298         0.0298         0.0298         0.0298         0.0298         0.0298         0.0298         0.0298         0.0298         0.0298         0.0298         0.0298         0.0298         0.0298         0.0298         0.0298         0.0298         0.0298         0.0298         
0.0334         0.0334         0.0334         0.0334         0.0334         0.0334         0.0334         0.0334         0.0334         0.0334         0.0334         0.0334         0.0334         0.0334         0.0334         0.0334         0.0334         0.0334         0.0334         0.0334         
0.0004899      0.0004899      0.0004899      0.0004899      0.0004899      0.0004899      0.0004899      0.0004899      0.0004899      0.0004899      0.0004899      0.0004899      0.0004899      0.0004899      0.0004899      0.0004899      0.0004899      0.0004899      0.0004899      0.0004899      
0.006752       0.01178        0.01928        0.02914        0.04593        0.06936        0.1052         0.1647         0.2448         0.3594         0.4949         0.6388         0.7622         0.8577         0.9191         0.9569         0.9776         0.9885         0.9938         0.9972         
0.0006842      0.000661       0.0006223      0.001799       0.001627       0.002673       0.003169       0.006201       0.004502       0.007569       0.008797       0.007792       0.007871       0.006688       0.004164       0.0026         0.001168       0.0005754      0.0007644      0.0002197      
0.3457         0.3667         0.3654         0.3721         0.3954         0.377          0.3905         0.4396         0.4796         0.4973         0.5294         0.5376         0.5508         0.5514         0.5524         0.5535         0.5536         0.5561         0.5568         0.5546         
0.05238        0.03825        0.03395        0.01852        0.02708        0.02413        0.04074        0.05044        0.05476        0.04621        0.0334         0.03072        0.03074        0.02184        0.02355        0.03231        0.03002        0.03308        0.03021        0.02916        
0.2638         0.2584         0.2541         0.2599         0.2943         0.269          0.279          0.3163         0.368          0.4025         0.4503         0.4706         0.4858         0.487          0.4911         0.4918         0.4911         0.4932         0.4963         0.4929         
0.06333        0.04739        0.0424         0.03363        0.03505        0.03565        0.05567        0.06968        0.06978        0.04817        0.037          0.02968        0.03575        0.02491        0.0258         0.03858        0.03657        0.03879        0.0373         0.03482        
0.3283         0.3488         0.3441         0.3587         0.357          0.3581         0.3705         0.4017         0.4503         0.4767         0.4976         0.5175         0.523          0.539          0.5295         0.5375         0.5352         0.5386         0.5365         0.5374         
0.0285         0.008842       0.01822        0.02605        0.02583        0.02217        0.05366        0.03327        0.0193         0.04172        0.03994        0.01542        0.02673        0.02701        0.01812        0.03498        0.03291        0.03029        0.03106        0.03132        
0.2379         0.2241         0.2222         0.2402         0.2476         0.2509         0.2501         0.2849         0.3491         0.372          0.4143         0.4403         0.4562         0.4665         0.4599         0.4705         0.4654         0.4701         0.4693         0.4682         
0.03854        0.02547        0.02574        0.03704        0.02315        0.03506        0.05458        0.02745        0.02704        0.03551        0.03839        0.01396        0.02718        0.02454        0.02639        0.03316        0.03292        0.03141        0.02945        0.03009        
0.0152         0.0156         0.0158         0.0162         0.0168         0.0168         0.0182         0.02           0.0214         0.024          0.0268         0.029          0.0306         0.0322         0.033          0.0336         0.0334         0.0336         0.034          0.034          
0.0004         0.0004899      0.0004         0.0004         0.0004         0.0004         0.0004         0.0006325      0.0004899      0              0.0004         0.0006325      0.0004899      0.0004         0.0006325      0.0008         0.0004899      0.001356       0.0008944      0              
0.006448       0.01153        0.01948        0.02923        0.04535        0.07064        0.1057         0.1657         0.2445         0.3578         0.495          0.6367         0.7613         0.8583         0.918          0.9571         0.9768         0.9884         0.9934         0.9969         
0.0008183      0.0007957      0.001217       0.001622       0.00166        0.003894       0.003923       0.00399        0.004606       0.008987       0.009772       0.009018       0.007932       0.006831       0.004469       0.002714       0.001742       0.0007133      0.001537       0.0004942      
0.3185         0.3434         0.3309         0.35           0.373          0.3129         0.3594         0.3684         0.4241         0.4259         0.4766         0.5146         0.5326         0.5461         0.547          0.5506         0.5539         0.5573         0.5555         0.5544         
0.02645        0.02453        0.01359        0.03219        0.005814       0.03703        0.01877        0.03068        0.04991        0.02983        0.03322        0.05286        0.02144        0.0309         0.01393        0.03744        0.03716        0.03011        0.03063        0.02818        
0.239          0.2443         0.2266         0.2443         0.286          0.2166         0.2603         0.2498         0.3259         0.3404         0.4044         0.4382         0.4606         0.4861         0.4822         0.4888         0.4883         0.495          0.4957         0.4925         
0.03185        0.03099        0.02678        0.04309        0.01195        0.03338        0.03244        0.03794        0.0545         0.03037        0.03543        0.05803        0.03148        0.03369        0.02111        0.04229        0.04034        0.03568        0.0385         0.03428        
0.3114         0.3269         0.3233         0.3421         0.3607         0.3182         0.3247         0.3599         0.4063         0.4135         0.4451         0.5032         0.5205         0.5183         0.5253         0.5369         0.5323         0.5427         0.5361         0.5378         
0.01915        0.02678        0.02502        0.02177        0.01618        0.04757        0.01478        0.02486        0.03379        0.02645        0.01861        0.02501        0.02679        0.02999        0.01798        0.03511        0.03486        0.02643        0.03133        0.03049        
0.2256         0.2186         0.2185         0.2355         0.2768         0.2076         0.2191         0.2419         0.2965         0.3082         0.3551         0.4211         0.4477         0.4503         0.4555         0.4679         0.4644         0.4742         0.4697         0.4687         
0.04193        0.03873        0.02692        0.03674        0.01442        0.03904        0.02923        0.03095        0.04034        0.021          0.02333        0.03252        0.03071        0.03181        0.02502        0.03343        0.03677        0.02745        0.03014        0.02932        
0.0158         0.0152         0.0156         0.0156         0.0162         0.0168         0.0176         0.019          0.02           0.0232         0.0252         0.0274         0.0298         0.0312         0.0322         0.0332         0.0334         0.0336         0.0334         0.0338         
0.0004         0.0004         0.0004899      0.0004899      0.0004         0.0004         0.0004899      0.0006325      0              0.001166       0.0004         0.0004899      0.0007483      0.0004         0.0007483      0.0007483      0.0004899      0.0004899      0.0004899      0.0009798      
1              1              1              1              1              1              1              1              1              1              1              1              1              1              1              1              1              1              1              1              
0              0              0              0              0              0              0              0              0              0              0              0              0              0              0              0              0              0              0              0              
0.8262         0.8262         0.8262         0.8262         0.8262         0.8262         0.8262         0.8262         0.8262         0.8262         0.8262         0.8262         0.8262         0.8262         0.8262         0.8262         0.8262         0.8262         0.8262         0.8262         
0.01902        0.01902        0.01902        0.01902        0.01902        0.01902        0.01902        0.01902        0.01902        0.01902        0.01902        0.01902        0.01902        0.01902        0.01902        0.01902        0.01902        0.01902        0.01902        0.01902        
0.774          0.774          0.774          0.774          0.774          0.774          0.774          0.774          0.774          0.774          0.774          0.774          0.774          0.774          0.774          0.774          0.774          0.774          0.774          0.774          
0.02768        0.02768        0.02768        0.02768        0.02768        0.02768        0.02768        0.02768        0.02768        0.02768        0.02768        0.02768        0.02768        0.02768        0.02768        0.02768        0.02768        0.02768        0.02768        0.02768        
0.7929         0.7929         0.7929         0.7929         0.7929         0.7929         0.7929         0.7929         0.7929         0.7929         0.7929         0.7929         0.7929         0.7929         0.7929         0.7929         0.7929         0.7929         0.7929         0.7929         
0.0238         0.0238         0.0238         0.0238         0.0238         0.0238         0.0238         0.0238         0.0238         0.0238         0.0238         0.0238         0.0238         0.0238         0.0238         0.0238         0.0238         0.0238         0.0238         0.0238         
0.7278         0.7278         0.7278         0.7278         0.7278         0.7278         0.7278         0.7278         0.7278         0.7278         0.7278         0.7278         0.7278         0.7278         0.7278         0.7278         0.7278         0.7278         0.7278         0.7278         
0.02902        0.02902        0.02902        0.02902        0.02902        0.02902        0.02902        0.02902        0.02902        0.02902        0.02902        0.02902        0.02902        0.02902        0.02902        0.02902        0.02902        0.02902        0.02902        0.02902        
1.169          1.169          1.169          1.169          1.169          1.169          1.169          1.169          1.169          1.169          1.169          1.169          1.169          1.169          1.169          1.169          1.169          1.169          1.169          1.169          
0.07497        0.07497        0.07497        0.07497        0.07497        0.07497        0.07497        0.07497        0.07497        0.07497        0.07497        0.07497        0.07497        0.07497        0.07497        0.07497        0.07497        0.07497        0.07497        0.07497        
0.000496       0.000928       0.001712       0.003104       0.005856       0.01265        0.02225        0.04275        0.07862        0.1399         0.2339         0.354          0.4951         0.647          0.766          0.8618         0.9214         0.9586         0.9782         0.9887         
0.0001488      0.0002976      0.0003273      0.0003304      0.001079       0.001663       0.002132       0.002128       0.00291        0.004233       0.01281        0.01367        0.008056       0.006283       0.008992       0.003547       0.001558       0.001623       0.001112       0.0005659      
0.1886         0.1558         0.2066         0.3299         0.4914         0.5436         0.6653         0.6879         0.7741         0.8149         0.8229         0.8222         0.8273         0.8222         0.8281         0.8277         0.8271         0.8259         0.8287         0.8252         
0.09416        0.02489        0.05864        0.07305        0.1262         0.1285         0.06025        0.08873        0.02056        0.01414        0.01432        0.01145        0.0156         0.0276         0.01453        0.01742        0.01236        0.01734        0.01735        0.01943        
0.1513         0.1271         0.1414         0.25           0.3823         0.4122         0.5284         0.5837         0.6941         0.7542         0.7718         0.7678         0.7772         0.77           0.7822         0.781          0.7783         0.7771         0.7788         0.7737         
0.08703        0.02568        0.05607        0.08235        0.1285         0.1185         0.1018         0.106          0.03547        0.01332        0.01176        0.01207        0.01616        0.03623        0.01677        0.01444        0.01084        0.01375        0.0158         0.02777        
0.1857         0.1517         0.2078         0.3405         0.4794         0.5409         0.6794         0.6967         0.7599         0.7823         0.7909         0.7966         0.7905         0.8049         0.7904         0.7957         0.7919         0.7973         0.7949         0.7904         
0.08564        0.02855        0.06293        0.08299        0.09841        0.1063         0.02109        0.05642        0.01504        0.01988        0.02241        0.02578        0.02604        0.02836        0.03319        0.0249         0.02781        0.02951        0.03038        0.026          
0.137          0.1173         0.1262         0.2575         0.3662         0.4093         0.5663         0.5833         0.6765         0.7251         0.7317         0.7312         0.7261         0.7485         0.7288         0.7353         0.7323         0.736          0.7366         0.7217         
0.0715         0.03762        0.04991        0.07175        0.1026         0.0931         0.05039        0.08856        0.0303         0.0321         0.03561        0.03336        0.03646        0.04027        0.04974        0.03106        0.03609        0.04089        0.04048        0.03049        
0.019          0.0208         0.025          0.0316         0.048          0.0778         0.117          0.1964         0.303          0.458          0.6406         0.793          0.9216         1.039          1.078          1.117          1.143          1.151          1.165          1.151          
0.001095       0.00147        0.002449       0.001855       0.006419       0.006911       0.01445        0.005678       0.01653        0.0195         0.0538         0.05217        0.04739        0.07066        0.07491        0.07766        0.06571        0.06913        0.07773        0.06623        
0.000416       0.001072       0.001848       0.003328       0.005832       0.0127         0.02274        0.04276        0.07913        0.1426         0.2343         0.3536         0.4931         0.6456         0.7647         0.8616         0.9223         0.9587         0.9782         0.9888         
0.0002033      0.0004414      0.0004612      0.0003482      0.001308       0.002012       0.002174       0.003215       0.003404       0.003393       0.01338        0.01347        0.004945       0.008322       0.009385       0.006289       0.002047       0.002876       0.001012       0.001212       
0.1331         0.2126         0.2461         0.2406         0.2738         0.3412         0.5154         0.6059         0.6847         0.7271         0.7692         0.7809         0.777          0.8211         0.8236         0.8191         0.8215         0.815          0.8241         0.8316         
0.03208        0.06556        0.07355        0.08428        0.07044        0.09667        0.0664         0.07487        0.04009        0.04465        0.03931        0.02626        0.04444        0.01754        0.02193        0.01772        0.01956        0.03313        0.0146         0.01759        
0.07956        0.1501         0.1873         0.1707         0.1852         0.2367         0.3804         0.4734         0.5854         0.6283         0.6869         0.7037         0.6983         0.7721         0.7782         0.7698         0.7643         0.7542         0.7718         0.7873         
0.01373        0.04766        0.04785        0.09155        0.0571         0.109          0.0483         0.09444        0.06637        0.07069        0.06754        0.04358        0.08452        0.01344        0.02156        0.01707        0.03177        0.05419        0.02232        0.01598        
0.1598         0.1994         0.2321         0.2327         0.3097         0.3867         0.5091         0.5875         0.676          0.711          0.7481         0.7646         0.7609         0.7911         0.7983         0.7901         0.7943         0.7889         0.7928         0.795          
0.05083        0.0685         0.06572        0.08738        0.0802         0.08451        0.09465        0.1088         0.03716        0.03115        0.0545         0.02362        0.05046        0.02506        0.02934        0.02419        0.02378        0.01907        0.02497        0.02626        
0.09164        0.1437         0.1772         0.1593         0.2091         0.2695         0.3857         0.4654         0.5792         0.6139         0.6515         0.6899         0.6799         0.73           0.7413         0.7235         0.7307         0.7189         0.7257         0.736          
0.03572        0.05291        0.06136        0.09074        0.0664         0.09373        0.09272        0.1174         0.06523        0.04987        0.09823        0.03562        0.08326        0.03051        0.03856        0.03359        0.03041        0.02617        0.03028        0.03511        
0.0174         0.0196         0.0214         0.0258         0.0316         0.0476         0.0646         0.1056         0.1424         0.2334         0.3424         0.4782         0.6464         0.8222         0.941          1.012          1.077          1.158          1.148          1.157          
0.0008         0.001744       0.001356       0.001327       0.003137       0.003878       0.00403        0.01381        0.007172       0.00771        0.02944        0.0561         0.05017        0.07474        0.04798        0.06349        0.05719        0.08581        0.07554        0.07255        
1              1              1              1              1              1              1              1              1              1              1              1              1              1              1              1              1              1              1              1              
0              0              0              0              0              0              0              0              0              0              0              0              0              0              0              0              0              0              0              0              
0.8289         0.8289         0.8289         0.8289         0.8289         0.8289         0.8289         0.8289         0.8289         0.8289         0.8289         0.8289         0.8289         0.8289         0.8289         0.8289         0.8289         0.8289         0.8289         0.8289         
0.02063        0.02063        0.02063        0.02063        0.02063        0.02063        0.02063        0.02063        0.02063        0.02063        0.02063        0.02063        0.02063        0.02063        0.02063        0.02063        0.02063        0.02063        0.02063        0.02063        
0.7931         0.7931         0.7931         0.7931         0.7931         0.7931         0.7931         0.7931         0.7931         0.7931         0.7931         0.7931         0.7931         0.7931         0.7931         0.7931         0.7931         0.7931         0.7931         0.7931         
0.02069        0.02069        0.02069        0.02069        0.02069        0.02069        0.02069        0.02069        0.02069        0.02069        0.02069        0.02069        0.02069        0.02069        0.02069        0.02069        0.02069        0.02069        0.02069        0.02069        
0.7955         0.7955         0.7955         0.7955         0.7955         0.7955         0.7955         0.7955         0.7955         0.7955         0.7955         0.7955         0.7955         0.7955         0.7955         0.7955         0.7955         0.7955         0.7955         0.7955         
0.02921        0.02921        0.02921        0.02921        0.02921        0.02921        0.02921        0.02921        0.02921        0.02921        0.02921        0.02921        0.02921        0.02921        0.02921        0.02921        0.02921        0.02921        0.02921        0.02921        
0.7427         0.7427         0.7427         0.7427         0.7427         0.7427         0.7427         0.7427         0.7427         0.7427         0.7427         0.7427         0.7427         0.7427         0.7427         0.7427         0.7427         0.7427         0.7427         0.7427         
0.03926        0.03926        0.03926        0.03926        0.03926        0.03926        0.03926        0.03926        0.03926        0.03926        0.03926        0.03926        0.03926        0.03926        0.03926        0.03926        0.03926        0.03926        0.03926        0.03926        
1.886          1.875          1.874          1.875          1.872          1.873          1.872          1.873          1.874          1.875          1.873          1.872          1.875          1.874          1.875          1.874          1.873          1.873          1.873          1.874          
0.06784        0.06449        0.06393        0.06422        0.06325        0.06594        0.06421        0.06593        0.06347        0.06319        0.06379        0.06521        0.06449        0.06403        0.06535        0.06351        0.06313        0.06367        0.06246        0.06368        
8.8e-005       8.8e-005       6.4e-005       0.000104       0.000152       0.00032        0.00076        0.001712       0.00632        0.0214         0.06561        0.1653         0.3494         0.6049         0.822          0.9408         0.9837         0.9958         0.9989         0.9997         
4.665e-005     2.993e-005     1.96e-005      4.8e-005       5.307e-005     0.0001043      0.00016        0.0002822      0.0004596      0.00199        0.004953       0.004311       0.004516       0.01098        0.004734       0.001754       0.0006971      0.0004476      0.0001782      8.39e-005      
0.1635         0.1892         0.1538         0.144          0.1334         0.1884         0.1908         0.2427         0.4174         0.6812         0.7707         0.8056         0.8145         0.8218         0.8203         0.8216         0.8231         0.8249         0.8261         0.8262         
0.02549        0.04016        0.02313        0.001305       0.05216        0.06181        0.08666        0.04472        0.125          0.03658        0.0334         0.01864        0.02895        0.02127        0.02272        0.02005        0.0209         0.01805        0.019          0.01902        
0.1162         0.123          0.14           0.09575        0.1014         0.1472         0.1494         0.1687         0.296          0.568          0.6899         0.7422         0.7579         0.7635         0.7654         0.7668         0.7705         0.7715         0.7746         0.774          
0.02974        0.03692        0.007771       0.03197        0.05068        0.07753        0.07153        0.0455         0.1162         0.054          0.05448        0.02449        0.05021        0.03203        0.0369         0.02942        0.02965        0.02597        0.0272         0.02768        
0.1539         0.1785         0.151          0.1458         0.1304         0.1719         0.1984         0.2417         0.4334         0.676          0.7439         0.7839         0.7896         0.7958         0.7941         0.7912         0.7927         0.7946         0.7929         0.7929         
0.01483        0.02993        0.01307        0.004313       0.05403        0.05735        0.08828        0.05342        0.0988         0.03949        0.02683        0.01922        0.02734        0.02402        0.02342        0.02286        0.02616        0.02263        0.0233         0.0238         
0.08365        0.1043         0.1048         0.08855        0.09489        0.1155         0.1428         0.1616         0.3052         0.5608         0.6577         0.7149         0.718          0.7278         0.7297         0.725          0.7278         0.7331         0.7298         0.7278         
0.02108        0.0504         0.01346        0.03316        0.04933        0.0659         0.07035        0.04942        0.09834        0.04513        0.05292        0.02778        0.0399         0.03412        0.03445        0.02978        0.03296        0.03112        0.02969        0.02902        
0.0164         0.0168         0.0166         0.0164         0.017          0.0178         0.02           0.0248         0.0466         0.1086         0.2536         0.503          0.7824         1.02           1.117          1.154          1.164          1.167          1.165          1.165          
0.0004899      0.0004         0.0004899      0.0004899      0.0006325      0.001327       0.001095       0.00147        0.003382       0.008452       0.02134        0.02882        0.03979        0.06344        0.06755        0.07101        0.0737         0.0716         0.07172        0.07404        
