1              1              1              1              1              1              1              1              1              1              1              1              1              1              1              1              1              1              1              1              
0              0              0              0              0              0              0              0              0              0              0              0              0              0              0              0              0              0              0              0              
0.8462         0.8462         0.8462         0.8462         0.8462         0.8462         0.8462         0.8462         0.8462         0.8462         0.8462         0.8462         0.8462         0.8462         0.8462         0.8462         0.8462         0.8462         0.8462         0.8462         
0.04484        0.04484        0.04484        0.04484        0.04484        0.04484        0.04484        0.04484        0.04484        0.04484        0.04484        0.04484        0.04484        0.04484        0.04484        0.04484        0.04484        0.04484        0.04484        0.04484        
0.8292         0.8292         0.8292         0.8292         0.8292         0.8292         0.8292         0.8292         0.8292         0.8292         0.8292         0.8292         0.8292         0.8292         0.8292         0.8292         0.8292         0.8292         0.8292         0.8292         
0.04708        0.04708        0.04708        0.04708        0.04708        0.04708        0.04708        0.04708        0.04708        0.04708        0.04708        0.04708        0.04708        0.04708        0.04708        0.04708        0.04708        0.04708        0.04708        0.04708        
0.8886         0.8886         0.8886         0.8886         0.8886         0.8886         0.8886         0.8886         0.8886         0.8886         0.8886         0.8886         0.8886         0.8886         0.8886         0.8886         0.8886         0.8886         0.8886         0.8886         
0.03185        0.03185        0.03185        0.03185        0.03185        0.03185        0.03185        0.03185        0.03185        0.03185        0.03185        0.03185        0.03185        0.03185        0.03185        0.03185        0.03185        0.03185        0.03185        0.03185        
0.8634         0.8634         0.8634         0.8634         0.8634         0.8634         0.8634         0.8634         0.8634         0.8634         0.8634         0.8634         0.8634         0.8634         0.8634         0.8634         0.8634         0.8634         0.8634         0.8634         
0.03769        0.03769        0.03769        0.03769        0.03769        0.03769        0.03769        0.03769        0.03769        0.03769        0.03769        0.03769        0.03769        0.03769        0.03769        0.03769        0.03769        0.03769        0.03769        0.03769        
0.005          0.005          0.005          0.005          0.005          0.005          0.005          0.005          0.005          0.005          0.005          0.005          0.005          0.005          0.005          0.005          0.005          0.005          0.005          0.005          
0.005621       0.005621       0.005621       0.005621       0.005621       0.005621       0.005621       0.005621       0.005621       0.005621       0.005621       0.005621       0.005621       0.005621       0.005621       0.005621       0.005621       0.005621       0.005621       0.005621       
0.3376         0.4432         0.5581         0.6714         0.7605         0.8434         0.8992         0.9443         0.9669         0.9819         0.9911         0.9946         0.9976         0.9989         0.999          0.9996         0.9998         0.9998         1              1              
0.01669        0.003597       0.005253       0.008796       0.003574       0.005783       0.005565       0.002139       0.002379       0.002835       0.0008573      0.0005385      0.0008         0.0003391      0.0006205      0.000255       0              0.0001871      0.0001         0              
0.8427         0.846          0.8398         0.8438         0.8503         0.8392         0.838          0.8464         0.8448         0.848          0.8415         0.845          0.8466         0.8465         0.8461         0.8462         0.8462         0.846          0.8462         0.8462         
0.01851        0.01679        0.03433        0.04019        0.05085        0.04647        0.05128        0.04908        0.04728        0.04515        0.04842        0.04451        0.04548        0.04427        0.04493        0.04484        0.04484        0.04491        0.04484        0.04484        
0.8292         0.8297         0.8238         0.8313         0.8366         0.8217         0.8184         0.8324         0.827          0.8312         0.825          0.8278         0.8295         0.8295         0.8293         0.8292         0.8292         0.829          0.8292         0.8292         
0.01682        0.01697        0.03927        0.04375        0.05337        0.04981        0.05779        0.04997        0.04933        0.04788        0.04919        0.04661        0.04775        0.04667        0.04705        0.04708        0.04708        0.04718        0.04708        0.04708        
0.869          0.8891         0.8757         0.8874         0.8851         0.8808         0.875          0.8863         0.8855         0.8893         0.8835         0.888          0.8882         0.8889         0.8883         0.8886         0.8886         0.8884         0.8886         0.8886         
0.02603        0.0288         0.02495        0.0358         0.03741        0.03537        0.04344        0.03659        0.03238        0.03169        0.03583        0.03135        0.03222        0.03147        0.03238        0.03185        0.03185        0.03204        0.03185        0.03185        
0.8522         0.8693         0.8558         0.8655         0.8646         0.857          0.8541         0.8609         0.8617         0.8648         0.8593         0.8632         0.8643         0.8637         0.8632         0.8634         0.8634         0.8629         0.8634         0.8634         
0.02432        0.02448        0.02614        0.03649        0.03856        0.03938        0.04663        0.04225        0.04037        0.03703        0.04127        0.03675        0.03867        0.03721        0.03801        0.03769        0.03769        0.03811        0.03769        0.03769        
0.0026         0.0024         0.0026         0.0028         0.0026         0.0028         0.0028         0.0026         0.0028         0.0026         0.0028         0.003          0.0028         0.0024         0.0028         0.003          0.0024         0.0028         0.003          0.0032         
0.0008         0.0004899      0.0004899      0.0004         0.0004899      0.0004         0.0004         0.0004899      0.0004         0.0004899      0.0004         0              0.0004         0.0004899      0.0004         0              0.0004899      0.0004         0              0.0004         
0.3405         0.4454         0.5604         0.6692         0.7597         0.8465         0.8988         0.9457         0.9658         0.9802         0.9904         0.9948         0.9977         0.9988         0.9991         0.9998         0.9998         0.9998         1              1              
0.02258        0.00698        0.009853       0.007418       0.005881       0.008341       0.006556       0.00328        0.004174       0.003144       0.0005831      0.0008426      0.0008803      0.0001581      0.0009823      0.0002739      0.0001871      0.0002236      0              0              
0.8344         0.8259         0.842          0.8314         0.8637         0.849          0.8479         0.8319         0.8485         0.8466         0.8461         0.8452         0.8441         0.8457         0.8547         0.8468         0.8461         0.8463         0.8462         0.8462         
0.01655        0.02621        0.02427        0.04758        0.03592        0.03674        0.05452        0.0589         0.04585        0.04573        0.04643        0.04529        0.04476        0.04358        0.04316        0.04522        0.04491        0.04478        0.04484        0.04484        
0.8224         0.8129         0.8287         0.8152         0.8469         0.8321         0.8301         0.8158         0.8337         0.8301         0.8286         0.8287         0.8274         0.8284         0.8414         0.83           0.8292         0.8294         0.8292         0.8292         
0.01761        0.02991        0.02654        0.04908        0.03825        0.03337        0.06047        0.05608        0.04416        0.0477         0.04932        0.04802        0.04697        0.04513        0.04505        0.04773        0.04717        0.04698        0.04708        0.04708        
0.8623         0.8477         0.877          0.8712         0.9079         0.8932         0.8862         0.8706         0.8883         0.8879         0.8861         0.8867         0.8841         0.8885         0.8915         0.889          0.8885         0.8887         0.8886         0.8886         
0.02283        0.02237        0.02575        0.04212        0.02468        0.03355        0.04742        0.05562        0.03675        0.03299        0.03495        0.03315        0.03441        0.03107        0.03023        0.03217        0.03222        0.03186        0.03185        0.03185        
0.8467         0.8305         0.862          0.8474         0.8868         0.8725         0.8664         0.8438         0.8678         0.8643         0.8606         0.8603         0.8583         0.8638         0.8692         0.8638         0.8632         0.8635         0.8634         0.8634         
0.02038        0.0209         0.02213        0.04277        0.02418        0.03017        0.04724        0.05716        0.04067        0.03954        0.04137        0.04028        0.0421         0.03634        0.03399        0.03802        0.03793        0.03752        0.03769        0.03769        
0.0018         0.002          0.0026         0.0024         0.0026         0.0024         0.003          0.0024         0.0026         0.0028         0.0026         0.0028         0.0026         0.003          0.0024         0.003          0.0028         0.0028         0.003          0.0026         
0.0009798      0              0.0004899      0.0004899      0.0004899      0.0004899      0              0.0004899      0.0004899      0.0004         0.0004899      0.0004         0.0004899      0              0.0004899      0              0.0004         0.0004         0              0.0004899      
1              1              1              1              1              1              1              1              1              1              1              1              1              1              1              1              1              1              1              1              
0              0              0              0              0              0              0              0              0              0              0              0              0              0              0              0              0              0              0              0              
0.8678         0.8678         0.8678         0.8678         0.8678         0.8678         0.8678         0.8678         0.8678         0.8678         0.8678         0.8678         0.8678         0.8678         0.8678         0.8678         0.8678         0.8678         0.8678         0.8678         
0.04136        0.04136        0.04136        0.04136        0.04136        0.04136        0.04136        0.04136        0.04136        0.04136        0.04136        0.04136        0.04136        0.04136        0.04136        0.04136        0.04136        0.04136        0.04136        0.04136        
0.8539         0.8539         0.8539         0.8539         0.8539         0.8539         0.8539         0.8539         0.8539         0.8539         0.8539         0.8539         0.8539         0.8539         0.8539         0.8539         0.8539         0.8539         0.8539         0.8539         
0.04673        0.04673        0.04673        0.04673        0.04673        0.04673        0.04673        0.04673        0.04673        0.04673        0.04673        0.04673        0.04673        0.04673        0.04673        0.04673        0.04673        0.04673        0.04673        0.04673        
0.9079         0.9079         0.9079         0.9079         0.9079         0.9079         0.9079         0.9079         0.9079         0.9079         0.9079         0.9079         0.9079         0.9079         0.9079         0.9079         0.9079         0.9079         0.9079         0.9079         
0.02889        0.02889        0.02889        0.02889        0.02889        0.02889        0.02889        0.02889        0.02889        0.02889        0.02889        0.02889        0.02889        0.02889        0.02889        0.02889        0.02889        0.02889        0.02889        0.02889        
0.8867         0.8867         0.8867         0.8867         0.8867         0.8867         0.8867         0.8867         0.8867         0.8867         0.8867         0.8867         0.8867         0.8867         0.8867         0.8867         0.8867         0.8867         0.8867         0.8867         
0.03242        0.03242        0.03242        0.03242        0.03242        0.03242        0.03242        0.03242        0.03242        0.03242        0.03242        0.03242        0.03242        0.03242        0.03242        0.03242        0.03242        0.03242        0.03242        0.03242        
0.0374         0.0374         0.0374         0.0374         0.0374         0.0374         0.0374         0.0374         0.0374         0.0374         0.0374         0.0374         0.0374         0.0374         0.0374         0.0374         0.0374         0.0374         0.0374         0.0374         
0.004841       0.004841       0.004841       0.004841       0.004841       0.004841       0.004841       0.004841       0.004841       0.004841       0.004841       0.004841       0.004841       0.004841       0.004841       0.004841       0.004841       0.004841       0.004841       0.004841       
0.5364         0.649          0.7418         0.8278         0.8877         0.9369         0.962          0.9802         0.9901         0.9948         0.9975         0.9988         0.9997         0.9997         0.9999         0.9999         1              1              1              1              
0.008353       0.009871       0.005795       0.002441       0.005066       0.002327       0.001703       0.001616       0.001861       0.001355       0.0004848      0.0004183      0.0002915      0.0001871      0.0002         0.0001225      0.0001         0              0.0001         0              
0.856          0.876          0.8611         0.8542         0.8503         0.8616         0.8642         0.8609         0.8578         0.8654         0.865          0.869          0.8678         0.8654         0.8675         0.8645         0.8694         0.8678         0.8678         0.8678         
0.04106        0.02538        0.02793        0.03796        0.0538         0.03716        0.04725        0.04639        0.04444        0.04478        0.0408         0.04349        0.04136        0.04288        0.04131        0.04234        0.04236        0.04136        0.04136        0.04136        
0.836          0.8634         0.8448         0.8368         0.8371         0.8474         0.8491         0.8482         0.8437         0.8529         0.8501         0.8547         0.8539         0.8541         0.8528         0.8511         0.8556         0.8539         0.8539         0.8539         
0.05116        0.02559        0.03018        0.0461         0.05539        0.03941        0.05195        0.0505         0.04607        0.04767        0.04536        0.04706        0.04673        0.04691        0.04649        0.04793        0.04777        0.04673        0.04673        0.04673        
0.8929         0.904          0.8985         0.8986         0.888          0.9041         0.9034         0.8918         0.8952         0.8991         0.9033         0.9073         0.9079         0.902          0.9074         0.9024         0.9091         0.9079         0.9079         0.9079         
0.03679        0.02124        0.02333        0.02269        0.03923        0.03232        0.03396        0.0366         0.03512        0.0332         0.02995        0.03271        0.02889        0.03361        0.02867        0.02993        0.02892        0.02889        0.02889        0.02889        
0.8759         0.8886         0.8786         0.8762         0.8715         0.8809         0.8851         0.8712         0.8731         0.8794         0.8832         0.8871         0.8867         0.8814         0.8876         0.8818         0.8894         0.8867         0.8867         0.8867         
0.03575        0.02432        0.02625        0.02672        0.04371        0.03274        0.03805        0.03899        0.03616        0.03734        0.03479        0.0366         0.03242        0.03695        0.0328         0.03394        0.03282        0.03242        0.03242        0.03242        
0.0232         0.0286         0.0322         0.0338         0.0372         0.0348         0.0344         0.0338         0.0342         0.0344         0.0348         0.034          0.0344         0.0346         0.0344         0.034          0.0344         0.0348         0.0346         0.0346         
0.004118       0.001356       0.001166       0.00172        0.005075       0.0007483      0.00102        0.0007483      0.0007483      0.0004899      0.001166       0.0006325      0.0008         0.0004899      0.0004899      0              0.001356       0.0004         0.0004899      0.0004899      
0.5299         0.6449         0.7375         0.8258         0.8895         0.9345         0.9586         0.9806         0.9907         0.9957         0.9976         0.9994         0.9995         0.9996         0.9999         0.9999         1              1              0.9998         1              
0.01114        0.009832       0.007918       0.003215       0.00602        0.00307        0.002994       0.002141       0.001168       0.001867       0.0008155      0.0004637      0.0004848      0.0003391      0.0002         0.0002         0              0              0.0004         0              
0.8688         0.8698         0.8657         0.8467         0.8566         0.8737         0.8672         0.8674         0.86           0.867          0.874          0.8656         0.8655         0.8645         0.868          0.865          0.8678         0.8678         0.8689         0.8678         
0.03265        0.04673        0.04453        0.055          0.05564        0.0365         0.04436        0.04416        0.04268        0.04063        0.04088        0.04691        0.04771        0.04003        0.04103        0.04417        0.04136        0.04136        0.04126        0.04136        
0.8548         0.8555         0.851          0.8303         0.8411         0.8602         0.8514         0.856          0.8454         0.8527         0.8599         0.8534         0.8527         0.8499         0.8547         0.8524         0.8539         0.8539         0.8562         0.8539         
0.03351        0.04807        0.04294        0.05936        0.05679        0.03723        0.04773        0.04758        0.04549        0.04456        0.04654        0.05099        0.05159        0.04366        0.04549        0.048          0.04673        0.04673        0.04626        0.04673        
0.9075         0.9031         0.8926         0.8847         0.8966         0.9093         0.9031         0.9007         0.9014         0.9049         0.9083         0.9033         0.9053         0.9021         0.906          0.9033         0.9079         0.9079         0.9068         0.9079         
0.03604        0.03917        0.03644        0.0437         0.03946        0.02329        0.03322        0.03188        0.03553        0.02861        0.0316         0.03701        0.03746        0.03127        0.03236        0.03242        0.02889        0.02889        0.02875        0.02889        
0.8887         0.8871         0.8762         0.8672         0.8724         0.8905         0.8823         0.8802         0.8799         0.8869         0.8879         0.884          0.8833         0.883          0.8853         0.8828         0.8867         0.8867         0.886          0.8867         
0.03655        0.03956        0.03409        0.0439         0.04119        0.02408        0.03694        0.03427        0.03642        0.03308        0.034          0.04107        0.04012        0.0347         0.03502        0.0357         0.03242        0.03242        0.03246        0.03242        
0.0192         0.0242         0.0276         0.03           0.0314         0.033          0.0334         0.0336         0.0346         0.0346         0.0346         0.0346         0.0346         0.0344         0.0346         0.0344         0.0338         0.0344         0.0346         0.035          
0.002315       0.0007483      0.0008         0.001095       0.0004899      0.0006325      0.0004899      0.0004899      0.0004899      0.0008         0.0004899      0.0008         0.0004899      0.0004899      0.0008         0.0012         0.0004         0.0008         0.00102        0.001265       
1              1              1              1              1              1              1              1              1              1              1              1              1              1              1              1              1              1              1              1              
0              0              0              0              0              0              0              0              0              0              0              0              0              0              0              0              0              0              0              0              
0.8593         0.8593         0.8593         0.8593         0.8593         0.8593         0.8593         0.8593         0.8593         0.8593         0.8593         0.8593         0.8593         0.8593         0.8593         0.8593         0.8593         0.8593         0.8593         0.8593         
0.02206        0.02206        0.02206        0.02206        0.02206        0.02206        0.02206        0.02206        0.02206        0.02206        0.02206        0.02206        0.02206        0.02206        0.02206        0.02206        0.02206        0.02206        0.02206        0.02206        
0.8419         0.8419         0.8419         0.8419         0.8419         0.8419         0.8419         0.8419         0.8419         0.8419         0.8419         0.8419         0.8419         0.8419         0.8419         0.8419         0.8419         0.8419         0.8419         0.8419         
0.01881        0.01881        0.01881        0.01881        0.01881        0.01881        0.01881        0.01881        0.01881        0.01881        0.01881        0.01881        0.01881        0.01881        0.01881        0.01881        0.01881        0.01881        0.01881        0.01881        
0.8832         0.8832         0.8832         0.8832         0.8832         0.8832         0.8832         0.8832         0.8832         0.8832         0.8832         0.8832         0.8832         0.8832         0.8832         0.8832         0.8832         0.8832         0.8832         0.8832         
0.02529        0.02529        0.02529        0.02529        0.02529        0.02529        0.02529        0.02529        0.02529        0.02529        0.02529        0.02529        0.02529        0.02529        0.02529        0.02529        0.02529        0.02529        0.02529        0.02529        
0.8696         0.8696         0.8696         0.8696         0.8696         0.8696         0.8696         0.8696         0.8696         0.8696         0.8696         0.8696         0.8696         0.8696         0.8696         0.8696         0.8696         0.8696         0.8696         0.8696         
0.02328        0.02328        0.02328        0.02328        0.02328        0.02328        0.02328        0.02328        0.02328        0.02328        0.02328        0.02328        0.02328        0.02328        0.02328        0.02328        0.02328        0.02328        0.02328        0.02328        
0.0338         0.032          0.0322         0.0336         0.0318         0.032          0.0318         0.0314         0.0318         0.0314         0.0314         0.0312         0.0314         0.0318         0.0312         0.0312         0.0312         0.0312         0.0314         0.0316         
0.002713       0.0008944      0.0007483      0.002728       0.0004         0.0006325      0.0004         0.0008         0.0009798      0.0004899      0.0004899      0.0004         0.0004899      0.0007483      0.0004         0.0007483      0.0004         0.0004         0.00102        0.0004899      
