1              1              1              1              1              1              1              1              1              1              1              1              1              1              1              1              1              1              1              1              
0              0              0              0              0              0              0              0              0              0              0              0              0              0              0              0              0              0              0              0              
0.5077         0.5077         0.5077         0.5077         0.5077         0.5077         0.5077         0.5077         0.5077         0.5077         0.5077         0.5077         0.5077         0.5077         0.5077         0.5077         0.5077         0.5077         0.5077         0.5077         
0.05871        0.05871        0.05871        0.05871        0.05871        0.05871        0.05871        0.05871        0.05871        0.05871        0.05871        0.05871        0.05871        0.05871        0.05871        0.05871        0.05871        0.05871        0.05871        0.05871        
0.4371         0.4371         0.4371         0.4371         0.4371         0.4371         0.4371         0.4371         0.4371         0.4371         0.4371         0.4371         0.4371         0.4371         0.4371         0.4371         0.4371         0.4371         0.4371         0.4371         
0.0658         0.0658         0.0658         0.0658         0.0658         0.0658         0.0658         0.0658         0.0658         0.0658         0.0658         0.0658         0.0658         0.0658         0.0658         0.0658         0.0658         0.0658         0.0658         0.0658         
0.5151         0.5151         0.5151         0.5151         0.5151         0.5151         0.5151         0.5151         0.5151         0.5151         0.5151         0.5151         0.5151         0.5151         0.5151         0.5151         0.5151         0.5151         0.5151         0.5151         
0.03639        0.03639        0.03639        0.03639        0.03639        0.03639        0.03639        0.03639        0.03639        0.03639        0.03639        0.03639        0.03639        0.03639        0.03639        0.03639        0.03639        0.03639        0.03639        0.03639        
0.4198         0.4198         0.4198         0.4198         0.4198         0.4198         0.4198         0.4198         0.4198         0.4198         0.4198         0.4198         0.4198         0.4198         0.4198         0.4198         0.4198         0.4198         0.4198         0.4198         
0.04281        0.04281        0.04281        0.04281        0.04281        0.04281        0.04281        0.04281        0.04281        0.04281        0.04281        0.04281        0.04281        0.04281        0.04281        0.04281        0.04281        0.04281        0.04281        0.04281        
0.0018         0.0018         0.0018         0.0018         0.0018         0.0018         0.0018         0.0018         0.0018         0.0018         0.0018         0.0018         0.0018         0.0018         0.0018         0.0018         0.0018         0.0018         0.0018         0.0018         
0.0004         0.0004         0.0004         0.0004         0.0004         0.0004         0.0004         0.0004         0.0004         0.0004         0.0004         0.0004         0.0004         0.0004         0.0004         0.0004         0.0004         0.0004         0.0004         0.0004         
0.00885        0.01485        0.01915        0.03635        0.05875        0.089          0.1335         0.1966         0.2798         0.3814         0.5132         0.6541         0.7755         0.8767         0.9291         0.9611         0.9829         0.9896         0.9954         0.9978         
0.001168       0.001855       0.005806       0.002422       0.003678       0.006419       0.006055       0.007453       0.008291       0.006604       0.02075        0.004727       0.008392       0.005333       0.006153       0.003382       0.00119        0.001513       0.0004899      0.0003536      
0.3293         0.4199         0.3841         0.4562         0.4878         0.5115         0.5538         0.5687         0.4831         0.473          0.4584         0.4939         0.5134         0.4963         0.5208         0.521          0.5102         0.5053         0.5071         0.5076         
0.09419        0.06183        0.04115        0.07171        0.03422        0.04515        0.05508        0.04055        0.0941         0.08736        0.08669        0.03814        0.06686        0.05057        0.06317        0.06021        0.05501        0.07408        0.05959        0.05887        
0.2624         0.3431         0.3152         0.3899         0.3986         0.4557         0.4945         0.5133         0.4161         0.4115         0.3905         0.4094         0.4398         0.413          0.4455         0.4513         0.4397         0.4404         0.4367         0.4371         
0.09256        0.05918        0.03858        0.07079        0.0505         0.04249        0.06194        0.03195        0.1197         0.09413        0.1005         0.04856        0.08432        0.06237        0.07347        0.06798        0.06161        0.07744        0.06671        0.06584        
0.3624         0.4276         0.4231         0.4696         0.5127         0.4849         0.5153         0.5322         0.4947         0.5164         0.4902         0.4978         0.5173         0.4987         0.5109         0.5113         0.516          0.5144         0.5156         0.5151         
0.06166        0.07303        0.04298        0.05175        0.01734        0.02205        0.03954        0.04093        0.0399         0.02597        0.06608        0.06184        0.02235        0.02776        0.02847        0.03063        0.03986        0.03875        0.03643        0.03657        
0.2708         0.3374         0.3098         0.3894         0.4016         0.3948         0.4272         0.4442         0.3895         0.4232         0.3952         0.4137         0.4344         0.3965         0.4228         0.4199         0.4195         0.4179         0.4203         0.4199         
0.06032        0.0582         0.0442         0.06556        0.04462        0.03577        0.04928        0.04304        0.05516        0.04091        0.08483        0.08178        0.03606        0.04497        0.03797        0.03199        0.04351        0.05037        0.0425         0.04286        
0.0008         0.001          0.0008         0.001          0.001          0.001          0.001          0.001          0.001          0.0012         0.0012         0.0014         0.0012         0.0016         0.0014         0.0018         0.002          0.0016         0.0018         0.0016         
0.0004         0              0.0004         0              0              0              0              0              0              0.0004         0.0004         0.0004899      0.0004         0.0004899      0.0004899      0.0004         0              0.0004899      0.0004         0.0004899      
0.0064         0.0116         0.0195         0.03585        0.0569         0.08685        0.1316         0.1916         0.2769         0.3785         0.5122         0.6529         0.7755         0.8884         0.9276         0.9595         0.9841         0.9879         0.9959         0.998          
0.002245       0.003881       0.004751       0.002089       0.004271       0.007597       0.005382       0.008183       0.009196       0.005771       0.02035        0.01015        0.008315       0.005233       0.007069       0.007308       0.001402       0.001435       0.0003         0.0003873      
0.3677         0.4118         0.3746         0.3947         0.4017         0.44           0.4394         0.4326         0.4095         0.4858         0.4155         0.5224         0.5183         0.482          0.4931         0.512          0.5121         0.5105         0.5065         0.5083         
0.04747        0.03546        0.08798        0.04948        0.0728         0.07774        0.1077         0.05085        0.08524        0.06727        0.06702        0.06517        0.0607         0.05475        0.0387         0.05944        0.0506         0.07445        0.05867        0.05899        
0.3064         0.3317         0.32           0.3146         0.3181         0.3595         0.3801         0.3711         0.3451         0.4064         0.3251         0.4433         0.4416         0.402          0.4248         0.4397         0.445          0.4432         0.4358         0.4379         
0.06004        0.03778        0.08481        0.06782        0.08681        0.08516        0.1148         0.05725        0.09948        0.06317        0.06808        0.07636        0.06839        0.05294        0.04143        0.0743         0.05639        0.0754         0.06579        0.06568        
0.3936         0.4231         0.4098         0.4224         0.4502         0.4544         0.4493         0.4387         0.4551         0.4582         0.4316         0.4984         0.5207         0.4933         0.5178         0.5171         0.51           0.5113         0.5153         0.5153         
0.04523        0.05999        0.04871        0.06077        0.07195        0.08529        0.09338        0.03986        0.06378        0.06588        0.06754        0.03657        0.03479        0.04722        0.03448        0.0372         0.03403        0.03801        0.03719        0.03601        
0.2893         0.3123         0.3122         0.3268         0.3534         0.3421         0.3664         0.3484         0.3611         0.3606         0.3358         0.4068         0.4367         0.3899         0.4202         0.4242         0.4157         0.4157         0.4202         0.4198         
0.07463        0.07908        0.05905        0.05699        0.0829         0.1027         0.1143         0.0461         0.08374        0.07823        0.07273        0.05043        0.03504        0.04855        0.03205        0.03379        0.03868        0.04842        0.04375        0.04242        
0.0006         0.0006         0.0006         0.0006         0.0006         0.001          0.001          0.0008         0.001          0.0012         0.0012         0.0012         0.0014         0.0016         0.0016         0.0012         0.0014         0.0014         0.0018         0.0014         
0.0004899      0.0004899      0.0004899      0.0004899      0.0004899      0              0              0.0004         0              0.0004         0.0004         0.0004         0.0004899      0.0004899      0.0004899      0.0004         0.0004899      0.0004899      0.0004         0.0004899      
1              1              1              1              1              1              1              1              1              1              1              1              1              1              1              1              1              1              1              1              
0              0              0              0              0              0              0              0              0              0              0              0              0              0              0              0              0              0              0              0              
0.5743         0.5743         0.5743         0.5743         0.5743         0.5743         0.5743         0.5743         0.5743         0.5743         0.5743         0.5743         0.5743         0.5743         0.5743         0.5743         0.5743         0.5743         0.5743         0.5743         
0.01858        0.01858        0.01858        0.01858        0.01858        0.01858        0.01858        0.01858        0.01858        0.01858        0.01858        0.01858        0.01858        0.01858        0.01858        0.01858        0.01858        0.01858        0.01858        0.01858        
0.5222         0.5222         0.5222         0.5222         0.5222         0.5222         0.5222         0.5222         0.5222         0.5222         0.5222         0.5222         0.5222         0.5222         0.5222         0.5222         0.5222         0.5222         0.5222         0.5222         
0.01563        0.01563        0.01563        0.01563        0.01563        0.01563        0.01563        0.01563        0.01563        0.01563        0.01563        0.01563        0.01563        0.01563        0.01563        0.01563        0.01563        0.01563        0.01563        0.01563        
0.536          0.536          0.536          0.536          0.536          0.536          0.536          0.536          0.536          0.536          0.536          0.536          0.536          0.536          0.536          0.536          0.536          0.536          0.536          0.536          
0.03437        0.03437        0.03437        0.03437        0.03437        0.03437        0.03437        0.03437        0.03437        0.03437        0.03437        0.03437        0.03437        0.03437        0.03437        0.03437        0.03437        0.03437        0.03437        0.03437        
0.4782         0.4782         0.4782         0.4782         0.4782         0.4782         0.4782         0.4782         0.4782         0.4782         0.4782         0.4782         0.4782         0.4782         0.4782         0.4782         0.4782         0.4782         0.4782         0.4782         
0.0317         0.0317         0.0317         0.0317         0.0317         0.0317         0.0317         0.0317         0.0317         0.0317         0.0317         0.0317         0.0317         0.0317         0.0317         0.0317         0.0317         0.0317         0.0317         0.0317         
0.0272         0.0272         0.0272         0.0272         0.0272         0.0272         0.0272         0.0272         0.0272         0.0272         0.0272         0.0272         0.0272         0.0272         0.0272         0.0272         0.0272         0.0272         0.0272         0.0272         
0.0009798      0.0009798      0.0009798      0.0009798      0.0009798      0.0009798      0.0009798      0.0009798      0.0009798      0.0009798      0.0009798      0.0009798      0.0009798      0.0009798      0.0009798      0.0009798      0.0009798      0.0009798      0.0009798      0.0009798      
0.0035         0.00525        0.00855        0.015          0.0241         0.04685        0.0782         0.1374         0.2084         0.2984         0.4395         0.6014         0.7348         0.8529         0.9126         0.953          0.9796         0.9873         0.9946         0.9975         
0.0008944      0.0008367      0.001166       0.0009354      0.003757       0.005515       0.0057         0.008843       0.008733       0.01622        0.0272         0.01149        0.01129        0.01055        0.003628       0.00465        0.002533       0.001336       0.0005148      0.0003162      
0.3534         0.3582         0.3543         0.4267         0.4362         0.526          0.497          0.53           0.5421         0.5561         0.5578         0.5619         0.568          0.5776         0.5711         0.5797         0.5701         0.582          0.5733         0.5688         
0.08926        0.07253        0.08173        0.07782        0.04151        0.05595        0.05048        0.04848        0.04441        0.03777        0.03836        0.0431         0.0307         0.01544        0.02096        0.02254        0.0143         0.01827        0.01537        0.01455        
0.2774         0.2977         0.2783         0.3551         0.3533         0.4448         0.4203         0.4446         0.4635         0.4733         0.4864         0.4986         0.4941         0.5245         0.5161         0.5268         0.5173         0.5257         0.5197         0.5096         
0.0832         0.09363        0.05528        0.07149        0.04229        0.06937        0.07791        0.06486        0.06894        0.05265        0.02829        0.05375        0.02299        0.02095        0.01796        0.01606        0.01316        0.01812        0.007822       0.006506       
0.3649         0.3918         0.3956         0.4502         0.432          0.5144         0.4976         0.5309         0.5609         0.5487         0.522          0.5271         0.5344         0.5389         0.5291         0.534          0.5298         0.5338         0.5342         0.5322         
0.03855        0.04995        0.07283        0.02389        0.03693        0.06365        0.03426        0.02997        0.0243         0.02223        0.02477        0.02815        0.02979        0.03817        0.03357        0.03479        0.03248        0.03745        0.03213        0.03682        
0.2652         0.3118         0.3252         0.3524         0.3507         0.4182         0.3984         0.443          0.4932         0.4727         0.4596         0.4703         0.4815         0.4816         0.4736         0.4771         0.4692         0.4774         0.4757         0.471          
0.03949        0.05298        0.05469        0.04282        0.02813        0.06736        0.06832        0.02304        0.01687        0.03123        0.02752        0.02579        0.02388        0.03656        0.03531        0.03147        0.0269         0.0341         0.03012        0.03419        
0.0008         0.0008         0.0014         0.0014         0.0018         0.0028         0.0038         0.0068         0.0092         0.0116         0.0158         0.02           0.0234         0.0256         0.0258         0.0262         0.0272         0.027          0.0268         0.0268         
0.0004         0.0004         0.0004899      0.0004899      0.0004         0.0004         0.0007483      0.0007483      0.0004         0.00102        0.001327       0.0006325      0.0004899      0.001356       0.0004         0.0009798      0.0007483      0.001095       0.0009798      0.0009798      
0.0024         0.00435        0.00975        0.0158         0.0242         0.0433         0.07575        0.1378         0.2025         0.2973         0.4386         0.5967         0.7314         0.8647         0.9125         0.9528         0.9805         0.9859         0.9952         0.998          
0.0007842      0.001655       0.001943       0.001435       0.003816       0.004124       0.006779       0.007982       0.01117        0.01477        0.02645        0.02036        0.01101        0.01124        0.005192       0.009587       0.002564       0.001384       0.0004583      0.0004         
0.3033         0.4111         0.4132         0.4068         0.4386         0.3713         0.4452         0.4912         0.5017         0.4958         0.5298         0.5733         0.5669         0.5726         0.572          0.5753         0.5719         0.5665         0.5698         0.5694         
0.08847        0.02603        0.05851        0.03455        0.07747        0.08366        0.1039         0.01731        0.05421        0.03383        0.03704        0.02188        0.02915        0.01858        0.02026        0.02355        0.01638        0.02459        0.02753        0.01612        
0.2362         0.3361         0.3404         0.3233         0.3679         0.2763         0.359          0.4228         0.4195         0.4113         0.4555         0.5188         0.5081         0.5138         0.5175         0.5244         0.5119         0.4973         0.5096         0.5119         
0.1037         0.02713        0.06959        0.03866        0.07908        0.07031        0.1079         0.04228        0.0696         0.03582        0.04502        0.016          0.03691        0.03056        0.0135         0.02281        0.005052       0.02212        0.03345        0.004111       
0.3231         0.3958         0.4111         0.4578         0.4629         0.4171         0.4644         0.4996         0.5022         0.4851         0.4998         0.5198         0.5269         0.5413         0.5209         0.5302         0.5342         0.54           0.5293         0.5327         
0.04325        0.02629        0.04197        0.02175        0.05697        0.0733         0.09083        0.04806        0.03676        0.02392        0.01979        0.02399        0.02869        0.04741        0.03221        0.03459        0.03674        0.03852        0.03393        0.03076        
0.2244         0.3027         0.3238         0.3457         0.3662         0.2895         0.3678         0.414          0.4167         0.3952         0.4139         0.4564         0.4713         0.4826         0.4554         0.4696         0.4742         0.4799         0.4698         0.472          
0.03852        0.008761       0.05098        0.04142        0.07695        0.07136        0.109          0.0356         0.05893        0.04175        0.02704        0.02318        0.02393        0.04925        0.03369        0.02863        0.03092        0.03494        0.03029        0.0259         
0.001          0.0006         0.001          0.0014         0.0012         0.0024         0.0032         0.0044         0.006          0.0082         0.0124         0.0166         0.0202         0.0234         0.0244         0.0258         0.0272         0.0262         0.0272         0.027          
0              0.0004899      0              0.0004899      0.0004         0.0004899      0.0004         0.0004899      0.0006325      0.0004         0.001356       0.0004899      0.0007483      0.0008         0.0008         0.0009798      0.001327       0.0004         0.0009798      0.0006325      
1              1              1              1              1              1              1              1              1              1              1              1              1              1              1              1              1              1              1              1              
0              0              0              0              0              0              0              0              0              0              0              0              0              0              0              0              0              0              0              0              
0.5197         0.5197         0.5197         0.5197         0.5197         0.5197         0.5197         0.5197         0.5197         0.5197         0.5197         0.5197         0.5197         0.5197         0.5197         0.5197         0.5197         0.5197         0.5197         0.5197         
0.01621        0.01621        0.01621        0.01621        0.01621        0.01621        0.01621        0.01621        0.01621        0.01621        0.01621        0.01621        0.01621        0.01621        0.01621        0.01621        0.01621        0.01621        0.01621        0.01621        
0.4689         0.4689         0.4689         0.4689         0.4689         0.4689         0.4689         0.4689         0.4689         0.4689         0.4689         0.4689         0.4689         0.4689         0.4689         0.4689         0.4689         0.4689         0.4689         0.4689         
0.01265        0.01265        0.01265        0.01265        0.01265        0.01265        0.01265        0.01265        0.01265        0.01265        0.01265        0.01265        0.01265        0.01265        0.01265        0.01265        0.01265        0.01265        0.01265        0.01265        
0.518          0.518          0.518          0.518          0.518          0.518          0.518          0.518          0.518          0.518          0.518          0.518          0.518          0.518          0.518          0.518          0.518          0.518          0.518          0.518          
0.02886        0.02886        0.02886        0.02886        0.02886        0.02886        0.02886        0.02886        0.02886        0.02886        0.02886        0.02886        0.02886        0.02886        0.02886        0.02886        0.02886        0.02886        0.02886        0.02886        
0.4159         0.4159         0.4159         0.4159         0.4159         0.4159         0.4159         0.4159         0.4159         0.4159         0.4159         0.4159         0.4159         0.4159         0.4159         0.4159         0.4159         0.4159         0.4159         0.4159         
0.03379        0.03379        0.03379        0.03379        0.03379        0.03379        0.03379        0.03379        0.03379        0.03379        0.03379        0.03379        0.03379        0.03379        0.03379        0.03379        0.03379        0.03379        0.03379        0.03379        
0.0328         0.033          0.0324         0.0326         0.033          0.033          0.0328         0.0322         0.0326         0.032          0.033          0.0332         0.0332         0.0326         0.0332         0.033          0.0326         0.0328         0.0326         0.0324         
0.0007483      0.0008944      0.0004899      0.0004899      0.001265       0.0006325      0.0004         0.0004         0.0004899      0.0006325      0.0008944      0.0004         0.0007483      0.0004899      0.0004         0.0006325      0.0004899      0.0004         0.0004899      0.0004899      
