1              1              1              1              1              1              1              1              1              1              1              1              1              1              1              1              1              1              1              1              
0              0              0              0              0              0              0              0              0              0              0              0              0              0              0              0              0              0              0              0              
0.1805         0.1805         0.1805         0.1805         0.1805         0.1805         0.1805         0.1805         0.1805         0.1805         0.1805         0.1805         0.1805         0.1805         0.1805         0.1805         0.1805         0.1805         0.1805         0.1805         
0.00429        0.00429        0.00429        0.00429        0.00429        0.00429        0.00429        0.00429        0.00429        0.00429        0.00429        0.00429        0.00429        0.00429        0.00429        0.00429        0.00429        0.00429        0.00429        0.00429        
0.09598        0.09598        0.09598        0.09598        0.09598        0.09598        0.09598        0.09598        0.09598        0.09598        0.09598        0.09598        0.09598        0.09598        0.09598        0.09598        0.09598        0.09598        0.09598        0.09598        
0.01667        0.01667        0.01667        0.01667        0.01667        0.01667        0.01667        0.01667        0.01667        0.01667        0.01667        0.01667        0.01667        0.01667        0.01667        0.01667        0.01667        0.01667        0.01667        0.01667        
0.177          0.177          0.177          0.177          0.177          0.177          0.177          0.177          0.177          0.177          0.177          0.177          0.177          0.177          0.177          0.177          0.177          0.177          0.177          0.177          
0.01796        0.01796        0.01796        0.01796        0.01796        0.01796        0.01796        0.01796        0.01796        0.01796        0.01796        0.01796        0.01796        0.01796        0.01796        0.01796        0.01796        0.01796        0.01796        0.01796        
0.08774        0.08774        0.08774        0.08774        0.08774        0.08774        0.08774        0.08774        0.08774        0.08774        0.08774        0.08774        0.08774        0.08774        0.08774        0.08774        0.08774        0.08774        0.08774        0.08774        
0.0161         0.0161         0.0161         0.0161         0.0161         0.0161         0.0161         0.0161         0.0161         0.0161         0.0161         0.0161         0.0161         0.0161         0.0161         0.0161         0.0161         0.0161         0.0161         0.0161         
0.0006         0.0006         0.0006         0.0006         0.0006         0.0006         0.0006         0.0006         0.0006         0.0006         0.0006         0.0006         0.0006         0.0006         0.0006         0.0006         0.0006         0.0006         0.0006         0.0006         
0.0012         0.0012         0.0012         0.0012         0.0012         0.0012         0.0012         0.0012         0.0012         0.0012         0.0012         0.0012         0.0012         0.0012         0.0012         0.0012         0.0012         0.0012         0.0012         0.0012         
0.1251         0.1765         0.2358         0.3181         0.4244         0.5435         0.659          0.7611         0.8456         0.9037         0.9479         0.9681         0.9796         0.9891         0.9941         0.9966         0.9977         0.9986         0.9993         0.9997         
0.007059       0.01045        0.01822        0.008855       0.01245        0.007983       0.01205        0.004442       0.006772       0.006904       0.002818       0.004903       0.0005385      0.00142        0.0005148      0.0004         0.0003674      0.0003391      0.0003317      0.000255       
0.1707         0.1732         0.1768         0.1748         0.1761         0.1822         0.1778         0.175          0.1778         0.1757         0.1752         0.18           0.1747         0.1782         0.1808         0.1806         0.1807         0.1811         0.1801         0.1805         
0.00428        0.005031       0.008787       0.005617       0.005109       0.004802       0.003484       0.004163       0.004148       0.00358        0.003313       0.006257       0.00376        0.004511       0.007064       0.004374       0.003878       0.004897       0.004487       0.004496       
0.07864        0.08524        0.0975         0.07882        0.08366        0.09279        0.08984        0.08332        0.09173        0.09459        0.08795        0.09401        0.09307        0.09513        0.09968        0.09793        0.0963         0.0968         0.09552        0.09593        
0.01873        0.01435        0.03469        0.01427        0.01005        0.00388        0.00974        0.0114         0.0186         0.01552        0.01155        0.01533        0.01452        0.01582        0.01629        0.0169         0.0171         0.01761        0.01677        0.01655        
0.1677         0.1692         0.1677         0.1695         0.1677         0.1723         0.1692         0.1717         0.1737         0.173          0.1697         0.1795         0.1738         0.1722         0.1793         0.1765         0.1767         0.1763         0.1757         0.1773         
0.006133       0.01435        0.005637       0.009393       0.005094       0.01316        0.01129        0.01341        0.01594        0.01834        0.01604        0.01823        0.01512        0.01585        0.009419       0.01921        0.01701        0.01822        0.01815        0.01846        
0.07696        0.08616        0.08027        0.07781        0.07592        0.08072        0.08446        0.08128        0.08504        0.08745        0.08302        0.09055        0.08778        0.08735        0.08495        0.08848        0.08818        0.08823        0.08821        0.08787        
0.0154         0.01375        0.01377        0.01171        0.01162        0.02182        0.01376        0.01502        0.01743        0.01522        0.01516        0.01503        0.01529        0.01508        0.01357        0.01628        0.01578        0.01597        0.01595        0.01629        
0.001          0.0002         0.0002         0.001          0.0018         0.0014         0.0018         0.0014         0.005          0.0008         0.0026         0.002          0.0004         0.0018         0.0016         0.0034         0.0018         0.002          0.0018         0.002          
0              0.0004         0.0004         0.0006325      0.0004         0.0004899      0.0009798      0.0008         0.007589       0.0009798      0.003774       0.001095       0.0008         0.0009798      0.0008         0.003441       0.0009798      0.001095       0.0009798      0.001095       
0.1278         0.1798         0.238          0.3199         0.4235         0.5409         0.6553         0.765          0.845          0.9027         0.953          0.9715         0.9787         0.9894         0.9945         0.997          0.9982         0.9982         0.9992         0.9997         
0.007278       0.01115        0.01719        0.008265       0.01434        0.00991        0.01168        0.006757       0.007201       0.01163        0.00307        0.007702       0.001079       0.001513       0.0005701      0.0004848      0.0004         0.0007176      0.0006708      0.0003391      
0.1701         0.1709         0.1737         0.1761         0.1749         0.1765         0.1797         0.176          0.1787         0.177          0.175          0.1782         0.1787         0.1782         0.1789         0.1796         0.1804         0.18           0.1806         0.1803         
0.00873        0.005085       0.005361       0.004853       0.002994       0.004029       0.00616        0.00629        0.003491       0.008241       0.004418       0.005055       0.003691       0.005034       0.008267       0.003594       0.003825       0.00471        0.004062       0.004511       
0.08986        0.09373        0.07568        0.1026         0.07445        0.07785        0.09244        0.08209        0.08425        0.09317        0.08604        0.0912         0.09626        0.09503        0.0949         0.0959         0.09618        0.09585        0.09577        0.0959         
0.03231        0.03146        0.01478        0.02358        0.01075        0.009646       0.009889       0.008951       0.0136         0.02372        0.009378       0.01451        0.01697        0.01577        0.01502        0.01654        0.01646        0.01664        0.01634        0.01656        
0.1688         0.1672         0.1685         0.168          0.1702         0.1745         0.1773         0.1778         0.173          0.1733         0.1732         0.1777         0.1758         0.1747         0.1778         0.1757         0.1757         0.176          0.1757         0.1765         
0.007899       0.01096        0.007842       0.005044       0.009507       0.01467        0.006464       0.01101        0.01158        0.01572        0.01667        0.01458        0.0178         0.01593        0.006637       0.01736        0.01727        0.01819        0.01785        0.01803        
0.07179        0.08017        0.07965        0.07785        0.08774        0.08375        0.08519        0.0877         0.08309        0.09095        0.08535        0.08885        0.0881         0.08654        0.08547        0.08836        0.08772        0.0882         0.0881         0.08774        
0.009661       0.01271        0.01221        0.01176        0.01823        0.01338        0.01009        0.0162         0.01233        0.01575        0.0156         0.01346        0.01517        0.0147         0.01353        0.01607        0.01627        0.01659        0.01601        0.01617        
0.0004         0.0006         0.0002         0.0008         0.0024         0.0032         0.0024         0.0014         0.001          0.0016         0.0008         0.002          0.0012         0.0008         0.0018         0.0016         0.0024         0.002          0.0076         0.0034         
0.0004899      0.0004899      0.0004         0.0009798      0.003878       0.003429       0.003878       0.0012         0.001265       0.0008         0.0009798      0              0.0009798      0.0009798      0.0009798      0.0008         0.004317       0.001095       0.007864       0.003929       
1              1              1              1              1              1              1              1              1              1              1              1              1              1              1              1              1              1              1              1              
0              0              0              0              0              0              0              0              0              0              0              0              0              0              0              0              0              0              0              0              
0.3399         0.3399         0.3399         0.3399         0.3399         0.3399         0.3399         0.3399         0.3399         0.3399         0.3399         0.3399         0.3399         0.3399         0.3399         0.3399         0.3399         0.3399         0.3399         0.3399         
0.09889        0.09889        0.09889        0.09889        0.09889        0.09889        0.09889        0.09889        0.09889        0.09889        0.09889        0.09889        0.09889        0.09889        0.09889        0.09889        0.09889        0.09889        0.09889        0.09889        
0.22           0.22           0.22           0.22           0.22           0.22           0.22           0.22           0.22           0.22           0.22           0.22           0.22           0.22           0.22           0.22           0.22           0.22           0.22           0.22           
0.1033         0.1033         0.1033         0.1033         0.1033         0.1033         0.1033         0.1033         0.1033         0.1033         0.1033         0.1033         0.1033         0.1033         0.1033         0.1033         0.1033         0.1033         0.1033         0.1033         
0.3677         0.3677         0.3677         0.3677         0.3677         0.3677         0.3677         0.3677         0.3677         0.3677         0.3677         0.3677         0.3677         0.3677         0.3677         0.3677         0.3677         0.3677         0.3677         0.3677         
0.09351        0.09351        0.09351        0.09351        0.09351        0.09351        0.09351        0.09351        0.09351        0.09351        0.09351        0.09351        0.09351        0.09351        0.09351        0.09351        0.09351        0.09351        0.09351        0.09351        
0.2522         0.2522         0.2522         0.2522         0.2522         0.2522         0.2522         0.2522         0.2522         0.2522         0.2522         0.2522         0.2522         0.2522         0.2522         0.2522         0.2522         0.2522         0.2522         0.2522         
0.1027         0.1027         0.1027         0.1027         0.1027         0.1027         0.1027         0.1027         0.1027         0.1027         0.1027         0.1027         0.1027         0.1027         0.1027         0.1027         0.1027         0.1027         0.1027         0.1027         
0.04           0.04           0.04           0.04           0.04           0.04           0.04           0.04           0.04           0.04           0.04           0.04           0.04           0.04           0.04           0.04           0.04           0.04           0.04           0.04           
0.006066       0.006066       0.006066       0.006066       0.006066       0.006066       0.006066       0.006066       0.006066       0.006066       0.006066       0.006066       0.006066       0.006066       0.006066       0.006066       0.006066       0.006066       0.006066       0.006066       
0.00605        0.01085        0.01685        0.0267         0.0509         0.1694         0.1938         0.3473         0.507          0.6419         0.7194         0.7979         0.8276         0.8797         0.8944         0.9383         0.9538         0.9692         0.987          0.9899         
0.002446       0.004283       0.0121         0.01809        0.03129        0.02575        0.1124         0.1753         0.2116         0.2276         0.2406         0.1964         0.1892         0.1115         0.1587         0.07979        0.07666        0.0468         0.02077        0.01581        
0.1707         0.1717         0.187          0.1911         0.2016         0.2625         0.2473         0.2888         0.3428         0.3794         0.3615         0.3692         0.358          0.33           0.3628         0.3329         0.3766         0.3476         0.3765         0.3496         
0.008559       0.01081        0.02693        0.02307        0.02489        0.01825        0.0567         0.0758         0.08578        0.07718        0.08377        0.1011         0.0864         0.0706         0.09464        0.09825        0.09947        0.09227        0.09444        0.08322        
0.08104        0.0821         0.08614        0.09248        0.1052         0.1413         0.1358         0.168          0.23           0.259          0.2511         0.2586         0.2365         0.2073         0.2419         0.2196         0.2583         0.2351         0.2643         0.2301         
0.004943       0.007675       0.02359        0.01744        0.01238        0.01497        0.05227        0.05176        0.08662        0.07427        0.07619        0.0925         0.08949        0.0579         0.09524        0.09911        0.0996         0.08994        0.08316        0.08939        
0.1732         0.1797         0.1978         0.2027         0.2255         0.311          0.2932         0.3372         0.3787         0.3987         0.3988         0.3863         0.3912         0.388          0.3958         0.3645         0.3953         0.3693         0.393          0.3688         
0.01896        0.01915        0.03733        0.04927        0.03618        0.04949        0.08481        0.09902        0.09754        0.1068         0.1109         0.1134         0.1039         0.1075         0.1135         0.0874         0.1098         0.08949        0.1099         0.09534        
0.08723        0.08306        0.1171         0.1052         0.1165         0.1898         0.1806         0.2288         0.2609         0.2967         0.2984         0.283          0.2868         0.2637         0.2947         0.2479         0.288          0.2552         0.2842         0.2583         
0.0161         0.01903        0.03822        0.03879        0.02727        0.03093        0.07839        0.1012         0.09326        0.1166         0.1142         0.113          0.1159         0.1051         0.116          0.09636        0.1078         0.08972        0.1207         0.09728        
0.0008         0.0012         0.0014         0.0018         0.0032         0.01           0.0104         0.0214         0.0278         0.0298         0.0308         0.037          0.0428         0.037          0.0404         0.0414         0.0482         0.047          0.0412         0.0482         
0.0009798      0.0007483      0.0008         0.001833       0.004118       0              0.007889       0.0105         0.0136         0.01504        0.01525        0.01391        0.01525        0.01493        0.01076        0.006859       0.01076        0.01455        0.01364        0.007467       
0.0056         0.0118         0.01875        0.02555        0.0494         0.1617         0.1934         0.3488         0.5059         0.6432         0.7306         0.7991         0.8219         0.8789         0.8926         0.9366         0.9561         0.968          0.9854         0.9893         
0.002562       0.004978       0.01421        0.01907        0.03337        0.02643        0.1125         0.1771         0.2105         0.2265         0.2424         0.1901         0.1932         0.1114         0.1579         0.08554        0.07203        0.04855        0.02326        0.01607        
0.1701         0.1802         0.1816         0.1796         0.1971         0.2118         0.2117         0.2687         0.2867         0.3159         0.3437         0.3836         0.3571         0.2982         0.3478         0.3417         0.3301         0.3728         0.342          0.3366         
0.006191       0.01808        0.03056        0.02301        0.02227        0.01296        0.02674        0.07112        0.0864         0.08359        0.08438        0.05339        0.08251        0.08923        0.04931        0.09864        0.1075         0.08361        0.1008         0.09462        
0.07072        0.08254        0.09103        0.07906        0.08603        0.09865        0.1014         0.1552         0.169          0.2077         0.2215         0.2593         0.2404         0.1745         0.2214         0.2255         0.2144         0.262          0.2243         0.2157         
0.006269       0.009143       0.01141        0.01459        0.009095       0.01419        0.01652        0.05019        0.06678        0.08172        0.09491        0.06498        0.09631        0.1021         0.05887        0.1004         0.1068         0.07219        0.1009         0.1004         
0.1818         0.1673         0.196          0.2057         0.1835         0.2523         0.2308         0.3382         0.3518         0.3443         0.3778         0.41           0.3923         0.3208         0.3782         0.3598         0.361          0.3883         0.371          0.3652         
0.008667       0.02494        0.03818        0.04477        0.01829        0.02317        0.06069        0.07535        0.1192         0.08046        0.08387        0.05012        0.06204        0.06868        0.05584        0.09739        0.1035         0.09826        0.0975         0.09271        
0.09197        0.09398        0.1004         0.1013         0.08551        0.1351         0.1257         0.2169         0.234          0.2298         0.2663         0.3036         0.2659         0.1911         0.256          0.2492         0.2541         0.2734         0.2562         0.2523         
0.0107         0.02645        0.02697        0.02331        0.01147        0.01649        0.04915        0.07884        0.1154         0.08782        0.0923         0.07119        0.07802        0.05834        0.06254        0.1142         0.1036         0.1026         0.1066         0.1047         
0.0046         0.0046         0.0038         0.0018         0.0042         0.0056         0.0106         0.0226         0.0236         0.0364         0.034          0.0404         0.037          0.0354         0.0358         0.0406         0.0342         0.0492         0.039          0.0478         
0.004454       0.00771        0.003187       0.00172        0.003487       0.0032         0.007116       0.01357        0.01183        0.01728        0.01566        0.008333       0.01507        0.007605       0.005706       0.01285        0.005564       0.004354       0.007071       0.01091        
1              1              1              1              1              1              1              1              1              1              1              1              1              1              1              1              1              1              1              1              
0              0              0              0              0              0              0              0              0              0              0              0              0              0              0              0              0              0              0              0              
0.4354         0.4354         0.4354         0.4354         0.4354         0.4354         0.4354         0.4354         0.4354         0.4354         0.4354         0.4354         0.4354         0.4354         0.4354         0.4354         0.4354         0.4354         0.4354         0.4354         
0.01175        0.01175        0.01175        0.01175        0.01175        0.01175        0.01175        0.01175        0.01175        0.01175        0.01175        0.01175        0.01175        0.01175        0.01175        0.01175        0.01175        0.01175        0.01175        0.01175        
0.3239         0.3239         0.3239         0.3239         0.3239         0.3239         0.3239         0.3239         0.3239         0.3239         0.3239         0.3239         0.3239         0.3239         0.3239         0.3239         0.3239         0.3239         0.3239         0.3239         
0.02512        0.02512        0.02512        0.02512        0.02512        0.02512        0.02512        0.02512        0.02512        0.02512        0.02512        0.02512        0.02512        0.02512        0.02512        0.02512        0.02512        0.02512        0.02512        0.02512        
0.4527         0.4527         0.4527         0.4527         0.4527         0.4527         0.4527         0.4527         0.4527         0.4527         0.4527         0.4527         0.4527         0.4527         0.4527         0.4527         0.4527         0.4527         0.4527         0.4527         
0.06732        0.06732        0.06732        0.06732        0.06732        0.06732        0.06732        0.06732        0.06732        0.06732        0.06732        0.06732        0.06732        0.06732        0.06732        0.06732        0.06732        0.06732        0.06732        0.06732        
0.3684         0.3684         0.3684         0.3684         0.3684         0.3684         0.3684         0.3684         0.3684         0.3684         0.3684         0.3684         0.3684         0.3684         0.3684         0.3684         0.3684         0.3684         0.3684         0.3684         
0.07652        0.07652        0.07652        0.07652        0.07652        0.07652        0.07652        0.07652        0.07652        0.07652        0.07652        0.07652        0.07652        0.07652        0.07652        0.07652        0.07652        0.07652        0.07652        0.07652        
0.0482         0.0516         0.0406         0.0524         0.0548         0.048          0.045          0.052          0.0496         0.0438         0.0514         0.0514         0.054          0.0472         0.0538         0.052          0.0504         0.0522         0.0456         0.0448         
0.008424       0.01044        0.008593       0.009604       0.008232       0.004858       0.009592       0.009445       0.01256        0.01053        0.01089        0.007605       0.01006        0.009558       0.006765       0.01284        0.01198        0.002713       0.01157        0.0112         
