1              1              1              1              1              1              1              1              1              1              1              1              1              1              1              1              1              1              1              1              
0              0              0              0              0              0              0              0              0              0              0              0              0              0              0              0              0              0              0              0              
0.3804         0.3804         0.3804         0.3804         0.3804         0.3804         0.3804         0.3804         0.3804         0.3804         0.3804         0.3804         0.3804         0.3804         0.3804         0.3804         0.3804         0.3804         0.3804         0.3804         
0.03591        0.03591        0.03591        0.03591        0.03591        0.03591        0.03591        0.03591        0.03591        0.03591        0.03591        0.03591        0.03591        0.03591        0.03591        0.03591        0.03591        0.03591        0.03591        0.03591        
0.258          0.258          0.258          0.258          0.258          0.258          0.258          0.258          0.258          0.258          0.258          0.258          0.258          0.258          0.258          0.258          0.258          0.258          0.258          0.258          
0.03164        0.03164        0.03164        0.03164        0.03164        0.03164        0.03164        0.03164        0.03164        0.03164        0.03164        0.03164        0.03164        0.03164        0.03164        0.03164        0.03164        0.03164        0.03164        0.03164        
0.3468         0.3468         0.3468         0.3468         0.3468         0.3468         0.3468         0.3468         0.3468         0.3468         0.3468         0.3468         0.3468         0.3468         0.3468         0.3468         0.3468         0.3468         0.3468         0.3468         
0.0296         0.0296         0.0296         0.0296         0.0296         0.0296         0.0296         0.0296         0.0296         0.0296         0.0296         0.0296         0.0296         0.0296         0.0296         0.0296         0.0296         0.0296         0.0296         0.0296         
0.2031         0.2031         0.2031         0.2031         0.2031         0.2031         0.2031         0.2031         0.2031         0.2031         0.2031         0.2031         0.2031         0.2031         0.2031         0.2031         0.2031         0.2031         0.2031         0.2031         
0.02756        0.02756        0.02756        0.02756        0.02756        0.02756        0.02756        0.02756        0.02756        0.02756        0.02756        0.02756        0.02756        0.02756        0.02756        0.02756        0.02756        0.02756        0.02756        0.02756        
0.0012         0.0012         0.0012         0.0012         0.0012         0.0012         0.0012         0.0012         0.0012         0.0012         0.0012         0.0012         0.0012         0.0012         0.0012         0.0012         0.0012         0.0012         0.0012         0.0012         
0.0004         0.0004         0.0004         0.0004         0.0004         0.0004         0.0004         0.0004         0.0004         0.0004         0.0004         0.0004         0.0004         0.0004         0.0004         0.0004         0.0004         0.0004         0.0004         0.0004         
0.069          0.0982         0.1384         0.1996         0.2702         0.3584         0.4642         0.6068         0.7068         0.8096         0.87           0.9264         0.9602         0.9688         0.9842         0.9912         0.9956         0.9974         0.9974         0.9994         
0.004817       0.007194       0.00653        0.01439        0.006969       0.02138        0.008818       0.005492       0.01763        0.00933        0.007537       0.008593       0.002926       0.002561       0.004665       0.003544       0.001356       0.00102        0.001744       0.0008         
0.2582         0.3072         0.298          0.3214         0.331          0.3331         0.3499         0.3617         0.3634         0.3627         0.3791         0.3622         0.3882         0.3924         0.3786         0.3842         0.379          0.3812         0.3819         0.3806         
0.02301        0.04386        0.02023        0.05234        0.03832        0.03113        0.0353         0.0348         0.05528        0.04501        0.03542        0.04387        0.03685        0.03372        0.03683        0.03591        0.03498        0.03534        0.03615        0.03576        
0.1518         0.206          0.1799         0.2061         0.2351         0.2157         0.2411         0.2555         0.239          0.2398         0.2632         0.2437         0.2666         0.2708         0.2561         0.2616         0.2573         0.2581         0.258          0.2583         
0.01754        0.05385        0.02766        0.05402        0.03885        0.04951        0.0476         0.05652        0.0496         0.05114        0.02477        0.03733        0.03436        0.0259         0.0328         0.03122        0.03322        0.0313         0.03312        0.03168        
0.2895         0.3015         0.2925         0.2952         0.3222         0.3207         0.3058         0.3317         0.3433         0.3282         0.3292         0.3285         0.3495         0.3485         0.3468         0.3503         0.3422         0.3452         0.3462         0.3472         
0.02229        0.03179        0.03259        0.02397        0.0367         0.03029        0.04328        0.04477        0.04894        0.03083        0.03186        0.03142        0.0222         0.02618        0.0282         0.02823        0.02997        0.02965        0.02939        0.0295         
0.1511         0.174          0.1663         0.161          0.1934         0.1776         0.1789         0.2007         0.2032         0.198          0.1925         0.189          0.2054         0.2017         0.2059         0.2049         0.2023         0.2025         0.2039         0.2028         
0.01376        0.02444        0.02677        0.03127        0.04175        0.02988        0.04901        0.04305        0.04577        0.03531        0.0327         0.03276        0.0219         0.02629        0.02834        0.02741        0.02669        0.02831        0.02824        0.02741        
0.0006         0.0008         0.0006         0.0006         0.0008         0.001          0.0012         0.0016         0.0014         0.0014         0.0012         0.001          0.0016         0.0016         0.0012         0.0016         0.0012         0.0016         0.0014         0.0014         
0.0004899      0.0004         0.0004899      0.0004899      0.0004         0              0.0004         0.0004899      0.0004899      0.0004899      0.0004         0              0.0004899      0.0004899      0.0004         0.0004899      0.0004         0.0004899      0.0004899      0.0004899      
0.0658         0.0994         0.139          0.208          0.2788         0.3584         0.4494         0.6022         0.7016         0.804          0.869          0.9286         0.9672         0.9648         0.984          0.9906         0.9966         0.9974         0.9968         0.9992         
0.01015        0.007965       0.009011       0.022          0.003709       0.04281        0.01519        0.00598        0.0259         0.02073        0.01026        0.01037        0.002786       0.005154       0.009274       0.0028         0.001855       0.00102        0.004118       0.001166       
0.2685         0.3163         0.3154         0.3084         0.337          0.3799         0.3502         0.3631         0.3598         0.3733         0.3874         0.3923         0.3753         0.388          0.3876         0.3823         0.3817         0.3812         0.381          0.3802         
0.03242        0.02184        0.03679        0.03317        0.04102        0.02535        0.01931        0.02952        0.04176        0.03725        0.02846        0.04965        0.04366        0.03846        0.03618        0.03845        0.03795        0.03537        0.03672        0.03605        
0.163          0.2198         0.1913         0.1973         0.2271         0.2638         0.2363         0.2303         0.2377         0.2587         0.2697         0.2817         0.2469         0.2667         0.266          0.2598         0.2592         0.2582         0.2586         0.2582         
0.05049        0.03193        0.02771        0.03612        0.04723        0.02562        0.02204        0.02871        0.03629        0.03737        0.01938        0.04478        0.03992        0.02447        0.03116        0.03231        0.03371        0.03124        0.03408        0.03166        
0.2775         0.3218         0.302          0.2763         0.33           0.3345         0.2968         0.31           0.33           0.325          0.336          0.3507         0.3272         0.3357         0.3532         0.3515         0.3453         0.3457         0.3467         0.3472         
0.02892        0.03587        0.0135         0.01789        0.01353        0.01635        0.05131        0.02798        0.02633        0.02711        0.03081        0.01546        0.03378        0.03054        0.0313         0.02981        0.02966        0.02962        0.03119        0.0295         
0.1463         0.1882         0.1646         0.1607         0.1873         0.1944         0.1573         0.1713         0.1926         0.2034         0.1982         0.2135         0.1823         0.1911         0.2117         0.2056         0.2026         0.2028         0.2029         0.2029         
0.03092        0.03917        0.01739        0.01711        0.02033        0.01743        0.0404         0.02068        0.03012        0.04272        0.0321         0.02722        0.03242        0.02875        0.03093        0.02804        0.02759        0.02815        0.02766        0.02744        
0.0006         0.0008         0.0006         0.0008         0.0008         0.001          0.0006         0.001          0.0014         0.0012         0.0016         0.0014         0.0016         0.0014         0.0014         0.0014         0.0016         0.0012         0.0016         0.0014         
0.0004899      0.0004         0.0004899      0.0007483      0.0004         0              0.0004899      0              0.0004899      0.0004         0.0004899      0.0004899      0.0004899      0.0004899      0.0004899      0.0004899      0.0004899      0.0004         0.0004899      0.0004899      
1              1              1              1              1              1              1              1              1              1              1              1              1              1              1              1              1              1              1              1              
0              0              0              0              0              0              0              0              0              0              0              0              0              0              0              0              0              0              0              0              
0.539          0.539          0.539          0.539          0.539          0.539          0.539          0.539          0.539          0.539          0.539          0.539          0.539          0.539          0.539          0.539          0.539          0.539          0.539          0.539          
0.04967        0.04967        0.04967        0.04967        0.04967        0.04967        0.04967        0.04967        0.04967        0.04967        0.04967        0.04967        0.04967        0.04967        0.04967        0.04967        0.04967        0.04967        0.04967        0.04967        
0.4018         0.4018         0.4018         0.4018         0.4018         0.4018         0.4018         0.4018         0.4018         0.4018         0.4018         0.4018         0.4018         0.4018         0.4018         0.4018         0.4018         0.4018         0.4018         0.4018         
0.05849        0.05849        0.05849        0.05849        0.05849        0.05849        0.05849        0.05849        0.05849        0.05849        0.05849        0.05849        0.05849        0.05849        0.05849        0.05849        0.05849        0.05849        0.05849        0.05849        
0.5317         0.5317         0.5317         0.5317         0.5317         0.5317         0.5317         0.5317         0.5317         0.5317         0.5317         0.5317         0.5317         0.5317         0.5317         0.5317         0.5317         0.5317         0.5317         0.5317         
0.0293         0.0293         0.0293         0.0293         0.0293         0.0293         0.0293         0.0293         0.0293         0.0293         0.0293         0.0293         0.0293         0.0293         0.0293         0.0293         0.0293         0.0293         0.0293         0.0293         
0.3883         0.3883         0.3883         0.3883         0.3883         0.3883         0.3883         0.3883         0.3883         0.3883         0.3883         0.3883         0.3883         0.3883         0.3883         0.3883         0.3883         0.3883         0.3883         0.3883         
0.04617        0.04617        0.04617        0.04617        0.04617        0.04617        0.04617        0.04617        0.04617        0.04617        0.04617        0.04617        0.04617        0.04617        0.04617        0.04617        0.04617        0.04617        0.04617        0.04617        
0.0968         0.0968         0.0968         0.0968         0.0968         0.0968         0.0968         0.0968         0.0968         0.0968         0.0968         0.0968         0.0968         0.0968         0.0968         0.0968         0.0968         0.0968         0.0968         0.0968         
0.00449        0.00449        0.00449        0.00449        0.00449        0.00449        0.00449        0.00449        0.00449        0.00449        0.00449        0.00449        0.00449        0.00449        0.00449        0.00449        0.00449        0.00449        0.00449        0.00449        
0.0172         0.0256         0.0386         0.0524         0.0832         0.1062         0.1516         0.2402         0.317          0.4614         0.592          0.7112         0.8014         0.8628         0.9272         0.9534         0.975          0.9864         0.9904         0.994          
0.002786       0.0032         0.006651       0.007658       0.004261       0.01376        0.01524        0.01559        0.01595        0.02583        0.02471        0.02048        0.01184        0.01102        0.004622       0.006771       0.004099       0.001497       0.0008         0.0006325      
0.2881         0.2519         0.2872         0.2528         0.336          0.3292         0.3703         0.4182         0.3976         0.4932         0.4835         0.5469         0.5013         0.5209         0.5255         0.5184         0.5162         0.5305         0.5341         0.5347         
0.01931        0.05741        0.03938        0.01685        0.01934        0.03182        0.02269        0.03931        0.02233        0.048          0.03458        0.06117        0.04012        0.04248        0.03203        0.04319        0.06896        0.04843        0.05025        0.05817        
0.1676         0.1545         0.18           0.1504         0.2314         0.2148         0.2499         0.2905         0.2627         0.3685         0.3493         0.4303         0.3648         0.3838         0.3936         0.3866         0.3773         0.3944         0.3989         0.3985         
0.02152        0.04341        0.03277        0.02166        0.02902        0.03269        0.02564        0.04362        0.03278        0.04724        0.03434        0.07132        0.04407        0.04699        0.04666        0.04937        0.07764        0.05736        0.05813        0.06893        
0.2738         0.276          0.2758         0.2495         0.3317         0.3193         0.3428         0.4118         0.365          0.4865         0.4607         0.495          0.5015         0.506          0.514          0.5268         0.505          0.5152         0.522          0.526          
0.02276        0.03035        0.03342        0.02278        0.04367        0.05364        0.03824        0.0317         0.03704        0.03381        0.04104        0.009321       0.02503        0.02766        0.0315         0.03097        0.02617        0.01829        0.0374         0.03124        
0.1382         0.1475         0.1685         0.128          0.195          0.1841         0.1991         0.261          0.2249         0.3557         0.3156         0.3512         0.3529         0.3539         0.3661         0.3875         0.3578         0.3689         0.3823         0.3919         
0.0287         0.03304        0.03344        0.01603        0.0403         0.04676        0.04108        0.03039        0.0336         0.03333        0.03179        0.01304        0.02277        0.01673        0.03957        0.03507        0.03415        0.02837        0.05208        0.04333        
0.0044         0.0056         0.0078         0.009          0.0146         0.017          0.0244         0.0346         0.0424         0.0566         0.0672         0.0768         0.0812         0.0852         0.091          0.091          0.0968         0.0954         0.0948         0.0974         
0.0004899      0.001356       0.00172        0.001673       0.002059       0.002608       0.002653       0.003137       0.002059       0.003137       0.006765       0.0016         0.003429       0.001166       0.001095       0.00228        0.0036         0.004224       0.004308       0.003826       
0.0188         0.0312         0.0464         0.0594         0.0796         0.0974         0.1328         0.2384         0.3102         0.453          0.5946         0.719          0.7956         0.8562         0.9256         0.9518         0.9778         0.985          0.9912         0.9938         
0.002857       0.008085       0.009749       0.009541       0.004176       0.02191        0.02371        0.01902        0.0234         0.02362        0.02849        0.02025        0.02054        0.01642        0.006248       0.01211        0.003655       0.001095       0.002227       0.001327       
0.2676         0.2675         0.2691         0.3077         0.3264         0.3078         0.3243         0.3831         0.4312         0.4664         0.4914         0.5117         0.5194         0.5015         0.5101         0.5301         0.5171         0.5281         0.537          0.5377         
0.01803        0.03261        0.02519        0.03098        0.02644        0.04467        0.0263         0.04563        0.02093        0.05369        0.05319        0.04288        0.03624        0.04962        0.03686        0.05534        0.05742        0.04114        0.04922        0.03921        
0.1549         0.1499         0.1618         0.19           0.2186         0.195          0.2079         0.2557         0.2892         0.3384         0.3603         0.3806         0.3864         0.373          0.3752         0.3959         0.3788         0.3892         0.398          0.404          
0.01649        0.02524        0.02064        0.03967        0.03391        0.04103        0.03729        0.03861        0.02539        0.06022        0.06637        0.05403        0.04386        0.05755        0.03916        0.06702        0.07536        0.04455        0.05553        0.04823        
0.271          0.2502         0.261          0.2978         0.314          0.2792         0.2963         0.3645         0.3985         0.4495         0.446          0.4695         0.4848         0.4775         0.486          0.5097         0.5027         0.5097         0.5217         0.5295         
0.01964        0.04425        0.02988        0.03774        0.02769        0.04528        0.03057        0.03043        0.0376         0.03925        0.01071        0.01526        0.02468        0.03247        0.02062        0.01218        0.02301        0.02588        0.02675        0.03028        
0.14           0.1365         0.1407         0.1661         0.1826         0.1534         0.1749         0.2257         0.2513         0.3068         0.302          0.3197         0.3451         0.3319         0.3429         0.3702         0.3584         0.3678         0.3798         0.3871         
0.01186        0.02366        0.02437        0.03024        0.03197        0.03582        0.02865        0.02824        0.04415        0.03332        0.0115         0.01816        0.02566        0.03347        0.02119        0.02221        0.02706        0.03401        0.04154        0.04748        
0.0036         0.005          0.0066         0.0084         0.0106         0.0132         0.0172         0.0296         0.0356         0.0496         0.0604         0.0708         0.0804         0.0826         0.0924         0.0908         0.0958         0.0952         0.0954         0.0988         
0.0008         0.001673       0.001356       0.001625       0.00102        0.003816       0.0036         0.002332       0.002154       0.002154       0.002653       0.005564       0.003072       0.002577       0.003382       0.003709       0.006046       0.006046       0.003007       0.002993       
1              1              1              1              1              1              1              1              1              1              1              1              1              1              1              1              1              1              1              1              
0              0              0              0              0              0              0              0              0              0              0              0              0              0              0              0              0              0              0              0              
0.626          0.626          0.626          0.626          0.626          0.626          0.626          0.626          0.626          0.626          0.626          0.626          0.626          0.626          0.626          0.626          0.626          0.626          0.626          0.626          
0.01364        0.01364        0.01364        0.01364        0.01364        0.01364        0.01364        0.01364        0.01364        0.01364        0.01364        0.01364        0.01364        0.01364        0.01364        0.01364        0.01364        0.01364        0.01364        0.01364        
0.5181         0.5181         0.5181         0.5181         0.5181         0.5181         0.5181         0.5181         0.5181         0.5181         0.5181         0.5181         0.5181         0.5181         0.5181         0.5181         0.5181         0.5181         0.5181         0.5181         
0.01893        0.01893        0.01893        0.01893        0.01893        0.01893        0.01893        0.01893        0.01893        0.01893        0.01893        0.01893        0.01893        0.01893        0.01893        0.01893        0.01893        0.01893        0.01893        0.01893        
0.5817         0.5817         0.5817         0.5817         0.5817         0.5817         0.5817         0.5817         0.5817         0.5817         0.5817         0.5817         0.5817         0.5817         0.5817         0.5817         0.5817         0.5817         0.5817         0.5817         
0.03641        0.03641        0.03641        0.03641        0.03641        0.03641        0.03641        0.03641        0.03641        0.03641        0.03641        0.03641        0.03641        0.03641        0.03641        0.03641        0.03641        0.03641        0.03641        0.03641        
0.4598         0.4598         0.4598         0.4598         0.4598         0.4598         0.4598         0.4598         0.4598         0.4598         0.4598         0.4598         0.4598         0.4598         0.4598         0.4598         0.4598         0.4598         0.4598         0.4598         
0.04584        0.04584        0.04584        0.04584        0.04584        0.04584        0.04584        0.04584        0.04584        0.04584        0.04584        0.04584        0.04584        0.04584        0.04584        0.04584        0.04584        0.04584        0.04584        0.04584        
0.1132         0.1154         0.1118         0.1132         0.114          0.1118         0.117          0.1126         0.1134         0.1128         0.1118         0.1138         0.1122         0.1114         0.1126         0.1128         0.1142         0.1112         0.1116         0.1138         
0.004996       0.004317       0.003311       0.001939       0.002098       0.003544       0.00502        0.003555       0.004224       0.002713       0.002926       0.002315       0.003187       0.001855       0.002245       0.00397        0.008035       0.002135       0.003441       0.004308       
