1              1              1              1              1              1              1              1              1              1              1              1              1              1              1              1              1              1              1              1              
0              0              0              0              0              0              0              0              0              0              0              0              0              0              0              0              0              0              0              0              
0.266          0.266          0.266          0.266          0.266          0.266          0.266          0.266          0.266          0.266          0.266          0.266          0.266          0.266          0.266          0.266          0.266          0.266          0.266          0.266          
0.02743        0.02743        0.02743        0.02743        0.02743        0.02743        0.02743        0.02743        0.02743        0.02743        0.02743        0.02743        0.02743        0.02743        0.02743        0.02743        0.02743        0.02743        0.02743        0.02743        
0.1879         0.1879         0.1879         0.1879         0.1879         0.1879         0.1879         0.1879         0.1879         0.1879         0.1879         0.1879         0.1879         0.1879         0.1879         0.1879         0.1879         0.1879         0.1879         0.1879         
0.0254         0.0254         0.0254         0.0254         0.0254         0.0254         0.0254         0.0254         0.0254         0.0254         0.0254         0.0254         0.0254         0.0254         0.0254         0.0254         0.0254         0.0254         0.0254         0.0254         
0.2543         0.2543         0.2543         0.2543         0.2543         0.2543         0.2543         0.2543         0.2543         0.2543         0.2543         0.2543         0.2543         0.2543         0.2543         0.2543         0.2543         0.2543         0.2543         0.2543         
0.04632        0.04632        0.04632        0.04632        0.04632        0.04632        0.04632        0.04632        0.04632        0.04632        0.04632        0.04632        0.04632        0.04632        0.04632        0.04632        0.04632        0.04632        0.04632        0.04632        
0.1979         0.1979         0.1979         0.1979         0.1979         0.1979         0.1979         0.1979         0.1979         0.1979         0.1979         0.1979         0.1979         0.1979         0.1979         0.1979         0.1979         0.1979         0.1979         0.1979         
0.04826        0.04826        0.04826        0.04826        0.04826        0.04826        0.04826        0.04826        0.04826        0.04826        0.04826        0.04826        0.04826        0.04826        0.04826        0.04826        0.04826        0.04826        0.04826        0.04826        
0.002          0.002          0.002          0.002          0.002          0.002          0.002          0.002          0.002          0.002          0.002          0.002          0.002          0.002          0.002          0.002          0.002          0.002          0.002          0.002          
0              0              0              0              0              0              0              0              0              0              0              0              0              0              0              0              0              0              0              0              
0.1051         0.148          0.2067         0.2787         0.3602         0.4555         0.5585         0.6589         0.7593         0.8348         0.8886         0.9302         0.9597         0.9735         0.9863         0.9907         0.9954         0.9964         0.999          0.9984         
0.003907       0.00795        0.006213       0.003916       0.005921       0.004772       0.006093       0.009358       0.009511       0.004502       0.006646       0.003144       0.003157       0.001713       0.002264       0.00103        0.001393       0.0007517      0.0004848      0.0008746      
0.2127         0.2218         0.2519         0.2401         0.2644         0.2442         0.2576         0.2546         0.2691         0.2691         0.266          0.2627         0.2663         0.2691         0.2662         0.2674         0.2661         0.2651         0.2659         0.2657         
0.02516        0.01897        0.01569        0.01917        0.01061        0.0251         0.01434        0.03259        0.03638        0.02535        0.03649        0.02884        0.02535        0.02367        0.02647        0.02744        0.02604        0.02692        0.02713        0.02779        
0.1547         0.1655         0.1929         0.1806         0.1943         0.1787         0.1734         0.1774         0.1912         0.1914         0.1954         0.1881         0.1901         0.1912         0.188          0.188          0.1879         0.1875         0.1883         0.1877         
0.02741        0.008598       0.01654        0.02392        0.01354        0.01741        0.009814       0.0303         0.03842        0.02907        0.034          0.02844        0.02385        0.02477        0.02618        0.02471        0.02443        0.02523        0.02523        0.02561        
0.1968         0.204          0.22           0.2482         0.2294         0.2426         0.2423         0.2463         0.2515         0.2381         0.2486         0.2472         0.2489         0.2612         0.2542         0.2581         0.2558         0.2556         0.2548         0.2543         
0.02731        0.03598        0.03685        0.01388        0.0173         0.01524        0.01762        0.0178         0.02833        0.03543        0.04735        0.03294        0.0339         0.04497        0.04181        0.04654        0.04697        0.04704        0.04628        0.04657        
0.1397         0.1427         0.1551         0.1796         0.1648         0.1862         0.1829         0.1819         0.1942         0.1878         0.1951         0.191          0.194          0.2043         0.197          0.1985         0.1976         0.1988         0.1981         0.1976         
0.03467        0.02533        0.03588        0.01509        0.02303        0.02502        0.02405        0.03063        0.03605        0.03882        0.04966        0.03749        0.03924        0.04721        0.04512        0.04727        0.048          0.0479         0.04813        0.04832        
0.001          0.001          0.0014         0.0012         0.0014         0.0018         0.002          0.0016         0.0014         0.002          0.0022         0.002          0.002          0.0018         0.002          0.002          0.002          0.0018         0.002          0.002          
0              0              0.0004899      0.0004         0.0004899      0.0004         0              0.0004899      0.0004899      0              0.0004         0              0              0.0004         0              0              0              0.0004         0              0              
0.1074         0.1522         0.2079         0.2843         0.3584         0.4561         0.5596         0.6491         0.7684         0.8392         0.8886         0.928          0.961          0.973          0.9862         0.9901         0.9957         0.9952         0.999          0.9974         
0.00902        0.01278        0.003754       0.006468       0.004956       0.01424        0.01028        0.01243        0.009583       0.005885       0.009964       0.003715       0.005083       0.002517       0.004259       0.00121        0.001782       0.001338       0.0008367      0.001984       
0.197          0.2319         0.2321         0.2354         0.2404         0.2562         0.2537         0.2513         0.2741         0.2608         0.2616         0.262          0.2685         0.2653         0.2655         0.2689         0.2662         0.2669         0.2666         0.2654         
0.01439        0.03878        0.02182        0.02463        0.02254        0.02492        0.02593        0.02445        0.0251         0.04153        0.04131        0.03334        0.01991        0.02745        0.02885        0.02424        0.02729        0.02677        0.02568        0.02773        
0.1453         0.178          0.1715         0.1739         0.1742         0.1889         0.1826         0.1819         0.1961         0.1881         0.1927         0.1876         0.1871         0.1892         0.1887         0.1899         0.1904         0.1888         0.1885         0.1879         
0.02008        0.03776        0.01694        0.02165        0.02116        0.0273         0.01825        0.01371        0.03042        0.03394        0.03989        0.03176        0.01615        0.02739        0.02663        0.02273        0.02614        0.02535        0.02398        0.02529        
0.1842         0.1888         0.2125         0.2447         0.2172         0.2398         0.2346         0.2543         0.2481         0.2325         0.2353         0.2489         0.2513         0.2506         0.2546         0.2594         0.2546         0.2572         0.2548         0.2548         
0.03178        0.04692        0.03991        0.02333        0.01118        0.01199        0.02412        0.03522        0.03112        0.06689        0.04367        0.03327        0.02934        0.04851        0.04071        0.04628        0.04587        0.04719        0.04579        0.04536        
0.1308         0.1457         0.1506         0.177          0.1577         0.1815         0.185          0.197          0.1972         0.1809         0.1811         0.1928         0.1927         0.1981         0.1981         0.1986         0.1948         0.2001         0.1981         0.1974         
0.02939        0.03137        0.03864        0.01674        0.01646        0.02265        0.02705        0.04227        0.03339        0.05574        0.03755        0.04094        0.03699        0.04719        0.04522        0.04614        0.04457        0.04791        0.04786        0.04752        
0.001          0.001          0.0012         0.0014         0.0012         0.0014         0.0016         0.002          0.0018         0.0018         0.0018         0.0018         0.002          0.002          0.002          0.002          0.002          0.0018         0.0022         0.002          
0              0              0.0004         0.0004899      0.0004         0.0004899      0.0004899      0.0006325      0.0004         0.0004         0.0004         0.0004         0.0006325      0.0006325      0              0              0              0.0004         0.0004         0              
1              1              1              1              1              1              1              1              1              1              1              1              1              1              1              1              1              1              1              1              
0              0              0              0              0              0              0              0              0              0              0              0              0              0              0              0              0              0              0              0              
0.3044         0.3044         0.3044         0.3044         0.3044         0.3044         0.3044         0.3044         0.3044         0.3044         0.3044         0.3044         0.3044         0.3044         0.3044         0.3044         0.3044         0.3044         0.3044         0.3044         
0.01145        0.01145        0.01145        0.01145        0.01145        0.01145        0.01145        0.01145        0.01145        0.01145        0.01145        0.01145        0.01145        0.01145        0.01145        0.01145        0.01145        0.01145        0.01145        0.01145        
0.2177         0.2177         0.2177         0.2177         0.2177         0.2177         0.2177         0.2177         0.2177         0.2177         0.2177         0.2177         0.2177         0.2177         0.2177         0.2177         0.2177         0.2177         0.2177         0.2177         
0.009294       0.009294       0.009294       0.009294       0.009294       0.009294       0.009294       0.009294       0.009294       0.009294       0.009294       0.009294       0.009294       0.009294       0.009294       0.009294       0.009294       0.009294       0.009294       0.009294       
0.3089         0.3089         0.3089         0.3089         0.3089         0.3089         0.3089         0.3089         0.3089         0.3089         0.3089         0.3089         0.3089         0.3089         0.3089         0.3089         0.3089         0.3089         0.3089         0.3089         
0.03452        0.03452        0.03452        0.03452        0.03452        0.03452        0.03452        0.03452        0.03452        0.03452        0.03452        0.03452        0.03452        0.03452        0.03452        0.03452        0.03452        0.03452        0.03452        0.03452        
0.228          0.228          0.228          0.228          0.228          0.228          0.228          0.228          0.228          0.228          0.228          0.228          0.228          0.228          0.228          0.228          0.228          0.228          0.228          0.228          
0.03413        0.03413        0.03413        0.03413        0.03413        0.03413        0.03413        0.03413        0.03413        0.03413        0.03413        0.03413        0.03413        0.03413        0.03413        0.03413        0.03413        0.03413        0.03413        0.03413        
0.0358         0.0358         0.0358         0.0358         0.0358         0.0358         0.0358         0.0358         0.0358         0.0358         0.0358         0.0358         0.0358         0.0358         0.0358         0.0358         0.0358         0.0358         0.0358         0.0358         
0.0007483      0.0007483      0.0007483      0.0007483      0.0007483      0.0007483      0.0007483      0.0007483      0.0007483      0.0007483      0.0007483      0.0007483      0.0007483      0.0007483      0.0007483      0.0007483      0.0007483      0.0007483      0.0007483      0.0007483      
0.0209         0.03665        0.05885        0.08815        0.1359         0.2054         0.2959         0.4146         0.5495         0.6694         0.7771         0.8509         0.9103         0.9438         0.9679         0.9803         0.989          0.9919         0.9969         0.9968         
0.003011       0.001881       0.004986       0.0061         0.002931       0.007188       0.01668        0.01857        0.0126         0.004479       0.009838       0.007832       0.00509        0.002473       0.00274        0.001505       0.002584       0.001168       0.0005612      0.001145       
0.2097         0.2114         0.2444         0.2625         0.2735         0.2867         0.2984         0.2957         0.2992         0.2947         0.3052         0.3035         0.307          0.3086         0.3081         0.3161         0.3081         0.3097         0.3046         0.3059         
0.03063        0.02742        0.02391        0.01962        0.02249        0.02321        0.01285        0.02442        0.01096        0.009393       0.01893        0.01728        0.01214        0.01747        0.009731       0.01307        0.01467        0.009974       0.009229       0.01481        
0.1419         0.1488         0.1751         0.1919         0.1907         0.2003         0.2218         0.2146         0.2179         0.2125         0.2164         0.2218         0.2201         0.2244         0.2222         0.2265         0.2205         0.2246         0.2191         0.2204         
0.02773        0.01791        0.02736        0.01534        0.01805        0.03144        0.01841        0.02792        0.009795       0.01173        0.01824        0.01236        0.01548        0.01356        0.008259       0.01283        0.01105        0.0105         0.007012       0.01154        
0.1737         0.2022         0.2191         0.2464         0.2548         0.2508         0.264          0.2665         0.2833         0.2946         0.3129         0.2925         0.3088         0.2996         0.31           0.3094         0.3033         0.3099         0.3136         0.299          
0.05476        0.02867        0.01689        0.05893        0.02719        0.02758        0.05377        0.04229        0.02735        0.03082        0.02914        0.03713        0.05314        0.02653        0.038          0.04801        0.04101        0.03735        0.04653        0.04048        
0.1215         0.1423         0.1592         0.1748         0.1799         0.1894         0.2034         0.1984         0.2142         0.2169         0.2367         0.2167         0.2212         0.2236         0.2287         0.2323         0.2229         0.2334         0.2301         0.2245         
0.03715        0.02985        0.01899        0.05388        0.03499        0.0278         0.0463         0.04016        0.02574        0.03424        0.02803        0.03293        0.04621        0.0267         0.03803        0.04399        0.03644        0.03509        0.039          0.03612        
0.0022         0.0032         0.0044         0.006          0.0086         0.0114         0.015          0.02           0.0242         0.0282         0.0312         0.033          0.0348         0.0352         0.0358         0.0362         0.0362         0.036          0.0364         0.0366         
0.0004         0.0004         0.0004899      0.0006325      0.0004899      0.0008         0.001414       0.001673       0.001166       0.001327       0.001166       0.001095       0.0009798      0.00147        0.001166       0.00147        0.00147        0.001095       0.0008         0.001625       
0.0209         0.03635        0.0632         0.09225        0.1334         0.204          0.2973         0.4139         0.5561         0.6774         0.7797         0.849          0.9118         0.9414         0.9691         0.9798         0.9898         0.9899         0.9973         0.9966         
0.003727       0.005088       0.005323       0.009525       0.002473       0.01366        0.01697        0.02512        0.01154        0.00459        0.0137         0.007701       0.007581       0.002663       0.006663       0.001594       0.004259       0.002375       0.001329       0.002437       
0.2161         0.1907         0.2195         0.259          0.2504         0.2725         0.2789         0.2795         0.2893         0.2963         0.3002         0.2987         0.3086         0.3085         0.3031         0.3046         0.309          0.3102         0.3065         0.3052         
0.02532        0.03844        0.01153        0.02643        0.0409         0.02957        0.01499        0.02184        0.008987       0.02042        0.02017        0.01848        0.009773       0.01937        0.01246        0.00826        0.009736       0.01309        0.01472        0.01472        
0.1509         0.136          0.1448         0.187          0.1789         0.201          0.206          0.2039         0.2048         0.2114         0.2155         0.2111         0.2227         0.2245         0.2172         0.2197         0.2227         0.2212         0.2208         0.2182         
0.01958        0.03505        0.01168        0.02286        0.03594        0.02517        0.0157         0.02165        0.01206        0.01427        0.02119        0.01669        0.01361        0.01326        0.01036        0.00596        0.008197       0.01317        0.009876       0.01058        
0.1839         0.202          0.2022         0.2446         0.2491         0.2497         0.2313         0.2494         0.2769         0.287          0.2891         0.2944         0.2804         0.3057         0.2979         0.3093         0.3045         0.2993         0.3114         0.3083         
0.04139        0.05912        0.02271        0.06669        0.06272        0.02967        0.04323        0.04693        0.01269        0.04675        0.03116        0.04739        0.03145        0.02691        0.02192        0.04024        0.03822        0.037          0.04903        0.04611        
0.1279         0.1325         0.1407         0.173          0.1752         0.1952         0.1752         0.1723         0.2104         0.2176         0.2136         0.2199         0.2076         0.2316         0.2214         0.2319         0.2226         0.2232         0.2304         0.2281         
0.02779        0.05172        0.01812        0.04906        0.05161        0.03684        0.03713        0.0332         0.01628        0.03935        0.032          0.04055        0.03159        0.0222         0.03113        0.03877        0.03562        0.03514        0.04008        0.0403         
0.0016         0.0022         0.0032         0.0046         0.0056         0.0084         0.011          0.0154         0.0202         0.0248         0.0286         0.0308         0.0334         0.0342         0.0356         0.0366         0.0358         0.0364         0.0368         0.0366         
0.0004899      0.0004         0.0004         0.0004899      0.0004899      0.0004899      0.001095       0.001497       0.0007483      0.0004         0.001356       0.001833       0.00102        0.0009798      0.0012         0.0012         0.001166       0.001497       0.001327       0.0008         
1              1              1              1              1              1              1              1              1              1              1              1              1              1              1              1              1              1              1              1              
0              0              0              0              0              0              0              0              0              0              0              0              0              0              0              0              0              0              0              0              
0.3233         0.3233         0.3233         0.3233         0.3233         0.3233         0.3233         0.3233         0.3233         0.3233         0.3233         0.3233         0.3233         0.3233         0.3233         0.3233         0.3233         0.3233         0.3233         0.3233         
0.008006       0.008006       0.008006       0.008006       0.008006       0.008006       0.008006       0.008006       0.008006       0.008006       0.008006       0.008006       0.008006       0.008006       0.008006       0.008006       0.008006       0.008006       0.008006       0.008006       
0.2333         0.2333         0.2333         0.2333         0.2333         0.2333         0.2333         0.2333         0.2333         0.2333         0.2333         0.2333         0.2333         0.2333         0.2333         0.2333         0.2333         0.2333         0.2333         0.2333         
0.006488       0.006488       0.006488       0.006488       0.006488       0.006488       0.006488       0.006488       0.006488       0.006488       0.006488       0.006488       0.006488       0.006488       0.006488       0.006488       0.006488       0.006488       0.006488       0.006488       
0.3064         0.3064         0.3064         0.3064         0.3064         0.3064         0.3064         0.3064         0.3064         0.3064         0.3064         0.3064         0.3064         0.3064         0.3064         0.3064         0.3064         0.3064         0.3064         0.3064         
0.03058        0.03058        0.03058        0.03058        0.03058        0.03058        0.03058        0.03058        0.03058        0.03058        0.03058        0.03058        0.03058        0.03058        0.03058        0.03058        0.03058        0.03058        0.03058        0.03058        
0.2382         0.2382         0.2382         0.2382         0.2382         0.2382         0.2382         0.2382         0.2382         0.2382         0.2382         0.2382         0.2382         0.2382         0.2382         0.2382         0.2382         0.2382         0.2382         0.2382         
0.02906        0.02906        0.02906        0.02906        0.02906        0.02906        0.02906        0.02906        0.02906        0.02906        0.02906        0.02906        0.02906        0.02906        0.02906        0.02906        0.02906        0.02906        0.02906        0.02906        
0.0414         0.0412         0.042          0.0418         0.0426         0.0422         0.042          0.0418         0.0428         0.042          0.0422         0.042          0.0418         0.0416         0.0426         0.042          0.0414         0.0418         0.0424         0.0424         
0.00102        0.00147        0.0008944      0.001833       0.0012         0.00204        0.0008944      0.00147        0.00172        0.001414       0.001327       0.0008944      0.0009798      0.001744       0.001356       0.001095       0.001497       0.0016         0.00102        0.001625       
