OASIS que
1.000    1.000    1.000    1.000    1.000    1.000    1.000    1.000    1.000    1.000    1.000    1.000    1.000    1.000    1.000    1.000    1.000    1.000    1.000    1.000    
OASIS std_que
0.000    0.000    0.000    0.000    0.000    0.000    0.000    0.000    0.000    0.000    0.000    0.000    0.000    0.000    0.000    0.000    0.000    0.000    0.000    0.000    
OASIS AP_train
0.655    0.655    0.655    0.655    0.655    0.655    0.655    0.655    0.655    0.655    0.655    0.655    0.655    0.655    0.655    0.655    0.655    0.655    0.655    0.655    
OASIS std_AP_train
0.064    0.064    0.064    0.064    0.064    0.064    0.064    0.064    0.064    0.064    0.064    0.064    0.064    0.064    0.064    0.064    0.064    0.064    0.064    0.064    
OASIS mAP_train
0.554    0.554    0.554    0.554    0.554    0.554    0.554    0.554    0.554    0.554    0.554    0.554    0.554    0.554    0.554    0.554    0.554    0.554    0.554    0.554    
OASIS std_mAP_train
0.095    0.095    0.095    0.095    0.095    0.095    0.095    0.095    0.095    0.095    0.095    0.095    0.095    0.095    0.095    0.095    0.095    0.095    0.095    0.095    
OASIS AP_test
0.650    0.650    0.650    0.650    0.650    0.650    0.650    0.650    0.650    0.650    0.650    0.650    0.650    0.650    0.650    0.650    0.650    0.650    0.650    0.650    
OASIS std_AP_test
0.091    0.091    0.091    0.091    0.091    0.091    0.091    0.091    0.091    0.091    0.091    0.091    0.091    0.091    0.091    0.091    0.091    0.091    0.091    0.091    
OASIS mAP_test
0.569    0.569    0.569    0.569    0.569    0.569    0.569    0.569    0.569    0.569    0.569    0.569    0.569    0.569    0.569    0.569    0.569    0.569    0.569    0.569    
OASIS std_mAP_test
0.117    0.117    0.117    0.117    0.117    0.117    0.117    0.117    0.117    0.117    0.117    0.117    0.117    0.117    0.117    0.117    0.117    0.117    0.117    0.117    
OASIS time
0.009    0.009    0.009    0.009    0.009    0.009    0.009    0.009    0.009    0.009    0.009    0.009    0.009    0.009    0.009    0.009    0.009    0.009    0.009    0.009    
OASIS std_time
0.001    0.001    0.001    0.001    0.001    0.001    0.001    0.001    0.001    0.001    0.001    0.001    0.001    0.001    0.001    0.001    0.001    0.001    0.001    0.001    
PAAS que
0.011    0.018    0.028    0.043    0.060    0.084    0.121    0.160    0.218    0.285    0.375    0.482    0.595    0.711    0.807    0.880    0.930    0.961    0.977    0.987    
PAAS std_que
0.002    0.004    0.002    0.002    0.003    0.005    0.005    0.005    0.005    0.005    0.007    0.007    0.008    0.007    0.006    0.004    0.003    0.003    0.002    0.002    
PAAS AP_train
0.402    0.580    0.560    0.583    0.635    0.661    0.666    0.655    0.661    0.662    0.651    0.654    0.671    0.653    0.652    0.657    0.650    0.653    0.653    0.655    
PAAS std_AP_train
0.123    0.089    0.093    0.088    0.099    0.055    0.039    0.062    0.061    0.056    0.067    0.062    0.065    0.065    0.069    0.063    0.072    0.064    0.065    0.063    
PAAS mAP_train
0.337    0.490    0.466    0.481    0.544    0.571    0.566    0.552    0.561    0.560    0.555    0.556    0.573    0.550    0.548    0.553    0.548    0.551    0.551    0.554    
PAAS std_mAP_train
0.111    0.085    0.087    0.078    0.111    0.095    0.080    0.095    0.096    0.089    0.097    0.097    0.101    0.094    0.102    0.096    0.102    0.095    0.095    0.095    
PAAS AP_test
0.410    0.577    0.546    0.578    0.633    0.656    0.665    0.637    0.655    0.656    0.658    0.648    0.661    0.646    0.648    0.646    0.654    0.649    0.646    0.652    
PAAS std_AP_test
0.108    0.076    0.101    0.105    0.100    0.078    0.080    0.071    0.083    0.083    0.086    0.096    0.098    0.082    0.093    0.089    0.096    0.091    0.091    0.091    
PAAS mAP_test
0.339    0.493    0.451    0.479    0.546    0.553    0.566    0.539    0.560    0.562    0.575    0.565    0.584    0.556    0.562    0.562    0.578    0.568    0.564    0.573    
PAAS std_mAP_test
0.079    0.067    0.092    0.097    0.120    0.111    0.118    0.111    0.124    0.120    0.121    0.129    0.134    0.110    0.125    0.118    0.126    0.118    0.119    0.117    
PAAS time
0.002    0.002    0.002    0.002    0.002    0.002    0.002    0.003    0.003    0.004    0.005    0.006    0.007    0.007    0.008    0.009    0.009    0.009    0.009    0.009    
PAAS std_time
0.001    0.000    0.000    0.000    0.000    0.000    0.000    0.000    0.000    0.000    0.000    0.000    0.000    0.000    0.000    0.000    0.000    0.000    0.000    0.001    
PARS que
0.011    0.018    0.028    0.042    0.060    0.084    0.123    0.158    0.218    0.283    0.374    0.482    0.594    0.715    0.806    0.879    0.931    0.961    0.977    0.987    
PARS std_que
0.003    0.005    0.003    0.004    0.007    0.007    0.006    0.007    0.008    0.009    0.015    0.009    0.011    0.012    0.009    0.006    0.007    0.005    0.003    0.003    
PARS AP_train
0.501    0.533    0.516    0.564    0.609    0.628    0.622    0.607    0.618    0.645    0.632    0.641    0.657    0.638    0.646    0.662    0.656    0.654    0.652    0.655    
PARS std_AP_train
0.152    0.076    0.073    0.080    0.064    0.039    0.042    0.053    0.053    0.051    0.070    0.049    0.061    0.062    0.063    0.064    0.064    0.064    0.067    0.063    
PARS mAP_train
0.417    0.445    0.418    0.456    0.512    0.527    0.507    0.499    0.498    0.541    0.529    0.538    0.558    0.536    0.542    0.561    0.555    0.551    0.552    0.554    
PARS std_mAP_train
0.148    0.082    0.050    0.062    0.071    0.071    0.079    0.075    0.075    0.080    0.097    0.085    0.094    0.093    0.092    0.100    0.100    0.095    0.097    0.095    
PARS AP_test
0.486    0.543    0.498    0.529    0.575    0.605    0.589    0.597    0.573    0.619    0.633    0.625    0.654    0.641    0.634    0.661    0.658    0.647    0.649    0.653    
PARS std_AP_test
0.149    0.102    0.073    0.098    0.075    0.062    0.066    0.067    0.035    0.069    0.090    0.074    0.085    0.085    0.080    0.092    0.095    0.091    0.091    0.091    
PARS mAP_test
0.411    0.445    0.401    0.426    0.482    0.507    0.478    0.486    0.457    0.516    0.542    0.530    0.577    0.555    0.546    0.583    0.579    0.565    0.568    0.574    
PARS std_mAP_test
0.139    0.114    0.051    0.102    0.072    0.090    0.090    0.107    0.059    0.107    0.129    0.108    0.119    0.116    0.113    0.124    0.128    0.118    0.119    0.117    
PARS time
0.001    0.002    0.001    0.002    0.002    0.002    0.003    0.003    0.003    0.004    0.005    0.005    0.006    0.007    0.008    0.009    0.009    0.009    0.010    0.009    
PARS std_time
0.000    0.001    0.000    0.000    0.000    0.000    0.000    0.001    0.000    0.000    0.000    0.001    0.000    0.000    0.001    0.000    0.001    0.000    0.000    0.000    
CWS que
1.000    1.000    1.000    1.000    1.000    1.000    1.000    1.000    1.000    1.000    1.000    1.000    1.000    1.000    1.000    1.000    1.000    1.000    1.000    1.000    
CWS std_que
0.000    0.000    0.000    0.000    0.000    0.000    0.000    0.000    0.000    0.000    0.000    0.000    0.000    0.000    0.000    0.000    0.000    0.000    0.000    0.000    
CWS AP_train
0.831    0.831    0.831    0.831    0.831    0.831    0.831    0.831    0.831    0.831    0.831    0.831    0.831    0.831    0.831    0.831    0.831    0.831    0.831    0.831    
CWS std_AP_train
0.111    0.111    0.111    0.111    0.111    0.111    0.111    0.111    0.111    0.111    0.111    0.111    0.111    0.111    0.111    0.111    0.111    0.111    0.111    0.111    
CWS mAP_train
0.778    0.778    0.778    0.778    0.778    0.778    0.778    0.778    0.778    0.778    0.778    0.778    0.778    0.778    0.778    0.778    0.778    0.778    0.778    0.778    
CWS std_mAP_train
0.150    0.150    0.150    0.150    0.150    0.150    0.150    0.150    0.150    0.150    0.150    0.150    0.150    0.150    0.150    0.150    0.150    0.150    0.150    0.150    
CWS AP_test
0.807    0.807    0.807    0.807    0.807    0.807    0.807    0.807    0.807    0.807    0.807    0.807    0.807    0.807    0.807    0.807    0.807    0.807    0.807    0.807    
CWS std_AP_test
0.125    0.125    0.125    0.125    0.125    0.125    0.125    0.125    0.125    0.125    0.125    0.125    0.125    0.125    0.125    0.125    0.125    0.125    0.125    0.125    
CWS mAP_test
0.743    0.743    0.743    0.743    0.743    0.743    0.743    0.743    0.743    0.743    0.743    0.743    0.743    0.743    0.743    0.743    0.743    0.743    0.743    0.743    
CWS std_mAP_test
0.173    0.173    0.173    0.173    0.173    0.173    0.173    0.173    0.173    0.173    0.173    0.173    0.173    0.173    0.173    0.173    0.173    0.173    0.173    0.173    
CWS time
50.197   50.197   50.197   50.197   50.197   50.197   50.197   50.197   50.197   50.197   50.197   50.197   50.197   50.197   50.197   50.197   50.197   50.197   50.197   50.197   
CWS std_time
0.844    0.844    0.844    0.844    0.844    0.844    0.844    0.844    0.844    0.844    0.844    0.844    0.844    0.844    0.844    0.844    0.844    0.844    0.844    0.844    
CWAS que
0.001    0.001    0.002    0.002    0.004    0.006    0.010    0.015    0.032    0.054    0.098    0.164    0.272    0.425    0.558    0.694    0.801    0.874    0.932    0.959    
CWAS std_que
0.000    0.001    0.001    0.001    0.001    0.002    0.002    0.004    0.006    0.013    0.022    0.032    0.025    0.019    0.031    0.029    0.023    0.015    0.008    0.006    
CWAS AP_train
0.284    0.343    0.343    0.345    0.420    0.362    0.426    0.465    0.590    0.620    0.689    0.721    0.809    0.818    0.815    0.817    0.823    0.830    0.827    0.829    
CWAS std_AP_train
0.120    0.139    0.091    0.142    0.099    0.125    0.099    0.109    0.097    0.167    0.121    0.105    0.097    0.117    0.122    0.107    0.114    0.110    0.110    0.109    
CWAS mAP_train
0.252    0.268    0.277    0.261    0.306    0.272    0.330    0.350    0.463    0.517    0.611    0.647    0.747    0.765    0.757    0.761    0.767    0.778    0.772    0.775    
CWAS std_mAP_train
0.123    0.125    0.092    0.141    0.104    0.114    0.117    0.111    0.118    0.194    0.148    0.127    0.133    0.156    0.163    0.140    0.153    0.148    0.149    0.147    
CWAS AP_test
0.285    0.350    0.342    0.344    0.408    0.350    0.448    0.463    0.595    0.567    0.670    0.696    0.785    0.799    0.793    0.773    0.801    0.811    0.804    0.804    
CWAS std_AP_test
0.114    0.133    0.102    0.160    0.100    0.119    0.101    0.130    0.104    0.153    0.156    0.117    0.105    0.121    0.135    0.123    0.119    0.111    0.119    0.117    
CWAS mAP_test
0.256    0.297    0.288    0.295    0.306    0.279    0.368    0.376    0.489    0.477    0.584    0.618    0.704    0.728    0.724    0.698    0.731    0.744    0.738    0.737    
CWAS std_mAP_test
0.105    0.118    0.090    0.148    0.093    0.103    0.091    0.120    0.124    0.149    0.177    0.127    0.144    0.168    0.179    0.164    0.163    0.154    0.163    0.162    
CWAS time
36.259   36.248   36.326   36.231   36.291   36.322   36.711   36.948   37.692   38.355   39.651   41.203   43.335   45.852   47.579   48.609   48.903   49.111   49.560   49.525   
CWAS std_time
0.114    0.163    0.176    0.144    0.155    0.222    0.337    0.359    0.302    0.441    0.820    1.006    0.819    0.775    0.830    0.523    1.134    0.515    0.882    0.652    
CWAS_Adap que
0.076    0.077    0.076    0.076    0.082    0.081    0.088    0.105    0.127    0.151    0.201    0.261    0.389    0.514    0.632    0.742    0.836    0.905    0.939    0.966    
CWAS_Adap std_que
0.009    0.010    0.010    0.009    0.011    0.008    0.013    0.011    0.016    0.017    0.022    0.035    0.029    0.021    0.022    0.015    0.011    0.012    0.010    0.005    
CWAS_Adap AP_train
0.780    0.797    0.776    0.776    0.782    0.781    0.779    0.799    0.809    0.805    0.809    0.809    0.812    0.824    0.830    0.828    0.833    0.833    0.831    0.834    
CWAS_Adap std_AP_train
0.073    0.092    0.079    0.100    0.097    0.095    0.086    0.118    0.107    0.100    0.101    0.106    0.110    0.111    0.114    0.114    0.115    0.109    0.113    0.110    
CWAS_Adap mAP_train
0.722    0.739    0.706    0.711    0.718    0.712    0.710    0.738    0.747    0.749    0.752    0.753    0.752    0.770    0.779    0.774    0.781    0.780    0.779    0.782    
CWAS_Adap std_mAP_train
0.100    0.129    0.111    0.144    0.136    0.130    0.127    0.163    0.152    0.138    0.137    0.146    0.148    0.150    0.150    0.155    0.154    0.146    0.151    0.149    
CWAS_Adap AP_test
0.776    0.783    0.752    0.772    0.774    0.770    0.779    0.784    0.787    0.780    0.792    0.794    0.800    0.804    0.810    0.802    0.808    0.813    0.810    0.810    
CWAS_Adap std_AP_test
0.075    0.088    0.058    0.096    0.099    0.086    0.089    0.105    0.107    0.104    0.099    0.102    0.118    0.118    0.118    0.114    0.119    0.116    0.118    0.115    
CWAS_Adap mAP_test
0.698    0.712    0.662    0.696    0.701    0.692    0.704    0.703    0.714    0.701    0.722    0.723    0.727    0.737    0.741    0.733    0.743    0.745    0.748    0.744    
CWAS_Adap std_mAP_test
0.110    0.126    0.079    0.141    0.152    0.127    0.134    0.148    0.151    0.143    0.143    0.145    0.159    0.161    0.163    0.158    0.164    0.161    0.161    0.158    
CWAS_Adap time
40.160   40.223   40.205   40.023   40.303   40.154   40.483   41.180   41.848   42.268   43.015   44.013   45.904   47.204   47.882   48.511   49.153   49.775   49.796   49.762   
CWAS_Adap std_time
0.603    0.650    0.706    0.607    0.653    0.462    0.640    0.637    0.786    0.881    0.818    1.036    0.820    0.634    0.651    0.530    0.644    0.658    0.784    0.802    
CWRS que
0.076    0.077    0.075    0.076    0.084    0.082    0.090    0.104    0.126    0.152    0.204    0.262    0.389    0.516    0.633    0.743    0.839    0.904    0.940    0.966    
CWRS std_que
0.007    0.009    0.009    0.012    0.011    0.007    0.014    0.011    0.015    0.016    0.023    0.033    0.029    0.022    0.020    0.019    0.009    0.012    0.012    0.006    
CWRS AP_train
0.530    0.587    0.507    0.594    0.577    0.601    0.553    0.619    0.632    0.663    0.658    0.719    0.770    0.799    0.811    0.813    0.802    0.822    0.834    0.823    
CWRS std_AP_train
0.103    0.125    0.157    0.065    0.102    0.083    0.141    0.071    0.080    0.101    0.132    0.105    0.113    0.109    0.117    0.133    0.108    0.114    0.113    0.121    
CWRS mAP_train
0.415    0.482    0.395    0.468    0.472    0.486    0.459    0.517    0.514    0.569    0.569    0.632    0.703    0.729    0.749    0.760    0.746    0.766    0.782    0.770    
CWRS std_mAP_train
0.112    0.127    0.158    0.095    0.114    0.102    0.144    0.091    0.100    0.135    0.151    0.128    0.146    0.149    0.159    0.170    0.141    0.151    0.151    0.159    
CWRS AP_test
0.500    0.552    0.447    0.552    0.552    0.597    0.548    0.605    0.639    0.617    0.654    0.710    0.761    0.773    0.782    0.787    0.781    0.804    0.812    0.799    
CWRS std_AP_test
0.126    0.134    0.139    0.104    0.099    0.079    0.124    0.094    0.094    0.085    0.117    0.092    0.106    0.129    0.127    0.139    0.118    0.119    0.115    0.127    
CWRS mAP_test
0.390    0.448    0.345    0.445    0.464    0.497    0.461    0.509    0.542    0.514    0.558    0.614    0.688    0.699    0.707    0.718    0.706    0.736    0.744    0.733    
CWRS std_mAP_test
0.138    0.120    0.123    0.117    0.098    0.097    0.121    0.108    0.112    0.106    0.129    0.119    0.142    0.173    0.169    0.182    0.156    0.163    0.157    0.171    
CWRS time
37.916   37.944   38.210   37.870   37.823   37.871   38.410   38.479   38.859   39.254   40.035   40.895   42.483   44.013   45.491   47.013   48.575   49.097   49.004   49.625   
CWRS std_time
0.323    0.463    0.488    0.480    0.427    0.251    0.585    0.613    0.408    0.543    1.070    1.588    0.881    0.775    1.403    0.824    1.172    1.003    0.802    0.895    
AROMA que
1.000    1.000    1.000    1.000    1.000    1.000    1.000    1.000    1.000    1.000    1.000    1.000    1.000    1.000    1.000    1.000    1.000    1.000    1.000    1.000    
AROMA std_que
0.000    0.000    0.000    0.000    0.000    0.000    0.000    0.000    0.000    0.000    0.000    0.000    0.000    0.000    0.000    0.000    0.000    0.000    0.000    0.000    
AROMA AP_train
0.837    0.837    0.837    0.837    0.837    0.837    0.837    0.837    0.837    0.837    0.837    0.837    0.837    0.837    0.837    0.837    0.837    0.837    0.837    0.837    
AROMA std_AP_train
0.109    0.109    0.109    0.109    0.109    0.109    0.109    0.109    0.109    0.109    0.109    0.109    0.109    0.109    0.109    0.109    0.109    0.109    0.109    0.109    
AROMA mAP_train
0.785    0.785    0.785    0.785    0.785    0.785    0.785    0.785    0.785    0.785    0.785    0.785    0.785    0.785    0.785    0.785    0.785    0.785    0.785    0.785    
AROMA std_mAP_train
0.148    0.148    0.148    0.148    0.148    0.148    0.148    0.148    0.148    0.148    0.148    0.148    0.148    0.148    0.148    0.148    0.148    0.148    0.148    0.148    
AROMA AP_test
0.825    0.825    0.825    0.825    0.825    0.825    0.825    0.825    0.825    0.825    0.825    0.825    0.825    0.825    0.825    0.825    0.825    0.825    0.825    0.825    
AROMA std_AP_test
0.112    0.112    0.112    0.112    0.112    0.112    0.112    0.112    0.112    0.112    0.112    0.112    0.112    0.112    0.112    0.112    0.112    0.112    0.112    0.112    
AROMA mAP_test
0.768    0.768    0.768    0.768    0.768    0.768    0.768    0.768    0.768    0.768    0.768    0.768    0.768    0.768    0.768    0.768    0.768    0.768    0.768    0.768    
AROMA std_mAP_test
0.153    0.153    0.153    0.153    0.153    0.153    0.153    0.153    0.153    0.153    0.153    0.153    0.153    0.153    0.153    0.153    0.153    0.153    0.153    0.153    
AROMA time
34.800   34.800   34.800   34.800   34.800   34.800   34.800   34.800   34.800   34.800   34.800   34.800   34.800   34.800   34.800   34.800   34.800   34.800   34.800   34.800   
AROMA std_time
1.554    1.554    1.554    1.554    1.554    1.554    1.554    1.554    1.554    1.554    1.554    1.554    1.554    1.554    1.554    1.554    1.554    1.554    1.554    1.554    
