OASIS que
1.000    1.000    1.000    1.000    1.000    1.000    1.000    1.000    1.000    1.000    1.000    1.000    1.000    1.000    1.000    1.000    1.000    1.000    1.000    1.000    
OASIS std_que
0.000    0.000    0.000    0.000    0.000    0.000    0.000    0.000    0.000    0.000    0.000    0.000    0.000    0.000    0.000    0.000    0.000    0.000    0.000    0.000    
OASIS AP_train
0.385    0.385    0.385    0.385    0.385    0.385    0.385    0.385    0.385    0.385    0.385    0.385    0.385    0.385    0.385    0.385    0.385    0.385    0.385    0.385    
OASIS std_AP_train
0.032    0.032    0.032    0.032    0.032    0.032    0.032    0.032    0.032    0.032    0.032    0.032    0.032    0.032    0.032    0.032    0.032    0.032    0.032    0.032    
OASIS mAP_train
0.284    0.284    0.284    0.284    0.284    0.284    0.284    0.284    0.284    0.284    0.284    0.284    0.284    0.284    0.284    0.284    0.284    0.284    0.284    0.284    
OASIS std_mAP_train
0.032    0.032    0.032    0.032    0.032    0.032    0.032    0.032    0.032    0.032    0.032    0.032    0.032    0.032    0.032    0.032    0.032    0.032    0.032    0.032    
OASIS AP_test
0.401    0.401    0.401    0.401    0.401    0.401    0.401    0.401    0.401    0.401    0.401    0.401    0.401    0.401    0.401    0.401    0.401    0.401    0.401    0.401    
OASIS std_AP_test
0.031    0.031    0.031    0.031    0.031    0.031    0.031    0.031    0.031    0.031    0.031    0.031    0.031    0.031    0.031    0.031    0.031    0.031    0.031    0.031    
OASIS mAP_test
0.320    0.320    0.320    0.320    0.320    0.320    0.320    0.320    0.320    0.320    0.320    0.320    0.320    0.320    0.320    0.320    0.320    0.320    0.320    0.320    
OASIS std_mAP_test
0.030    0.030    0.030    0.030    0.030    0.030    0.030    0.030    0.030    0.030    0.030    0.030    0.030    0.030    0.030    0.030    0.030    0.030    0.030    0.030    
OASIS time
0.006    0.006    0.006    0.006    0.006    0.006    0.006    0.006    0.006    0.006    0.006    0.006    0.006    0.006    0.006    0.006    0.006    0.006    0.006    0.006    
OASIS std_time
0.000    0.000    0.000    0.000    0.000    0.000    0.000    0.000    0.000    0.000    0.000    0.000    0.000    0.000    0.000    0.000    0.000    0.000    0.000    0.000    
PAAS que
0.034    0.049    0.073    0.098    0.137    0.187    0.242    0.307    0.386    0.478    0.579    0.678    0.770    0.851    0.908    0.945    0.968    0.984    0.991    0.995    
PAAS std_que
0.004    0.003    0.004    0.005    0.008    0.008    0.007    0.009    0.006    0.011    0.006    0.008    0.008    0.002    0.004    0.004    0.003    0.002    0.001    0.001    
PAAS AP_train
0.183    0.235    0.263    0.275    0.305    0.346    0.368    0.366    0.355    0.373    0.368    0.381    0.381    0.379    0.384    0.384    0.386    0.384    0.387    0.385    
PAAS std_AP_train
0.029    0.054    0.050    0.036    0.045    0.044    0.036    0.018    0.031    0.023    0.040    0.036    0.027    0.032    0.032    0.027    0.030    0.031    0.030    0.032    
PAAS mAP_train
0.115    0.151    0.178    0.185    0.215    0.251    0.265    0.264    0.257    0.270    0.269    0.282    0.281    0.280    0.283    0.283    0.285    0.284    0.286    0.284    
PAAS std_mAP_train
0.024    0.045    0.046    0.042    0.038    0.040    0.036    0.019    0.033    0.025    0.040    0.038    0.026    0.032    0.032    0.028    0.031    0.032    0.031    0.032    
PAAS AP_test
0.181    0.232    0.264    0.297    0.324    0.360    0.382    0.384    0.375    0.388    0.391    0.394    0.397    0.396    0.403    0.398    0.402    0.401    0.402    0.401    
PAAS std_AP_test
0.035    0.048    0.048    0.039    0.039    0.043    0.041    0.023    0.030    0.027    0.035    0.032    0.031    0.026    0.029    0.024    0.027    0.029    0.029    0.032    
PAAS mAP_test
0.125    0.159    0.188    0.221    0.250    0.278    0.296    0.302    0.296    0.310    0.307    0.315    0.319    0.314    0.321    0.318    0.320    0.320    0.320    0.319    
PAAS std_mAP_test
0.030    0.039    0.047    0.037    0.038    0.042    0.043    0.024    0.030    0.029    0.035    0.029    0.029    0.025    0.028    0.024    0.027    0.030    0.029    0.031    
PAAS time
0.003    0.003    0.003    0.003    0.003    0.003    0.004    0.004    0.004    0.005    0.005    0.005    0.005    0.006    0.006    0.006    0.006    0.006    0.006    0.006    
PAAS std_time
0.000    0.000    0.000    0.000    0.000    0.000    0.000    0.000    0.000    0.000    0.000    0.000    0.000    0.000    0.000    0.000    0.000    0.000    0.000    0.001    
PARS que
0.033    0.049    0.075    0.097    0.136    0.190    0.240    0.306    0.386    0.478    0.576    0.677    0.769    0.852    0.909    0.944    0.969    0.984    0.991    0.995    
PARS std_que
0.004    0.006    0.006    0.007    0.010    0.012    0.008    0.013    0.010    0.014    0.009    0.013    0.012    0.004    0.006    0.006    0.004    0.003    0.003    0.002    
PARS AP_train
0.166    0.170    0.191    0.223    0.250    0.286    0.317    0.327    0.325    0.349    0.359    0.370    0.369    0.377    0.378    0.381    0.385    0.384    0.386    0.384    
PARS std_AP_train
0.033    0.026    0.023    0.028    0.039    0.038    0.029    0.037    0.030    0.022    0.026    0.034    0.028    0.030    0.031    0.028    0.033    0.031    0.029    0.032    
PARS mAP_train
0.098    0.104    0.126    0.144    0.168    0.194    0.223    0.231    0.230    0.251    0.259    0.271    0.271    0.278    0.278    0.280    0.285    0.284    0.285    0.283    
PARS std_mAP_train
0.031    0.017    0.029    0.025    0.032    0.032    0.029    0.037    0.032    0.022    0.028    0.036    0.029    0.030    0.033    0.030    0.033    0.031    0.031    0.032    
PARS AP_test
0.171    0.187    0.188    0.227    0.262    0.299    0.342    0.335    0.336    0.364    0.379    0.385    0.383    0.391    0.395    0.397    0.402    0.402    0.402    0.400    
PARS std_AP_test
0.032    0.032    0.029    0.030    0.042    0.042    0.031    0.037    0.030    0.026    0.026    0.030    0.030    0.025    0.030    0.024    0.031    0.030    0.029    0.033    
PARS mAP_test
0.112    0.128    0.133    0.161    0.195    0.226    0.256    0.254    0.260    0.286    0.296    0.305    0.306    0.312    0.313    0.316    0.321    0.320    0.320    0.319    
PARS std_mAP_test
0.035    0.030    0.031    0.026    0.034    0.033    0.032    0.038    0.032    0.025    0.026    0.028    0.029    0.023    0.029    0.023    0.030    0.030    0.029    0.032    
PARS time
0.003    0.003    0.003    0.003    0.003    0.003    0.004    0.004    0.004    0.005    0.005    0.005    0.005    0.006    0.006    0.006    0.006    0.006    0.006    0.006    
PARS std_time
0.000    0.000    0.000    0.000    0.000    0.000    0.001    0.000    0.000    0.001    0.000    0.000    0.000    0.000    0.000    0.001    0.000    0.000    0.000    0.000    
CWS que
1.000    1.000    1.000    1.000    1.000    1.000    1.000    1.000    1.000    1.000    1.000    1.000    1.000    1.000    1.000    1.000    1.000    1.000    1.000    1.000    
CWS std_que
0.000    0.000    0.000    0.000    0.000    0.000    0.000    0.000    0.000    0.000    0.000    0.000    0.000    0.000    0.000    0.000    0.000    0.000    0.000    0.000    
CWS AP_train
0.432    0.432    0.432    0.432    0.432    0.432    0.432    0.432    0.432    0.432    0.432    0.432    0.432    0.432    0.432    0.432    0.432    0.432    0.432    0.432    
CWS std_AP_train
0.027    0.027    0.027    0.027    0.027    0.027    0.027    0.027    0.027    0.027    0.027    0.027    0.027    0.027    0.027    0.027    0.027    0.027    0.027    0.027    
CWS mAP_train
0.321    0.321    0.321    0.321    0.321    0.321    0.321    0.321    0.321    0.321    0.321    0.321    0.321    0.321    0.321    0.321    0.321    0.321    0.321    0.321    
CWS std_mAP_train
0.032    0.032    0.032    0.032    0.032    0.032    0.032    0.032    0.032    0.032    0.032    0.032    0.032    0.032    0.032    0.032    0.032    0.032    0.032    0.032    
CWS AP_test
0.453    0.453    0.453    0.453    0.453    0.453    0.453    0.453    0.453    0.453    0.453    0.453    0.453    0.453    0.453    0.453    0.453    0.453    0.453    0.453    
CWS std_AP_test
0.016    0.016    0.016    0.016    0.016    0.016    0.016    0.016    0.016    0.016    0.016    0.016    0.016    0.016    0.016    0.016    0.016    0.016    0.016    0.016    
CWS mAP_test
0.354    0.354    0.354    0.354    0.354    0.354    0.354    0.354    0.354    0.354    0.354    0.354    0.354    0.354    0.354    0.354    0.354    0.354    0.354    0.354    
CWS std_mAP_test
0.016    0.016    0.016    0.016    0.016    0.016    0.016    0.016    0.016    0.016    0.016    0.016    0.016    0.016    0.016    0.016    0.016    0.016    0.016    0.016    
CWS time
0.504    0.504    0.504    0.504    0.504    0.504    0.504    0.504    0.504    0.504    0.504    0.504    0.504    0.504    0.504    0.504    0.504    0.504    0.504    0.504    
CWS std_time
0.007    0.007    0.007    0.007    0.007    0.007    0.007    0.007    0.007    0.007    0.007    0.007    0.007    0.007    0.007    0.007    0.007    0.007    0.007    0.007    
CWAS que
0.009    0.013    0.020    0.031    0.047    0.071    0.100    0.149    0.212    0.295    0.394    0.518    0.636    0.752    0.837    0.901    0.944    0.970    0.983    0.991    
CWAS std_que
0.001    0.001    0.002    0.002    0.004    0.005    0.005    0.006    0.007    0.006    0.010    0.011    0.009    0.006    0.004    0.005    0.004    0.002    0.003    0.001    
CWAS AP_train
0.139    0.169    0.194    0.245    0.274    0.333    0.340    0.375    0.383    0.407    0.413    0.416    0.417    0.425    0.428    0.430    0.431    0.431    0.430    0.431    
CWAS std_AP_train
0.026    0.023    0.017    0.021    0.060    0.042    0.040    0.027    0.035    0.030    0.037    0.033    0.032    0.027    0.030    0.026    0.029    0.024    0.030    0.026    
CWAS mAP_train
0.073    0.094    0.109    0.155    0.177    0.219    0.229    0.260    0.271    0.298    0.299    0.302    0.305    0.312    0.318    0.320    0.321    0.321    0.321    0.320    
CWAS std_mAP_train
0.018    0.021    0.017    0.026    0.059    0.039    0.041    0.026    0.036    0.035    0.040    0.038    0.037    0.031    0.035    0.031    0.035    0.031    0.035    0.033    
CWAS AP_test
0.136    0.165    0.193    0.267    0.294    0.331    0.360    0.399    0.414    0.434    0.429    0.434    0.435    0.444    0.451    0.451    0.450    0.455    0.456    0.452    
CWAS std_AP_test
0.027    0.032    0.025    0.031    0.059    0.026    0.024    0.016    0.032    0.016    0.029    0.018    0.021    0.016    0.018    0.019    0.020    0.017    0.017    0.016    
CWAS mAP_test
0.079    0.105    0.120    0.186    0.204    0.232    0.258    0.303    0.317    0.340    0.332    0.339    0.340    0.346    0.355    0.355    0.353    0.358    0.358    0.354    
CWAS std_mAP_test
0.019    0.027    0.024    0.032    0.057    0.022    0.023    0.020    0.037    0.014    0.036    0.018    0.024    0.018    0.018    0.019    0.019    0.018    0.016    0.014    
CWAS time
0.269    0.272    0.275    0.280    0.286    0.296    0.308    0.326    0.348    0.375    0.403    0.435    0.457    0.475    0.488    0.496    0.501    0.504    0.505    0.505    
CWAS std_time
0.002    0.002    0.002    0.001    0.002    0.004    0.002    0.003    0.005    0.003    0.005    0.007    0.007    0.007    0.006    0.005    0.006    0.008    0.007    0.008    
CWAS_Adap que
0.135    0.138    0.142    0.145    0.156    0.171    0.196    0.229    0.280    0.352    0.440    0.549    0.660    0.766    0.850    0.909    0.948    0.972    0.984    0.991    
CWAS_Adap std_que
0.004    0.003    0.004    0.005    0.004    0.006    0.005    0.007    0.007    0.008    0.010    0.007    0.010    0.006    0.005    0.005    0.004    0.002    0.002    0.001    
CWAS_Adap AP_train
0.379    0.375    0.383    0.379    0.381    0.393    0.399    0.395    0.397    0.410    0.422    0.419    0.421    0.431    0.425    0.431    0.432    0.430    0.429    0.431    
CWAS_Adap std_AP_train
0.045    0.043    0.038    0.040    0.030    0.027    0.027    0.037    0.032    0.037    0.027    0.032    0.037    0.032    0.032    0.027    0.027    0.028    0.029    0.026    
CWAS_Adap mAP_train
0.268    0.262    0.271    0.266    0.266    0.283    0.288    0.283    0.286    0.301    0.313    0.309    0.312    0.320    0.315    0.321    0.321    0.320    0.319    0.322    
CWAS_Adap std_mAP_train
0.047    0.049    0.041    0.040    0.036    0.029    0.030    0.041    0.036    0.044    0.035    0.037    0.040    0.037    0.038    0.031    0.032    0.033    0.035    0.031    
CWAS_Adap AP_test
0.387    0.385    0.397    0.374    0.389    0.407    0.417    0.420    0.418    0.432    0.444    0.438    0.439    0.457    0.448    0.455    0.453    0.453    0.451    0.456    
CWAS_Adap std_AP_test
0.030    0.031    0.038    0.034    0.021    0.019    0.030    0.024    0.021    0.030    0.024    0.020    0.020    0.016    0.017    0.019    0.018    0.017    0.015    0.016    
CWAS_Adap mAP_test
0.291    0.290    0.303    0.277    0.289    0.311    0.317    0.324    0.322    0.339    0.351    0.344    0.342    0.361    0.351    0.357    0.355    0.355    0.352    0.357    
CWAS_Adap std_mAP_test
0.028    0.029    0.037    0.035    0.018    0.020    0.035    0.025    0.026    0.030    0.027    0.019    0.019    0.015    0.015    0.020    0.018    0.017    0.015    0.016    
CWAS_Adap time
0.328    0.331    0.330    0.331    0.336    0.341    0.351    0.362    0.377    0.399    0.422    0.443    0.466    0.478    0.492    0.496    0.502    0.503    0.505    0.506    
CWAS_Adap std_time
0.003    0.006    0.002    0.001    0.001    0.004    0.003    0.003    0.003    0.005    0.005    0.004    0.005    0.006    0.006    0.005    0.005    0.007    0.006    0.006    
CWRS que
0.134    0.139    0.145    0.146    0.156    0.171    0.195    0.229    0.281    0.351    0.438    0.547    0.660    0.766    0.850    0.911    0.948    0.972    0.985    0.990    
CWRS std_que
0.006    0.006    0.007    0.006    0.005    0.008    0.006    0.009    0.009    0.008    0.015    0.011    0.012    0.010    0.007    0.007    0.004    0.004    0.003    0.002    
CWRS AP_train
0.332    0.318    0.338    0.322    0.332    0.335    0.361    0.358    0.372    0.397    0.404    0.407    0.412    0.427    0.422    0.430    0.432    0.429    0.433    0.433    
CWRS std_AP_train
0.037    0.044    0.022    0.035    0.042    0.052    0.044    0.038    0.042    0.029    0.035    0.034    0.029    0.028    0.034    0.025    0.030    0.028    0.028    0.026    
CWRS mAP_train
0.222    0.209    0.228    0.220    0.225    0.228    0.251    0.249    0.260    0.285    0.292    0.295    0.301    0.316    0.309    0.317    0.320    0.318    0.322    0.323    
CWRS std_mAP_train
0.033    0.039    0.023    0.039    0.049    0.052    0.040    0.030    0.047    0.030    0.037    0.038    0.032    0.031    0.038    0.029    0.033    0.033    0.033    0.032    
CWRS AP_test
0.349    0.328    0.347    0.326    0.345    0.361    0.370    0.387    0.395    0.410    0.434    0.427    0.426    0.450    0.443    0.453    0.450    0.452    0.452    0.454    
CWRS std_AP_test
0.033    0.043    0.038    0.026    0.034    0.048    0.027    0.028    0.037    0.023    0.026    0.021    0.010    0.019    0.011    0.018    0.017    0.017    0.015    0.017    
CWRS mAP_test
0.253    0.238    0.256    0.241    0.252    0.269    0.274    0.292    0.300    0.313    0.339    0.327    0.330    0.356    0.346    0.356    0.353    0.354    0.356    0.356    
CWRS std_mAP_test
0.031    0.037    0.033    0.023    0.043    0.049    0.030    0.027    0.037    0.029    0.029    0.023    0.013    0.020    0.014    0.020    0.016    0.015    0.015    0.015    
CWRS time
0.307    0.309    0.311    0.310    0.313    0.318    0.323    0.331    0.345    0.361    0.382    0.408    0.434    0.456    0.475    0.485    0.493    0.502    0.503    0.504    
CWRS std_time
0.003    0.002    0.004    0.003    0.003    0.003    0.002    0.005    0.003    0.005    0.005    0.006    0.008    0.008    0.006    0.008    0.008    0.008    0.009    0.007    
AROMA que
1.000    1.000    1.000    1.000    1.000    1.000    1.000    1.000    1.000    1.000    1.000    1.000    1.000    1.000    1.000    1.000    1.000    1.000    1.000    1.000    
AROMA std_que
0.000    0.000    0.000    0.000    0.000    0.000    0.000    0.000    0.000    0.000    0.000    0.000    0.000    0.000    0.000    0.000    0.000    0.000    0.000    0.000    
AROMA AP_train
0.434    0.434    0.434    0.434    0.434    0.434    0.434    0.434    0.434    0.434    0.434    0.434    0.434    0.434    0.434    0.434    0.434    0.434    0.434    0.434    
AROMA std_AP_train
0.019    0.019    0.019    0.019    0.019    0.019    0.019    0.019    0.019    0.019    0.019    0.019    0.019    0.019    0.019    0.019    0.019    0.019    0.019    0.019    
AROMA mAP_train
0.325    0.325    0.325    0.325    0.325    0.325    0.325    0.325    0.325    0.325    0.325    0.325    0.325    0.325    0.325    0.325    0.325    0.325    0.325    0.325    
AROMA std_mAP_train
0.022    0.022    0.022    0.022    0.022    0.022    0.022    0.022    0.022    0.022    0.022    0.022    0.022    0.022    0.022    0.022    0.022    0.022    0.022    0.022    
AROMA AP_test
0.455    0.455    0.455    0.455    0.455    0.455    0.455    0.455    0.455    0.455    0.455    0.455    0.455    0.455    0.455    0.455    0.455    0.455    0.455    0.455    
AROMA std_AP_test
0.013    0.013    0.013    0.013    0.013    0.013    0.013    0.013    0.013    0.013    0.013    0.013    0.013    0.013    0.013    0.013    0.013    0.013    0.013    0.013    
AROMA mAP_test
0.363    0.363    0.363    0.363    0.363    0.363    0.363    0.363    0.363    0.363    0.363    0.363    0.363    0.363    0.363    0.363    0.363    0.363    0.363    0.363    
AROMA std_mAP_test
0.014    0.014    0.014    0.014    0.014    0.014    0.014    0.014    0.014    0.014    0.014    0.014    0.014    0.014    0.014    0.014    0.014    0.014    0.014    0.014    
AROMA time
0.388    0.388    0.388    0.388    0.388    0.388    0.388    0.388    0.388    0.388    0.388    0.388    0.388    0.388    0.388    0.388    0.388    0.388    0.388    0.388    
AROMA std_time
0.006    0.006    0.006    0.006    0.006    0.006    0.006    0.006    0.006    0.006    0.006    0.006    0.006    0.006    0.006    0.006    0.006    0.006    0.006    0.006    
