OASIS que
1.000    1.000    1.000    1.000    1.000    1.000    1.000    1.000    1.000    1.000    1.000    1.000    1.000    1.000    1.000    1.000    1.000    1.000    1.000    1.000    
OASIS std_que
0.000    0.000    0.000    0.000    0.000    0.000    0.000    0.000    0.000    0.000    0.000    0.000    0.000    0.000    0.000    0.000    0.000    0.000    0.000    0.000    
OASIS AP_train
0.784    0.784    0.784    0.784    0.784    0.784    0.784    0.784    0.784    0.784    0.784    0.784    0.784    0.784    0.784    0.784    0.784    0.784    0.784    0.784    
OASIS std_AP_train
0.044    0.044    0.044    0.044    0.044    0.044    0.044    0.044    0.044    0.044    0.044    0.044    0.044    0.044    0.044    0.044    0.044    0.044    0.044    0.044    
OASIS mAP_train
0.717    0.717    0.717    0.717    0.717    0.717    0.717    0.717    0.717    0.717    0.717    0.717    0.717    0.717    0.717    0.717    0.717    0.717    0.717    0.717    
OASIS std_mAP_train
0.053    0.053    0.053    0.053    0.053    0.053    0.053    0.053    0.053    0.053    0.053    0.053    0.053    0.053    0.053    0.053    0.053    0.053    0.053    0.053    
OASIS AP_test
0.793    0.793    0.793    0.793    0.793    0.793    0.793    0.793    0.793    0.793    0.793    0.793    0.793    0.793    0.793    0.793    0.793    0.793    0.793    0.793    
OASIS std_AP_test
0.047    0.047    0.047    0.047    0.047    0.047    0.047    0.047    0.047    0.047    0.047    0.047    0.047    0.047    0.047    0.047    0.047    0.047    0.047    0.047    
OASIS mAP_test
0.728    0.728    0.728    0.728    0.728    0.728    0.728    0.728    0.728    0.728    0.728    0.728    0.728    0.728    0.728    0.728    0.728    0.728    0.728    0.728    
OASIS std_mAP_test
0.058    0.058    0.058    0.058    0.058    0.058    0.058    0.058    0.058    0.058    0.058    0.058    0.058    0.058    0.058    0.058    0.058    0.058    0.058    0.058    
OASIS time
0.008    0.008    0.008    0.008    0.008    0.008    0.008    0.008    0.008    0.008    0.008    0.008    0.008    0.008    0.008    0.008    0.008    0.008    0.008    0.008    
OASIS std_time
0.001    0.001    0.001    0.001    0.001    0.001    0.001    0.001    0.001    0.001    0.001    0.001    0.001    0.001    0.001    0.001    0.001    0.001    0.001    0.001    
PAAS que
0.035    0.048    0.066    0.087    0.114    0.148    0.189    0.243    0.306    0.387    0.480    0.591    0.698    0.798    0.874    0.924    0.957    0.976    0.987    0.993    
PAAS std_que
0.002    0.002    0.003    0.003    0.004    0.007    0.005    0.006    0.011    0.007    0.012    0.009    0.011    0.007    0.004    0.004    0.003    0.001    0.001    0.001    
PAAS AP_train
0.726    0.730    0.743    0.801    0.770    0.777    0.789    0.801    0.791    0.792    0.810    0.785    0.789    0.789    0.786    0.784    0.783    0.784    0.784    0.783    
PAAS std_AP_train
0.089    0.074    0.072    0.046    0.050    0.052    0.039    0.046    0.047    0.045    0.036    0.049    0.039    0.045    0.046    0.044    0.045    0.043    0.045    0.045    
PAAS mAP_train
0.653    0.670    0.676    0.746    0.702    0.719    0.729    0.740    0.739    0.738    0.755    0.721    0.727    0.723    0.722    0.717    0.717    0.717    0.717    0.716    
PAAS std_mAP_train
0.098    0.084    0.089    0.062    0.049    0.066    0.050    0.064    0.054    0.051    0.043    0.062    0.047    0.056    0.054    0.054    0.054    0.051    0.054    0.054    
PAAS AP_test
0.732    0.742    0.753    0.806    0.769    0.771    0.790    0.810    0.804    0.801    0.819    0.791    0.801    0.800    0.799    0.795    0.795    0.794    0.794    0.790    
PAAS std_AP_test
0.091    0.105    0.093    0.055    0.085    0.065    0.055    0.025    0.061    0.059    0.044    0.044    0.035    0.049    0.047    0.047    0.043    0.048    0.047    0.048    
PAAS mAP_test
0.680    0.694    0.695    0.756    0.707    0.718    0.731    0.754    0.755    0.740    0.766    0.729    0.737    0.738    0.735    0.729    0.730    0.729    0.729    0.725    
PAAS std_mAP_test
0.102    0.111    0.113    0.063    0.102    0.079    0.057    0.030    0.074    0.069    0.054    0.050    0.037    0.060    0.058    0.057    0.052    0.059    0.059    0.059    
PAAS time
0.004    0.004    0.004    0.004    0.004    0.004    0.004    0.005    0.005    0.006    0.007    0.007    0.007    0.008    0.008    0.008    0.008    0.008    0.008    0.008    
PAAS std_time
0.000    0.000    0.000    0.000    0.000    0.000    0.000    0.000    0.000    0.000    0.001    0.000    0.001    0.001    0.000    0.000    0.001    0.001    0.000    0.000    
PARS que
0.034    0.047    0.064    0.087    0.112    0.147    0.190    0.245    0.307    0.388    0.479    0.594    0.698    0.799    0.873    0.926    0.957    0.975    0.988    0.993    
PARS std_que
0.002    0.004    0.003    0.005    0.006    0.008    0.008    0.007    0.014    0.008    0.019    0.013    0.015    0.010    0.006    0.007    0.004    0.003    0.003    0.002    
PARS AP_train
0.426    0.498    0.582    0.693    0.701    0.734    0.747    0.752    0.742    0.759    0.778    0.761    0.780    0.780    0.782    0.781    0.782    0.783    0.783    0.782    
PARS std_AP_train
0.129    0.098    0.103    0.059    0.063    0.044    0.044    0.050    0.046    0.044    0.038    0.050    0.041    0.044    0.044    0.042    0.045    0.041    0.045    0.045    
PARS mAP_train
0.352    0.411    0.485    0.609    0.622    0.659    0.672    0.677    0.679    0.692    0.711    0.689    0.713    0.712    0.718    0.712    0.714    0.715    0.716    0.716    
PARS std_mAP_train
0.122    0.100    0.117    0.077    0.086    0.048    0.052    0.066    0.050    0.042    0.047    0.064    0.043    0.058    0.054    0.051    0.055    0.049    0.054    0.055    
PARS AP_test
0.437    0.496    0.584    0.692    0.705    0.735    0.743    0.741    0.750    0.758    0.777    0.755    0.785    0.785    0.795    0.788    0.793    0.792    0.793    0.790    
PARS std_AP_test
0.128    0.109    0.137    0.050    0.047    0.064    0.066    0.035    0.063    0.070    0.042    0.055    0.038    0.049    0.047    0.047    0.040    0.048    0.049    0.048    
PARS mAP_test
0.379    0.435    0.511    0.611    0.632    0.677    0.677    0.665    0.690    0.693    0.710    0.686    0.716    0.721    0.733    0.723    0.726    0.726    0.727    0.725    
PARS std_mAP_test
0.116    0.099    0.141    0.066    0.043    0.071    0.070    0.044    0.068    0.082    0.049    0.062    0.043    0.061    0.060    0.056    0.048    0.059    0.060    0.059    
PARS time
0.004    0.004    0.004    0.004    0.004    0.004    0.005    0.005    0.005    0.006    0.006    0.006    0.007    0.007    0.008    0.008    0.008    0.008    0.008    0.008    
PARS std_time
0.000    0.000    0.001    0.000    0.000    0.000    0.001    0.000    0.000    0.000    0.001    0.000    0.000    0.000    0.001    0.001    0.001    0.000    0.001    0.000    
CWS que
1.000    1.000    1.000    1.000    1.000    1.000    1.000    1.000    1.000    1.000    1.000    1.000    1.000    1.000    1.000    1.000    1.000    1.000    1.000    1.000    
CWS std_que
0.000    0.000    0.000    0.000    0.000    0.000    0.000    0.000    0.000    0.000    0.000    0.000    0.000    0.000    0.000    0.000    0.000    0.000    0.000    0.000    
CWS AP_train
0.840    0.840    0.840    0.840    0.840    0.840    0.840    0.840    0.840    0.840    0.840    0.840    0.840    0.840    0.840    0.840    0.840    0.840    0.840    0.840    
CWS std_AP_train
0.057    0.057    0.057    0.057    0.057    0.057    0.057    0.057    0.057    0.057    0.057    0.057    0.057    0.057    0.057    0.057    0.057    0.057    0.057    0.057    
CWS mAP_train
0.790    0.790    0.790    0.790    0.790    0.790    0.790    0.790    0.790    0.790    0.790    0.790    0.790    0.790    0.790    0.790    0.790    0.790    0.790    0.790    
CWS std_mAP_train
0.078    0.078    0.078    0.078    0.078    0.078    0.078    0.078    0.078    0.078    0.078    0.078    0.078    0.078    0.078    0.078    0.078    0.078    0.078    0.078    
CWS AP_test
0.828    0.828    0.828    0.828    0.828    0.828    0.828    0.828    0.828    0.828    0.828    0.828    0.828    0.828    0.828    0.828    0.828    0.828    0.828    0.828    
CWS std_AP_test
0.067    0.067    0.067    0.067    0.067    0.067    0.067    0.067    0.067    0.067    0.067    0.067    0.067    0.067    0.067    0.067    0.067    0.067    0.067    0.067    
CWS mAP_test
0.769    0.769    0.769    0.769    0.769    0.769    0.769    0.769    0.769    0.769    0.769    0.769    0.769    0.769    0.769    0.769    0.769    0.769    0.769    0.769    
CWS std_mAP_test
0.095    0.095    0.095    0.095    0.095    0.095    0.095    0.095    0.095    0.095    0.095    0.095    0.095    0.095    0.095    0.095    0.095    0.095    0.095    0.095    
CWS time
0.699    0.699    0.699    0.699    0.699    0.699    0.699    0.699    0.699    0.699    0.699    0.699    0.699    0.699    0.699    0.699    0.699    0.699    0.699    0.699    
CWS std_time
0.011    0.011    0.011    0.011    0.011    0.011    0.011    0.011    0.011    0.011    0.011    0.011    0.011    0.011    0.011    0.011    0.011    0.011    0.011    0.011    
CWAS que
0.007    0.011    0.017    0.024    0.037    0.055    0.080    0.118    0.166    0.241    0.330    0.442    0.568    0.692    0.797    0.873    0.927    0.959    0.978    0.988    
CWAS std_que
0.001    0.001    0.002    0.002    0.004    0.003    0.005    0.005    0.006    0.008    0.007    0.009    0.010    0.009    0.007    0.004    0.002    0.002    0.002    0.001    
CWAS AP_train
0.569    0.654    0.686    0.743    0.790    0.807    0.809    0.821    0.829    0.829    0.841    0.837    0.839    0.841    0.839    0.842    0.841    0.840    0.843    0.842    
CWAS std_AP_train
0.097    0.135    0.124    0.070    0.071    0.067    0.071    0.067    0.060    0.068    0.057    0.060    0.061    0.058    0.060    0.057    0.057    0.058    0.054    0.055    
CWAS mAP_train
0.478    0.554    0.596    0.661    0.717    0.748    0.752    0.768    0.771    0.775    0.794    0.782    0.788    0.790    0.789    0.791    0.790    0.790    0.793    0.792    
CWAS std_mAP_train
0.116    0.175    0.149    0.083    0.097    0.085    0.086    0.086    0.080    0.094    0.076    0.082    0.086    0.080    0.083    0.078    0.080    0.079    0.075    0.076    
CWAS AP_test
0.560    0.627    0.691    0.751    0.771    0.791    0.799    0.813    0.821    0.816    0.830    0.821    0.828    0.826    0.825    0.828    0.825    0.826    0.828    0.829    
CWAS std_AP_test
0.105    0.162    0.131    0.085    0.079    0.079    0.107    0.072    0.070    0.078    0.067    0.078    0.072    0.068    0.072    0.067    0.069    0.069    0.067    0.067    
CWAS mAP_test
0.466    0.543    0.621    0.675    0.697    0.733    0.741    0.756    0.757    0.752    0.772    0.763    0.770    0.765    0.765    0.769    0.767    0.766    0.770    0.770    
CWAS std_mAP_test
0.127    0.171    0.142    0.107    0.110    0.097    0.126    0.100    0.094    0.106    0.093    0.106    0.102    0.096    0.103    0.097    0.098    0.098    0.096    0.096    
CWAS time
0.459    0.463    0.468    0.474    0.481    0.494    0.508    0.528    0.548    0.583    0.612    0.632    0.657    0.675    0.687    0.693    0.697    0.700    0.701    0.702    
CWAS std_time
0.004    0.004    0.005    0.005    0.004    0.007    0.006    0.004    0.006    0.008    0.010    0.008    0.010    0.008    0.008    0.009    0.007    0.006    0.007    0.007    
CWAS_Adap que
0.067    0.069    0.071    0.075    0.084    0.096    0.116    0.147    0.195    0.261    0.343    0.455    0.581    0.697    0.800    0.879    0.930    0.961    0.978    0.988    
CWAS_Adap std_que
0.003    0.002    0.004    0.003    0.006    0.005    0.005    0.007    0.004    0.006    0.007    0.009    0.010    0.007    0.007    0.004    0.003    0.002    0.001    0.001    
CWAS_Adap AP_train
0.825    0.827    0.831    0.829    0.821    0.829    0.831    0.828    0.831    0.834    0.835    0.840    0.843    0.842    0.840    0.842    0.840    0.842    0.841    0.842    
CWAS_Adap std_AP_train
0.052    0.048    0.053    0.056    0.062    0.060    0.062    0.073    0.074    0.061    0.063    0.057    0.055    0.058    0.059    0.055    0.059    0.055    0.056    0.055    
CWAS_Adap mAP_train
0.765    0.766    0.772    0.772    0.764    0.771    0.780    0.771    0.776    0.781    0.780    0.785    0.795    0.790    0.790    0.791    0.788    0.792    0.790    0.791    
CWAS_Adap std_mAP_train
0.072    0.064    0.076    0.075    0.082    0.084    0.082    0.100    0.102    0.082    0.084    0.078    0.073    0.082    0.082    0.076    0.081    0.077    0.078    0.077    
CWAS_Adap AP_test
0.804    0.797    0.816    0.804    0.815    0.824    0.808    0.807    0.823    0.818    0.825    0.828    0.828    0.828    0.827    0.827    0.825    0.826    0.827    0.827    
CWAS_Adap std_AP_test
0.054    0.065    0.067    0.066    0.074    0.074    0.082    0.086    0.086    0.077    0.072    0.070    0.070    0.067    0.071    0.068    0.068    0.069    0.069    0.067    
CWAS_Adap mAP_test
0.727    0.727    0.752    0.729    0.753    0.768    0.748    0.745    0.764    0.757    0.764    0.769    0.771    0.769    0.769    0.768    0.766    0.767    0.767    0.768    
CWAS_Adap std_mAP_test
0.068    0.084    0.097    0.081    0.097    0.097    0.111    0.123    0.120    0.105    0.103    0.098    0.100    0.096    0.101    0.097    0.097    0.098    0.097    0.095    
CWAS_Adap time
0.510    0.509    0.511    0.512    0.519    0.525    0.533    0.549    0.569    0.591    0.616    0.644    0.665    0.675    0.690    0.695    0.700    0.701    0.700    0.704    
CWAS_Adap std_time
0.007    0.006    0.005    0.007    0.007    0.006    0.007    0.009    0.009    0.009    0.010    0.006    0.010    0.014    0.011    0.010    0.012    0.010    0.009    0.009    
CWRS que
0.067    0.068    0.070    0.075    0.083    0.096    0.115    0.150    0.193    0.265    0.341    0.459    0.581    0.696    0.800    0.881    0.929    0.960    0.977    0.988    
CWRS std_que
0.006    0.004    0.006    0.004    0.006    0.005    0.004    0.009    0.006    0.009    0.007    0.008    0.010    0.008    0.008    0.008    0.005    0.004    0.002    0.002    
CWRS AP_train
0.783    0.771    0.762    0.777    0.783    0.786    0.774    0.797    0.788    0.814    0.814    0.830    0.828    0.833    0.841    0.841    0.841    0.841    0.841    0.843    
CWRS std_AP_train
0.062    0.073    0.080    0.075    0.066    0.062    0.065    0.061    0.085    0.062    0.064    0.065    0.062    0.061    0.054    0.056    0.058    0.058    0.056    0.057    
CWRS mAP_train
0.718    0.700    0.688    0.712    0.720    0.720    0.703    0.729    0.717    0.761    0.751    0.771    0.772    0.778    0.789    0.792    0.788    0.791    0.790    0.794    
CWRS std_mAP_train
0.082    0.085    0.100    0.096    0.080    0.084    0.082    0.085    0.115    0.078    0.085    0.090    0.084    0.085    0.073    0.078    0.082    0.080    0.078    0.078    
CWRS AP_test
0.781    0.775    0.762    0.783    0.782    0.782    0.781    0.801    0.799    0.814    0.808    0.818    0.818    0.818    0.824    0.827    0.823    0.824    0.825    0.829    
CWRS std_AP_test
0.057    0.082    0.085    0.093    0.083    0.080    0.085    0.076    0.091    0.080    0.082    0.079    0.066    0.080    0.068    0.068    0.068    0.071    0.067    0.068    
CWRS mAP_test
0.715    0.700    0.689    0.720    0.720    0.705    0.714    0.738    0.739    0.757    0.744    0.759    0.755    0.758    0.765    0.769    0.762    0.764    0.764    0.771    
CWRS std_mAP_test
0.080    0.097    0.108    0.119    0.108    0.104    0.111    0.097    0.114    0.099    0.108    0.107    0.087    0.105    0.097    0.096    0.097    0.100    0.094    0.096    
CWRS time
0.488    0.487    0.487    0.488    0.491    0.495    0.501    0.511    0.525    0.542    0.563    0.590    0.619    0.641    0.664    0.679    0.689    0.697    0.699    0.702    
CWRS std_time
0.006    0.005    0.004    0.005    0.006    0.005    0.006    0.005    0.006    0.006    0.007    0.006    0.008    0.011    0.010    0.011    0.009    0.008    0.010    0.009    
AROMA que
1.000    1.000    1.000    1.000    1.000    1.000    1.000    1.000    1.000    1.000    1.000    1.000    1.000    1.000    1.000    1.000    1.000    1.000    1.000    1.000    
AROMA std_que
0.000    0.000    0.000    0.000    0.000    0.000    0.000    0.000    0.000    0.000    0.000    0.000    0.000    0.000    0.000    0.000    0.000    0.000    0.000    0.000    
AROMA AP_train
0.890    0.890    0.890    0.890    0.890    0.890    0.890    0.890    0.890    0.890    0.890    0.890    0.890    0.890    0.890    0.890    0.890    0.890    0.890    0.890    
AROMA std_AP_train
0.037    0.037    0.037    0.037    0.037    0.037    0.037    0.037    0.037    0.037    0.037    0.037    0.037    0.037    0.037    0.037    0.037    0.037    0.037    0.037    
AROMA mAP_train
0.848    0.848    0.848    0.848    0.848    0.848    0.848    0.848    0.848    0.848    0.848    0.848    0.848    0.848    0.848    0.848    0.848    0.848    0.848    0.848    
AROMA std_mAP_train
0.062    0.062    0.062    0.062    0.062    0.062    0.062    0.062    0.062    0.062    0.062    0.062    0.062    0.062    0.062    0.062    0.062    0.062    0.062    0.062    
AROMA AP_test
0.837    0.837    0.837    0.837    0.837    0.837    0.837    0.837    0.837    0.837    0.837    0.837    0.837    0.837    0.837    0.837    0.837    0.837    0.837    0.837    
AROMA std_AP_test
0.056    0.056    0.056    0.056    0.056    0.056    0.056    0.056    0.056    0.056    0.056    0.056    0.056    0.056    0.056    0.056    0.056    0.056    0.056    0.056    
AROMA mAP_test
0.772    0.772    0.772    0.772    0.772    0.772    0.772    0.772    0.772    0.772    0.772    0.772    0.772    0.772    0.772    0.772    0.772    0.772    0.772    0.772    
AROMA std_mAP_test
0.088    0.088    0.088    0.088    0.088    0.088    0.088    0.088    0.088    0.088    0.088    0.088    0.088    0.088    0.088    0.088    0.088    0.088    0.088    0.088    
AROMA time
0.338    0.338    0.338    0.338    0.338    0.338    0.338    0.338    0.338    0.338    0.338    0.338    0.338    0.338    0.338    0.338    0.338    0.338    0.338    0.338    
AROMA std_time
0.013    0.013    0.013    0.013    0.013    0.013    0.013    0.013    0.013    0.013    0.013    0.013    0.013    0.013    0.013    0.013    0.013    0.013    0.013    0.013    
