OASIS que
1.000    1.000    1.000    1.000    1.000    1.000    1.000    1.000    1.000    1.000    1.000    1.000    1.000    1.000    1.000    1.000    1.000    1.000    1.000    1.000    
OASIS std_que
0.000    0.000    0.000    0.000    0.000    0.000    0.000    0.000    0.000    0.000    0.000    0.000    0.000    0.000    0.000    0.000    0.000    0.000    0.000    0.000    
OASIS AP_train
0.778    0.778    0.778    0.778    0.778    0.778    0.778    0.778    0.778    0.778    0.778    0.778    0.778    0.778    0.778    0.778    0.778    0.778    0.778    0.778    
OASIS std_AP_train
0.212    0.212    0.212    0.212    0.212    0.212    0.212    0.212    0.212    0.212    0.212    0.212    0.212    0.212    0.212    0.212    0.212    0.212    0.212    0.212    
OASIS mAP_train
0.716    0.716    0.716    0.716    0.716    0.716    0.716    0.716    0.716    0.716    0.716    0.716    0.716    0.716    0.716    0.716    0.716    0.716    0.716    0.716    
OASIS std_mAP_train
0.270    0.270    0.270    0.270    0.270    0.270    0.270    0.270    0.270    0.270    0.270    0.270    0.270    0.270    0.270    0.270    0.270    0.270    0.270    0.270    
OASIS AP_test
0.769    0.769    0.769    0.769    0.769    0.769    0.769    0.769    0.769    0.769    0.769    0.769    0.769    0.769    0.769    0.769    0.769    0.769    0.769    0.769    
OASIS std_AP_test
0.189    0.189    0.189    0.189    0.189    0.189    0.189    0.189    0.189    0.189    0.189    0.189    0.189    0.189    0.189    0.189    0.189    0.189    0.189    0.189    
OASIS mAP_test
0.725    0.725    0.725    0.725    0.725    0.725    0.725    0.725    0.725    0.725    0.725    0.725    0.725    0.725    0.725    0.725    0.725    0.725    0.725    0.725    
OASIS std_mAP_test
0.228    0.228    0.228    0.228    0.228    0.228    0.228    0.228    0.228    0.228    0.228    0.228    0.228    0.228    0.228    0.228    0.228    0.228    0.228    0.228    
OASIS time
0.041    0.041    0.041    0.041    0.041    0.041    0.041    0.041    0.041    0.041    0.041    0.041    0.041    0.041    0.041    0.041    0.041    0.041    0.041    0.041    
OASIS std_time
0.002    0.002    0.002    0.002    0.002    0.002    0.002    0.002    0.002    0.002    0.002    0.002    0.002    0.002    0.002    0.002    0.002    0.002    0.002    0.002    
PAAS que
0.040    0.049    0.064    0.081    0.102    0.127    0.162    0.207    0.265    0.345    0.435    0.546    0.662    0.767    0.851    0.910    0.948    0.971    0.985    0.992    
PAAS std_que
0.003    0.004    0.004    0.003    0.004    0.006    0.005    0.008    0.008    0.012    0.013    0.012    0.013    0.011    0.007    0.007    0.004    0.003    0.002    0.001    
PAAS AP_train
0.772    0.767    0.769    0.770    0.760    0.768    0.765    0.771    0.770    0.772    0.772    0.774    0.772    0.774    0.775    0.777    0.778    0.777    0.778    0.778    
PAAS std_AP_train
0.209    0.204    0.217    0.212    0.217    0.217    0.218    0.217    0.219    0.218    0.220    0.218    0.218    0.216    0.214    0.214    0.213    0.214    0.213    0.213    
PAAS mAP_train
0.714    0.707    0.714    0.708    0.706    0.713    0.705    0.715    0.711    0.716    0.715    0.716    0.715    0.714    0.715    0.717    0.717    0.716    0.717    0.716    
PAAS std_mAP_train
0.261    0.256    0.267    0.271    0.267    0.269    0.275    0.270    0.277    0.272    0.275    0.273    0.273    0.273    0.272    0.271    0.270    0.271    0.270    0.270    
PAAS AP_test
0.761    0.742    0.756    0.757    0.751    0.754    0.751    0.756    0.762    0.767    0.764    0.768    0.770    0.768    0.768    0.769    0.769    0.769    0.769    0.769    
PAAS std_AP_test
0.190    0.205    0.197    0.200    0.205    0.199    0.199    0.199    0.194    0.189    0.190    0.189    0.187    0.188    0.189    0.189    0.188    0.189    0.189    0.188    
PAAS mAP_test
0.720    0.693    0.713    0.709    0.708    0.711    0.706    0.715    0.720    0.728    0.726    0.730    0.731    0.729    0.726    0.726    0.726    0.725    0.725    0.725    
PAAS std_mAP_test
0.223    0.248    0.234    0.242    0.241    0.235    0.237    0.234    0.229    0.223    0.224    0.222    0.221    0.223    0.226    0.227    0.226    0.228    0.227    0.228    
PAAS time
0.021    0.021    0.022    0.023    0.022    0.024    0.026    0.027    0.028    0.031    0.033    0.035    0.036    0.038    0.040    0.040    0.040    0.041    0.040    0.041    
PAAS std_time
0.001    0.001    0.001    0.001    0.001    0.001    0.001    0.001    0.001    0.001    0.001    0.001    0.000    0.001    0.001    0.001    0.001    0.001    0.001    0.001    
PARS que
0.039    0.049    0.064    0.080    0.101    0.127    0.162    0.208    0.265    0.345    0.434    0.545    0.661    0.769    0.851    0.909    0.947    0.971    0.986    0.991    
PARS std_que
0.004    0.004    0.005    0.003    0.004    0.006    0.008    0.013    0.010    0.012    0.014    0.014    0.013    0.013    0.008    0.009    0.005    0.003    0.003    0.002    
PARS AP_train
0.724    0.716    0.729    0.731    0.737    0.745    0.746    0.754    0.755    0.762    0.769    0.771    0.773    0.773    0.775    0.774    0.778    0.776    0.777    0.778    
PARS std_AP_train
0.197    0.213    0.205    0.207    0.208    0.211    0.217    0.217    0.217    0.218    0.219    0.220    0.217    0.216    0.215    0.216    0.212    0.214    0.213    0.213    
PARS mAP_train
0.663    0.659    0.671    0.672    0.679    0.689    0.688    0.697    0.699    0.706    0.711    0.713    0.715    0.712    0.715    0.715    0.717    0.715    0.715    0.716    
PARS std_mAP_train
0.242    0.256    0.251    0.255    0.258    0.258    0.268    0.268    0.269    0.269    0.274    0.275    0.273    0.274    0.273    0.272    0.269    0.271    0.271    0.271    
PARS AP_test
0.727    0.727    0.732    0.729    0.741    0.750    0.752    0.758    0.761    0.760    0.768    0.769    0.769    0.769    0.768    0.769    0.770    0.769    0.768    0.769    
PARS std_AP_test
0.190    0.208    0.203    0.201    0.204    0.201    0.197    0.195    0.194    0.193    0.187    0.187    0.187    0.187    0.190    0.188    0.187    0.188    0.189    0.189    
PARS mAP_test
0.671    0.675    0.680    0.678    0.692    0.703    0.708    0.716    0.719    0.721    0.730    0.731    0.731    0.730    0.727    0.727    0.727    0.725    0.725    0.725    
PARS std_mAP_test
0.228    0.247    0.243    0.239    0.242    0.240    0.234    0.231    0.229    0.226    0.220    0.220    0.220    0.221    0.225    0.226    0.225    0.227    0.228    0.228    
PARS time
0.021    0.021    0.022    0.022    0.022    0.023    0.024    0.025    0.026    0.028    0.031    0.032    0.035    0.037    0.038    0.039    0.040    0.040    0.040    0.040    
PARS std_time
0.001    0.001    0.001    0.001    0.000    0.001    0.001    0.000    0.001    0.001    0.001    0.001    0.002    0.002    0.001    0.001    0.001    0.001    0.001    0.001    
CWS que
1.000    1.000    1.000    1.000    1.000    1.000    1.000    1.000    1.000    1.000    1.000    1.000    1.000    1.000    1.000    1.000    1.000    1.000    1.000    1.000    
CWS std_que
0.000    0.000    0.000    0.000    0.000    0.000    0.000    0.000    0.000    0.000    0.000    0.000    0.000    0.000    0.000    0.000    0.000    0.000    0.000    0.000    
CWS AP_train
0.778    0.778    0.778    0.778    0.778    0.778    0.778    0.778    0.778    0.778    0.778    0.778    0.778    0.778    0.778    0.778    0.778    0.778    0.778    0.778    
CWS std_AP_train
0.213    0.213    0.213    0.213    0.213    0.213    0.213    0.213    0.213    0.213    0.213    0.213    0.213    0.213    0.213    0.213    0.213    0.213    0.213    0.213    
CWS mAP_train
0.716    0.716    0.716    0.716    0.716    0.716    0.716    0.716    0.716    0.716    0.716    0.716    0.716    0.716    0.716    0.716    0.716    0.716    0.716    0.716    
CWS std_mAP_train
0.271    0.271    0.271    0.271    0.271    0.271    0.271    0.271    0.271    0.271    0.271    0.271    0.271    0.271    0.271    0.271    0.271    0.271    0.271    0.271    
CWS AP_test
0.769    0.769    0.769    0.769    0.769    0.769    0.769    0.769    0.769    0.769    0.769    0.769    0.769    0.769    0.769    0.769    0.769    0.769    0.769    0.769    
CWS std_AP_test
0.188    0.188    0.188    0.188    0.188    0.188    0.188    0.188    0.188    0.188    0.188    0.188    0.188    0.188    0.188    0.188    0.188    0.188    0.188    0.188    
CWS mAP_test
0.726    0.726    0.726    0.726    0.726    0.726    0.726    0.726    0.726    0.726    0.726    0.726    0.726    0.726    0.726    0.726    0.726    0.726    0.726    0.726    
CWS std_mAP_test
0.227    0.227    0.227    0.227    0.227    0.227    0.227    0.227    0.227    0.227    0.227    0.227    0.227    0.227    0.227    0.227    0.227    0.227    0.227    0.227    
CWS time
28.423   28.423   28.423   28.423   28.423   28.423   28.423   28.423   28.423   28.423   28.423   28.423   28.423   28.423   28.423   28.423   28.423   28.423   28.423   28.423   
CWS std_time
1.011    1.011    1.011    1.011    1.011    1.011    1.011    1.011    1.011    1.011    1.011    1.011    1.011    1.011    1.011    1.011    1.011    1.011    1.011    1.011    
CWAS que
0.039    0.048    0.064    0.082    0.102    0.127    0.161    0.206    0.264    0.343    0.434    0.544    0.659    0.766    0.850    0.908    0.947    0.971    0.985    0.992    
CWAS std_que
0.003    0.003    0.004    0.002    0.003    0.005    0.005    0.009    0.008    0.011    0.013    0.013    0.013    0.011    0.007    0.007    0.004    0.003    0.002    0.001    
CWAS AP_train
0.767    0.761    0.768    0.773    0.766    0.769    0.764    0.769    0.771    0.771    0.770    0.774    0.772    0.774    0.775    0.776    0.777    0.777    0.778    0.777    
CWAS std_AP_train
0.210    0.218    0.216    0.211    0.216    0.216    0.219    0.219    0.219    0.220    0.221    0.217    0.218    0.217    0.215    0.214    0.213    0.214    0.213    0.213    
CWAS mAP_train
0.711    0.702    0.712    0.716    0.713    0.713    0.706    0.714    0.712    0.715    0.714    0.716    0.714    0.714    0.715    0.716    0.716    0.716    0.717    0.716    
CWAS std_mAP_train
0.260    0.270    0.268    0.265    0.267    0.268    0.275    0.271    0.277    0.274    0.275    0.273    0.273    0.274    0.272    0.271    0.270    0.271    0.270    0.270    
CWAS AP_test
0.758    0.749    0.755    0.752    0.754    0.754    0.753    0.759    0.763    0.765    0.766    0.769    0.770    0.769    0.768    0.768    0.769    0.769    0.769    0.768    
CWAS std_AP_test
0.190    0.202    0.198    0.201    0.201    0.199    0.198    0.197    0.193    0.191    0.190    0.188    0.186    0.188    0.189    0.189    0.188    0.189    0.188    0.190    
CWAS mAP_test
0.714    0.698    0.713    0.704    0.713    0.711    0.708    0.720    0.722    0.726    0.726    0.731    0.731    0.729    0.726    0.725    0.727    0.726    0.725    0.725    
CWAS std_mAP_test
0.229    0.248    0.234    0.242    0.235    0.235    0.235    0.230    0.228    0.225    0.224    0.221    0.220    0.223    0.226    0.228    0.226    0.227    0.227    0.228    
CWAS time
15.782   16.104   16.532   17.023   17.390   18.067   19.070   20.053   21.047   22.484   23.877   24.980   26.289   27.031   27.711   28.124   28.350   28.167   28.191   28.479   
CWAS std_time
0.117    0.085    0.145    0.074    0.083    0.152    0.157    0.303    0.368    0.437    0.454    0.544    0.600    0.893    0.807    0.902    0.894    0.878    0.955    0.858    
CWAS_Adap que
0.066    0.071    0.080    0.093    0.110    0.134    0.167    0.210    0.269    0.347    0.437    0.546    0.657    0.768    0.850    0.910    0.948    0.972    0.984    0.992    
CWAS_Adap std_que
0.005    0.008    0.007    0.006    0.004    0.006    0.008    0.008    0.008    0.010    0.013    0.015    0.017    0.013    0.009    0.007    0.004    0.002    0.002    0.001    
CWAS_Adap AP_train
0.771    0.772    0.769    0.765    0.770    0.771    0.767    0.764    0.768    0.769    0.769    0.776    0.775    0.776    0.777    0.775    0.776    0.776    0.778    0.777    
CWAS_Adap std_AP_train
0.211    0.222    0.216    0.214    0.208    0.214    0.219    0.219    0.221    0.220    0.219    0.215    0.214    0.215    0.214    0.214    0.214    0.214    0.213    0.213    
CWAS_Adap mAP_train
0.708    0.709    0.712    0.703    0.712    0.712    0.711    0.707    0.711    0.713    0.712    0.719    0.717    0.716    0.718    0.715    0.716    0.716    0.717    0.716    
CWAS_Adap std_mAP_train
0.269    0.284    0.268    0.272    0.261    0.270    0.272    0.271    0.275    0.272    0.274    0.271    0.270    0.272    0.271    0.271    0.271    0.271    0.270    0.271    
CWAS_Adap AP_test
0.752    0.755    0.755    0.749    0.757    0.763    0.762    0.757    0.756    0.765    0.765    0.770    0.770    0.770    0.768    0.770    0.769    0.769    0.769    0.770    
CWAS_Adap std_AP_test
0.194    0.202    0.197    0.198    0.193    0.190    0.194    0.194    0.199    0.192    0.191    0.187    0.186    0.187    0.189    0.188    0.189    0.189    0.188    0.188    
CWAS_Adap mAP_test
0.707    0.712    0.709    0.704    0.717    0.726    0.721    0.717    0.715    0.727    0.725    0.732    0.732    0.728    0.729    0.728    0.726    0.726    0.726    0.726    
CWAS_Adap std_mAP_test
0.230    0.240    0.237    0.235    0.227    0.220    0.228    0.229    0.234    0.224    0.226    0.220    0.219    0.224    0.224    0.225    0.227    0.227    0.227    0.227    
CWAS_Adap time
16.565   16.750   16.965   17.280   17.608   18.271   19.249   20.201   21.189   22.552   23.972   24.995   26.246   27.088   27.696   28.105   28.288   28.107   28.171   28.476   
CWAS_Adap std_time
0.157    0.247    0.195    0.175    0.107    0.166    0.224    0.238    0.369    0.482    0.448    0.591    0.665    0.889    0.824    0.873    0.995    0.943    0.929    0.902    
CWRS que
0.066    0.071    0.081    0.092    0.109    0.133    0.166    0.210    0.271    0.345    0.435    0.546    0.660    0.769    0.847    0.908    0.948    0.973    0.984    0.992    
CWRS std_que
0.005    0.009    0.007    0.005    0.006    0.006    0.008    0.005    0.008    0.010    0.015    0.016    0.019    0.013    0.011    0.008    0.004    0.002    0.002    0.001    
CWRS AP_train
0.727    0.737    0.732    0.727    0.744    0.742    0.752    0.752    0.759    0.760    0.763    0.771    0.777    0.772    0.776    0.775    0.775    0.777    0.778    0.778    
CWRS std_AP_train
0.214    0.210    0.210    0.214    0.211    0.215    0.216    0.214    0.217    0.224    0.221    0.219    0.214    0.218    0.214    0.216    0.215    0.214    0.213    0.212    
CWRS mAP_train
0.669    0.678    0.674    0.674    0.688    0.682    0.697    0.695    0.703    0.702    0.706    0.713    0.718    0.712    0.716    0.714    0.714    0.716    0.717    0.716    
CWRS std_mAP_train
0.260    0.260    0.258    0.258    0.258    0.266    0.265    0.264    0.267    0.278    0.274    0.274    0.270    0.275    0.271    0.273    0.272    0.271    0.270    0.270    
CWRS AP_test
0.731    0.740    0.737    0.738    0.743    0.739    0.752    0.756    0.760    0.762    0.765    0.766    0.770    0.767    0.770    0.768    0.768    0.769    0.769    0.769    
CWRS std_AP_test
0.204    0.202    0.201    0.199    0.204    0.209    0.203    0.195    0.196    0.195    0.190    0.190    0.188    0.189    0.188    0.190    0.189    0.189    0.189    0.189    
CWRS mAP_test
0.681    0.692    0.688    0.688    0.695    0.691    0.706    0.712    0.720    0.722    0.728    0.728    0.731    0.727    0.730    0.727    0.726    0.727    0.725    0.725    
CWRS std_mAP_test
0.242    0.241    0.240    0.237    0.243    0.248    0.243    0.232    0.231    0.229    0.222    0.222    0.221    0.224    0.224    0.226    0.227    0.226    0.227    0.227    
CWRS time
16.300   16.484   16.633   16.761   16.882   17.297   17.982   18.667   19.309   20.343   21.636   22.836   24.442   25.714   26.705   27.530   27.960   27.958   28.072   28.436   
CWRS std_time
0.124    0.231    0.207    0.191    0.191    0.243    0.282    0.248    0.440    0.500    0.584    0.678    0.778    0.957    0.979    0.915    0.979    0.931    0.920    0.928    
AROMA que
1.000    1.000    1.000    1.000    1.000    1.000    1.000    1.000    1.000    1.000    1.000    1.000    1.000    1.000    1.000    1.000    1.000    1.000    1.000    1.000    
AROMA std_que
0.000    0.000    0.000    0.000    0.000    0.000    0.000    0.000    0.000    0.000    0.000    0.000    0.000    0.000    0.000    0.000    0.000    0.000    0.000    0.000    
AROMA AP_train
0.779    0.779    0.779    0.779    0.779    0.779    0.779    0.779    0.779    0.779    0.779    0.779    0.779    0.779    0.779    0.779    0.779    0.779    0.779    0.779    
AROMA std_AP_train
0.216    0.216    0.216    0.216    0.216    0.216    0.216    0.216    0.216    0.216    0.216    0.216    0.216    0.216    0.216    0.216    0.216    0.216    0.216    0.216    
AROMA mAP_train
0.719    0.719    0.719    0.719    0.719    0.719    0.719    0.719    0.719    0.719    0.719    0.719    0.719    0.719    0.719    0.719    0.719    0.719    0.719    0.719    
AROMA std_mAP_train
0.275    0.275    0.275    0.275    0.275    0.275    0.275    0.275    0.275    0.275    0.275    0.275    0.275    0.275    0.275    0.275    0.275    0.275    0.275    0.275    
AROMA AP_test
0.771    0.771    0.771    0.771    0.771    0.771    0.771    0.771    0.771    0.771    0.771    0.771    0.771    0.771    0.771    0.771    0.771    0.771    0.771    0.771    
AROMA std_AP_test
0.192    0.192    0.192    0.192    0.192    0.192    0.192    0.192    0.192    0.192    0.192    0.192    0.192    0.192    0.192    0.192    0.192    0.192    0.192    0.192    
AROMA mAP_test
0.721    0.721    0.721    0.721    0.721    0.721    0.721    0.721    0.721    0.721    0.721    0.721    0.721    0.721    0.721    0.721    0.721    0.721    0.721    0.721    
AROMA std_mAP_test
0.236    0.236    0.236    0.236    0.236    0.236    0.236    0.236    0.236    0.236    0.236    0.236    0.236    0.236    0.236    0.236    0.236    0.236    0.236    0.236    
AROMA time
23.656   23.656   23.656   23.656   23.656   23.656   23.656   23.656   23.656   23.656   23.656   23.656   23.656   23.656   23.656   23.656   23.656   23.656   23.656   23.656   
AROMA std_time
0.988    0.988    0.988    0.988    0.988    0.988    0.988    0.988    0.988    0.988    0.988    0.988    0.988    0.988    0.988    0.988    0.988    0.988    0.988    0.988    
