OASIS que
1.000    1.000    1.000    1.000    1.000    1.000    1.000    1.000    1.000    1.000    1.000    1.000    1.000    1.000    1.000    1.000    1.000    1.000    1.000    1.000    
OASIS std_que
0.000    0.000    0.000    0.000    0.000    0.000    0.000    0.000    0.000    0.000    0.000    0.000    0.000    0.000    0.000    0.000    0.000    0.000    0.000    0.000    
OASIS AP_train
0.844    0.844    0.844    0.844    0.844    0.844    0.844    0.844    0.844    0.844    0.844    0.844    0.844    0.844    0.844    0.844    0.844    0.844    0.844    0.844    
OASIS std_AP_train
0.034    0.034    0.034    0.034    0.034    0.034    0.034    0.034    0.034    0.034    0.034    0.034    0.034    0.034    0.034    0.034    0.034    0.034    0.034    0.034    
OASIS mAP_train
0.815    0.815    0.815    0.815    0.815    0.815    0.815    0.815    0.815    0.815    0.815    0.815    0.815    0.815    0.815    0.815    0.815    0.815    0.815    0.815    
OASIS std_mAP_train
0.044    0.044    0.044    0.044    0.044    0.044    0.044    0.044    0.044    0.044    0.044    0.044    0.044    0.044    0.044    0.044    0.044    0.044    0.044    0.044    
OASIS AP_test
0.877    0.877    0.877    0.877    0.877    0.877    0.877    0.877    0.877    0.877    0.877    0.877    0.877    0.877    0.877    0.877    0.877    0.877    0.877    0.877    
OASIS std_AP_test
0.040    0.040    0.040    0.040    0.040    0.040    0.040    0.040    0.040    0.040    0.040    0.040    0.040    0.040    0.040    0.040    0.040    0.040    0.040    0.040    
OASIS mAP_test
0.844    0.844    0.844    0.844    0.844    0.844    0.844    0.844    0.844    0.844    0.844    0.844    0.844    0.844    0.844    0.844    0.844    0.844    0.844    0.844    
OASIS std_mAP_test
0.059    0.059    0.059    0.059    0.059    0.059    0.059    0.059    0.059    0.059    0.059    0.059    0.059    0.059    0.059    0.059    0.059    0.059    0.059    0.059    
OASIS time
0.013    0.013    0.013    0.013    0.013    0.013    0.013    0.013    0.013    0.013    0.013    0.013    0.013    0.013    0.013    0.013    0.013    0.013    0.013    0.013    
OASIS std_time
0.001    0.001    0.001    0.001    0.001    0.001    0.001    0.001    0.001    0.001    0.001    0.001    0.001    0.001    0.001    0.001    0.001    0.001    0.001    0.001    
PAAS que
0.008    0.013    0.019    0.028    0.042    0.058    0.083    0.117    0.162    0.224    0.304    0.399    0.516    0.636    0.748    0.835    0.899    0.942    0.967    0.982    
PAAS std_que
0.001    0.001    0.002    0.001    0.002    0.003    0.003    0.003    0.005    0.007    0.007    0.010    0.011    0.015    0.014    0.009    0.007    0.006    0.003    0.002    
PAAS AP_train
0.635    0.661    0.679    0.727    0.757    0.765    0.787    0.807    0.818    0.833    0.834    0.836    0.843    0.843    0.845    0.847    0.846    0.845    0.845    0.845    
PAAS std_AP_train
0.110    0.048    0.068    0.058    0.050    0.058    0.061    0.038    0.040    0.039    0.035    0.037    0.038    0.039    0.032    0.033    0.033    0.032    0.033    0.034    
PAAS mAP_train
0.540    0.561    0.585    0.649    0.694    0.717    0.735    0.759    0.776    0.797    0.798    0.806    0.811    0.808    0.811    0.814    0.817    0.815    0.815    0.815    
PAAS std_mAP_train
0.120    0.057    0.085    0.051    0.059    0.060    0.076    0.054    0.064    0.052    0.048    0.046    0.050    0.057    0.045    0.044    0.043    0.042    0.044    0.043    
PAAS AP_test
0.668    0.700    0.719    0.775    0.794    0.810    0.809    0.857    0.849    0.864    0.878    0.875    0.875    0.877    0.873    0.881    0.878    0.877    0.877    0.878    
PAAS std_AP_test
0.111    0.069    0.083    0.080    0.062    0.065    0.084    0.028    0.043    0.043    0.029    0.038    0.040    0.047    0.043    0.035    0.040    0.040    0.041    0.040    
PAAS mAP_test
0.591    0.613    0.641    0.716    0.740    0.759    0.763    0.823    0.807    0.828    0.851    0.843    0.839    0.842    0.839    0.849    0.844    0.843    0.843    0.845    
PAAS std_mAP_test
0.115    0.080    0.096    0.092    0.074    0.079    0.100    0.035    0.054    0.062    0.040    0.059    0.064    0.066    0.059    0.053    0.059    0.059    0.060    0.058    
PAAS time
0.008    0.008    0.007    0.008    0.008    0.008    0.008    0.009    0.009    0.010    0.010    0.011    0.012    0.012    0.012    0.013    0.013    0.013    0.013    0.013    
PAAS std_time
0.001    0.000    0.000    0.000    0.000    0.000    0.000    0.000    0.000    0.001    0.000    0.000    0.001    0.000    0.000    0.001    0.000    0.001    0.001    0.000    
PARS que
0.008    0.013    0.019    0.027    0.042    0.058    0.082    0.116    0.160    0.224    0.302    0.398    0.514    0.634    0.749    0.834    0.899    0.942    0.968    0.982    
PARS std_que
0.002    0.002    0.003    0.003    0.004    0.005    0.003    0.005    0.007    0.009    0.011    0.011    0.011    0.015    0.018    0.010    0.009    0.007    0.004    0.002    
PARS AP_train
0.566    0.641    0.688    0.686    0.721    0.715    0.744    0.761    0.762    0.779    0.803    0.810    0.837    0.829    0.839    0.839    0.850    0.844    0.842    0.847    
PARS std_AP_train
0.075    0.073    0.078    0.050    0.052    0.059    0.069    0.055    0.055    0.014    0.042    0.044    0.030    0.046    0.035    0.040    0.030    0.029    0.032    0.029    
PARS mAP_train
0.502    0.558    0.608    0.606    0.654    0.644    0.687    0.704    0.699    0.726    0.758    0.770    0.796    0.788    0.802    0.805    0.818    0.814    0.810    0.818    
PARS std_mAP_train
0.074    0.075    0.101    0.067    0.076    0.068    0.071    0.061    0.068    0.037    0.043    0.059    0.045    0.062    0.052    0.049    0.040    0.038    0.040    0.037    
PARS AP_test
0.595    0.668    0.713    0.721    0.781    0.745    0.782    0.806    0.818    0.832    0.860    0.846    0.869    0.873    0.867    0.871    0.877    0.875    0.877    0.879    
PARS std_AP_test
0.068    0.086    0.100    0.078    0.068    0.081    0.069    0.048    0.060    0.043    0.038    0.050    0.035    0.048    0.054    0.030    0.046    0.045    0.041    0.042    
PARS mAP_test
0.538    0.595    0.649    0.667    0.727    0.670    0.729    0.767    0.768    0.787    0.819    0.801    0.833    0.837    0.827    0.838    0.843    0.842    0.845    0.846    
PARS std_mAP_test
0.066    0.099    0.127    0.090    0.098    0.094    0.085    0.053    0.071    0.060    0.045    0.072    0.051    0.066    0.076    0.050    0.069    0.064    0.061    0.063    
PARS time
0.007    0.007    0.008    0.007    0.008    0.008    0.008    0.008    0.008    0.009    0.009    0.010    0.011    0.012    0.012    0.013    0.013    0.013    0.014    0.013    
PARS std_time
0.000    0.000    0.001    0.000    0.000    0.000    0.000    0.000    0.000    0.001    0.001    0.000    0.000    0.001    0.001    0.001    0.001    0.001    0.000    0.001    
CWS que
1.000    1.000    1.000    1.000    1.000    1.000    1.000    1.000    1.000    1.000    1.000    1.000    1.000    1.000    1.000    1.000    1.000    1.000    1.000    1.000    
CWS std_que
0.000    0.000    0.000    0.000    0.000    0.000    0.000    0.000    0.000    0.000    0.000    0.000    0.000    0.000    0.000    0.000    0.000    0.000    0.000    0.000    
CWS AP_train
0.876    0.876    0.876    0.876    0.876    0.876    0.876    0.876    0.876    0.876    0.876    0.876    0.876    0.876    0.876    0.876    0.876    0.876    0.876    0.876    
CWS std_AP_train
0.031    0.031    0.031    0.031    0.031    0.031    0.031    0.031    0.031    0.031    0.031    0.031    0.031    0.031    0.031    0.031    0.031    0.031    0.031    0.031    
CWS mAP_train
0.855    0.855    0.855    0.855    0.855    0.855    0.855    0.855    0.855    0.855    0.855    0.855    0.855    0.855    0.855    0.855    0.855    0.855    0.855    0.855    
CWS std_mAP_train
0.043    0.043    0.043    0.043    0.043    0.043    0.043    0.043    0.043    0.043    0.043    0.043    0.043    0.043    0.043    0.043    0.043    0.043    0.043    0.043    
CWS AP_test
0.907    0.907    0.907    0.907    0.907    0.907    0.907    0.907    0.907    0.907    0.907    0.907    0.907    0.907    0.907    0.907    0.907    0.907    0.907    0.907    
CWS std_AP_test
0.013    0.013    0.013    0.013    0.013    0.013    0.013    0.013    0.013    0.013    0.013    0.013    0.013    0.013    0.013    0.013    0.013    0.013    0.013    0.013    
CWS mAP_test
0.884    0.884    0.884    0.884    0.884    0.884    0.884    0.884    0.884    0.884    0.884    0.884    0.884    0.884    0.884    0.884    0.884    0.884    0.884    0.884    
CWS std_mAP_test
0.020    0.020    0.020    0.020    0.020    0.020    0.020    0.020    0.020    0.020    0.020    0.020    0.020    0.020    0.020    0.020    0.020    0.020    0.020    0.020    
CWS time
1.881    1.881    1.881    1.881    1.881    1.881    1.881    1.881    1.881    1.881    1.881    1.881    1.881    1.881    1.881    1.881    1.881    1.881    1.881    1.881    
CWS std_time
0.050    0.050    0.050    0.050    0.050    0.050    0.050    0.050    0.050    0.050    0.050    0.050    0.050    0.050    0.050    0.050    0.050    0.050    0.050    0.050    
CWAS que
0.006    0.010    0.016    0.023    0.036    0.051    0.073    0.106    0.153    0.215    0.298    0.402    0.525    0.647    0.758    0.845    0.906    0.946    0.970    0.984    
CWAS std_que
0.001    0.001    0.001    0.002    0.003    0.004    0.004    0.004    0.008    0.007    0.011    0.009    0.012    0.013    0.011    0.006    0.005    0.004    0.002    0.001    
CWAS AP_train
0.690    0.766    0.789    0.835    0.851    0.856    0.868    0.865    0.873    0.872    0.876    0.874    0.874    0.877    0.876    0.877    0.876    0.875    0.875    0.875    
CWAS std_AP_train
0.083    0.050    0.052    0.037    0.033    0.040    0.038    0.033    0.032    0.039    0.034    0.031    0.033    0.032    0.029    0.032    0.030    0.032    0.032    0.030    
CWAS mAP_train
0.605    0.697    0.733    0.791    0.817    0.824    0.845    0.841    0.855    0.849    0.855    0.852    0.855    0.857    0.855    0.855    0.855    0.855    0.855    0.855    
CWAS std_mAP_train
0.114    0.072    0.070    0.055    0.043    0.056    0.051    0.044    0.043    0.052    0.049    0.044    0.047    0.045    0.043    0.045    0.043    0.044    0.044    0.043    
CWAS AP_test
0.711    0.778    0.821    0.855    0.856    0.879    0.879    0.899    0.903    0.899    0.910    0.900    0.908    0.907    0.909    0.907    0.908    0.908    0.907    0.907    
CWAS std_AP_test
0.106    0.073    0.069    0.039    0.055    0.026    0.033    0.017    0.020    0.025    0.017    0.016    0.015    0.013    0.014    0.013    0.012    0.013    0.013    0.014    
CWAS mAP_test
0.628    0.700    0.759    0.817    0.809    0.844    0.843    0.874    0.879    0.869    0.887    0.872    0.886    0.884    0.886    0.883    0.885    0.885    0.884    0.884    
CWAS std_mAP_test
0.140    0.110    0.101    0.050    0.091    0.041    0.048    0.022    0.026    0.034    0.023    0.023    0.019    0.019    0.020    0.021    0.020    0.021    0.021    0.020    
CWAS time
1.300    1.307    1.316    1.324    1.347    1.377    1.416    1.461    1.544    1.618    1.724    1.792    1.851    1.884    1.887    1.909    1.924    1.918    1.916    1.918    
CWAS std_time
0.014    0.010    0.010    0.007    0.005    0.013    0.011    0.009    0.036    0.063    0.026    0.032    0.034    0.042    0.046    0.045    0.049    0.045    0.050    0.044    
CWAS_Adap que
0.044    0.046    0.050    0.055    0.064    0.076    0.096    0.126    0.171    0.228    0.307    0.409    0.530    0.652    0.759    0.849    0.910    0.948    0.971    0.983    
CWAS_Adap std_que
0.002    0.002    0.002    0.002    0.002    0.004    0.004    0.006    0.006    0.009    0.011    0.010    0.011    0.011    0.008    0.008    0.004    0.003    0.002    0.001    
CWAS_Adap AP_train
0.874    0.871    0.878    0.874    0.873    0.873    0.875    0.878    0.876    0.878    0.878    0.878    0.877    0.877    0.876    0.877    0.875    0.875    0.876    0.877    
CWAS_Adap std_AP_train
0.036    0.038    0.036    0.038    0.032    0.033    0.034    0.034    0.033    0.032    0.031    0.029    0.034    0.031    0.031    0.031    0.031    0.030    0.030    0.030    
CWAS_Adap mAP_train
0.840    0.844    0.851    0.846    0.848    0.848    0.851    0.857    0.857    0.857    0.856    0.856    0.855    0.856    0.856    0.855    0.855    0.855    0.855    0.856    
CWAS_Adap std_mAP_train
0.050    0.053    0.049    0.052    0.045    0.046    0.045    0.048    0.044    0.044    0.044    0.043    0.049    0.044    0.044    0.043    0.044    0.043    0.043    0.042    
CWAS_Adap AP_test
0.893    0.899    0.891    0.890    0.899    0.893    0.898    0.900    0.903    0.905    0.903    0.907    0.909    0.906    0.907    0.906    0.907    0.907    0.907    0.906    
CWAS_Adap std_AP_test
0.022    0.022    0.023    0.023    0.018    0.023    0.023    0.019    0.017    0.019    0.017    0.014    0.016    0.012    0.011    0.012    0.013    0.014    0.013    0.013    
CWAS_Adap mAP_test
0.860    0.869    0.857    0.852    0.868    0.862    0.869    0.873    0.878    0.879    0.878    0.885    0.886    0.885    0.885    0.882    0.885    0.884    0.885    0.884    
CWAS_Adap std_mAP_test
0.031    0.034    0.033    0.036    0.025    0.033    0.034    0.025    0.025    0.026    0.024    0.019    0.024    0.019    0.019    0.020    0.021    0.021    0.021    0.020    
CWAS_Adap time
1.381    1.385    1.398    1.391    1.408    1.431    1.464    1.501    1.578    1.636    1.751    1.799    1.857    1.891    1.882    1.918    1.917    1.923    1.912    1.923    
CWAS_Adap std_time
0.015    0.008    0.014    0.004    0.005    0.013    0.014    0.015    0.033    0.060    0.031    0.034    0.039    0.048    0.043    0.060    0.045    0.041    0.041    0.046    
CWRS que
0.044    0.046    0.049    0.056    0.064    0.076    0.098    0.127    0.170    0.229    0.307    0.410    0.528    0.654    0.759    0.848    0.909    0.947    0.971    0.984    
CWRS std_que
0.002    0.003    0.003    0.001    0.002    0.004    0.004    0.008    0.007    0.011    0.013    0.011    0.012    0.011    0.008    0.008    0.004    0.003    0.003    0.002    
CWRS AP_train
0.811    0.801    0.796    0.799    0.812    0.823    0.840    0.836    0.857    0.858    0.865    0.873    0.874    0.874    0.875    0.877    0.876    0.877    0.877    0.876    
CWRS std_AP_train
0.029    0.040    0.037    0.034    0.044    0.054    0.029    0.038    0.041    0.034    0.033    0.033    0.028    0.032    0.031    0.031    0.030    0.030    0.029    0.032    
CWRS mAP_train
0.763    0.748    0.743    0.746    0.774    0.785    0.800    0.797    0.823    0.829    0.840    0.852    0.852    0.852    0.853    0.856    0.856    0.855    0.856    0.856    
CWRS std_mAP_train
0.043    0.058    0.057    0.044    0.054    0.068    0.035    0.048    0.056    0.046    0.043    0.041    0.040    0.043    0.043    0.042    0.042    0.042    0.042    0.044    
CWRS AP_test
0.839    0.825    0.810    0.820    0.836    0.849    0.858    0.873    0.888    0.888    0.897    0.899    0.902    0.904    0.907    0.907    0.910    0.907    0.909    0.906    
CWRS std_AP_test
0.062    0.067    0.052    0.070    0.058    0.046    0.059    0.039    0.026    0.026    0.020    0.021    0.021    0.013    0.016    0.012    0.013    0.012    0.013    0.013    
CWRS mAP_test
0.796    0.771    0.750    0.767    0.795    0.807    0.812    0.838    0.855    0.854    0.870    0.868    0.876    0.880    0.884    0.886    0.889    0.884    0.886    0.884    
CWRS std_mAP_test
0.080    0.093    0.069    0.085    0.070    0.062    0.078    0.053    0.041    0.042    0.026    0.030    0.032    0.019    0.025    0.017    0.018    0.019    0.020    0.020    
CWRS time
1.336    1.336    1.340    1.334    1.343    1.358    1.371    1.393    1.439    1.488    1.572    1.634    1.709    1.762    1.798    1.866    1.880    1.895    1.902    1.913    
CWRS std_time
0.023    0.008    0.012    0.006    0.005    0.010    0.009    0.009    0.021    0.050    0.023    0.031    0.028    0.033    0.037    0.038    0.043    0.042    0.041    0.044    
AROMA que
1.000    1.000    1.000    1.000    1.000    1.000    1.000    1.000    1.000    1.000    1.000    1.000    1.000    1.000    1.000    1.000    1.000    1.000    1.000    1.000    
AROMA std_que
0.000    0.000    0.000    0.000    0.000    0.000    0.000    0.000    0.000    0.000    0.000    0.000    0.000    0.000    0.000    0.000    0.000    0.000    0.000    0.000    
AROMA AP_train
0.880    0.880    0.880    0.880    0.880    0.880    0.880    0.880    0.880    0.880    0.880    0.880    0.880    0.880    0.880    0.880    0.880    0.880    0.880    0.880    
AROMA std_AP_train
0.032    0.032    0.032    0.032    0.032    0.032    0.032    0.032    0.032    0.032    0.032    0.032    0.032    0.032    0.032    0.032    0.032    0.032    0.032    0.032    
AROMA mAP_train
0.857    0.857    0.857    0.857    0.857    0.857    0.857    0.857    0.857    0.857    0.857    0.857    0.857    0.857    0.857    0.857    0.857    0.857    0.857    0.857    
AROMA std_mAP_train
0.049    0.049    0.049    0.049    0.049    0.049    0.049    0.049    0.049    0.049    0.049    0.049    0.049    0.049    0.049    0.049    0.049    0.049    0.049    0.049    
AROMA AP_test
0.906    0.906    0.906    0.906    0.906    0.906    0.906    0.906    0.906    0.906    0.906    0.906    0.906    0.906    0.906    0.906    0.906    0.906    0.906    0.906    
AROMA std_AP_test
0.012    0.012    0.012    0.012    0.012    0.012    0.012    0.012    0.012    0.012    0.012    0.012    0.012    0.012    0.012    0.012    0.012    0.012    0.012    0.012    
AROMA mAP_test
0.881    0.881    0.881    0.881    0.881    0.881    0.881    0.881    0.881    0.881    0.881    0.881    0.881    0.881    0.881    0.881    0.881    0.881    0.881    0.881    
AROMA std_mAP_test
0.020    0.020    0.020    0.020    0.020    0.020    0.020    0.020    0.020    0.020    0.020    0.020    0.020    0.020    0.020    0.020    0.020    0.020    0.020    0.020    
AROMA time
0.986    0.986    0.986    0.986    0.986    0.986    0.986    0.986    0.986    0.986    0.986    0.986    0.986    0.986    0.986    0.986    0.986    0.986    0.986    0.986    
AROMA std_time
0.050    0.050    0.050    0.050    0.050    0.050    0.050    0.050    0.050    0.050    0.050    0.050    0.050    0.050    0.050    0.050    0.050    0.050    0.050    0.050    
