OASIS que
1.000    1.000    1.000    1.000    1.000    1.000    1.000    1.000    1.000    1.000    1.000    1.000    1.000    1.000    1.000    1.000    1.000    1.000    1.000    1.000    
OASIS std_que
0.000    0.000    0.000    0.000    0.000    0.000    0.000    0.000    0.000    0.000    0.000    0.000    0.000    0.000    0.000    0.000    0.000    0.000    0.000    0.000    
OASIS AP_train
0.610    0.610    0.610    0.610    0.610    0.610    0.610    0.610    0.610    0.610    0.610    0.610    0.610    0.610    0.610    0.610    0.610    0.610    0.610    0.610    
OASIS std_AP_train
0.116    0.116    0.116    0.116    0.116    0.116    0.116    0.116    0.116    0.116    0.116    0.116    0.116    0.116    0.116    0.116    0.116    0.116    0.116    0.116    
OASIS mAP_train
0.506    0.506    0.506    0.506    0.506    0.506    0.506    0.506    0.506    0.506    0.506    0.506    0.506    0.506    0.506    0.506    0.506    0.506    0.506    0.506    
OASIS std_mAP_train
0.137    0.137    0.137    0.137    0.137    0.137    0.137    0.137    0.137    0.137    0.137    0.137    0.137    0.137    0.137    0.137    0.137    0.137    0.137    0.137    
OASIS AP_test
0.542    0.542    0.542    0.542    0.542    0.542    0.542    0.542    0.542    0.542    0.542    0.542    0.542    0.542    0.542    0.542    0.542    0.542    0.542    0.542    
OASIS std_AP_test
0.129    0.129    0.129    0.129    0.129    0.129    0.129    0.129    0.129    0.129    0.129    0.129    0.129    0.129    0.129    0.129    0.129    0.129    0.129    0.129    
OASIS mAP_test
0.446    0.446    0.446    0.446    0.446    0.446    0.446    0.446    0.446    0.446    0.446    0.446    0.446    0.446    0.446    0.446    0.446    0.446    0.446    0.446    
OASIS std_mAP_test
0.125    0.125    0.125    0.125    0.125    0.125    0.125    0.125    0.125    0.125    0.125    0.125    0.125    0.125    0.125    0.125    0.125    0.125    0.125    0.125    
OASIS time
0.001    0.001    0.001    0.001    0.001    0.001    0.001    0.001    0.001    0.001    0.001    0.001    0.001    0.001    0.001    0.001    0.001    0.001    0.001    0.001    
OASIS std_time
0.000    0.000    0.000    0.000    0.000    0.000    0.000    0.000    0.000    0.000    0.000    0.000    0.000    0.000    0.000    0.000    0.000    0.000    0.000    0.000    
PAAS que
0.010    0.018    0.025    0.042    0.053    0.086    0.120    0.166    0.229    0.313    0.412    0.541    0.664    0.757    0.839    0.904    0.944    0.965    0.981    0.993    
PAAS std_que
0.002    0.003    0.004    0.007    0.010    0.010    0.011    0.011    0.010    0.013    0.011    0.010    0.013    0.015    0.008    0.005    0.005    0.003    0.003    0.001    
PAAS AP_train
0.394    0.471    0.447    0.549    0.509    0.553    0.575    0.575    0.595    0.606    0.602    0.600    0.606    0.606    0.609    0.601    0.608    0.607    0.616    0.609    
PAAS std_AP_train
0.133    0.097    0.065    0.123    0.104    0.118    0.113    0.116    0.085    0.094    0.091    0.091    0.101    0.112    0.124    0.107    0.114    0.115    0.120    0.117    
PAAS mAP_train
0.301    0.371    0.344    0.444    0.401    0.466    0.494    0.490    0.494    0.519    0.489    0.491    0.497    0.510    0.507    0.494    0.505    0.505    0.512    0.506    
PAAS std_mAP_train
0.126    0.104    0.071    0.143    0.111    0.128    0.135    0.145    0.107    0.117    0.119    0.102    0.116    0.135    0.142    0.118    0.136    0.134    0.138    0.138    
PAAS AP_test
0.351    0.433    0.393    0.509    0.476    0.489    0.531    0.519    0.559    0.577    0.562    0.550    0.546    0.558    0.560    0.539    0.548    0.554    0.553    0.539    
PAAS std_AP_test
0.130    0.100    0.064    0.130    0.112    0.075    0.107    0.156    0.115    0.132    0.133    0.114    0.102    0.135    0.111    0.111    0.137    0.135    0.130    0.131    
PAAS mAP_test
0.254    0.341    0.320    0.390    0.393    0.370    0.418    0.413    0.437    0.493    0.466    0.447    0.436    0.472    0.461    0.449    0.452    0.461    0.457    0.444    
PAAS std_mAP_test
0.099    0.136    0.117    0.141    0.122    0.081    0.130    0.179    0.126    0.153    0.150    0.113    0.094    0.145    0.112    0.100    0.134    0.140    0.130    0.124    
PAAS time
0.000    0.001    0.000    0.000    0.000    0.000    0.000    0.001    0.000    0.001    0.001    0.001    0.001    0.001    0.001    0.001    0.001    0.001    0.001    0.001    
PAAS std_time
0.000    0.001    0.000    0.000    0.000    0.000    0.000    0.001    0.000    0.000    0.000    0.000    0.001    0.000    0.000    0.000    0.000    0.000    0.000    0.000    
PARS que
0.009    0.015    0.025    0.041    0.056    0.089    0.119    0.169    0.230    0.314    0.415    0.542    0.674    0.753    0.826    0.895    0.939    0.957    0.977    0.993    
PARS std_que
0.003    0.004    0.004    0.007    0.011    0.010    0.011    0.013    0.008    0.013    0.010    0.013    0.012    0.024    0.008    0.006    0.005    0.006    0.005    0.001    
PARS AP_train
0.430    0.456    0.480    0.490    0.538    0.514    0.553    0.561    0.553    0.567    0.555    0.592    0.586    0.595    0.604    0.601    0.608    0.600    0.612    0.607    
PARS std_AP_train
0.121    0.067    0.059    0.091    0.109    0.109    0.109    0.092    0.100    0.098    0.101    0.100    0.093    0.102    0.124    0.115    0.120    0.122    0.119    0.118    
PARS mAP_train
0.300    0.375    0.400    0.372    0.427    0.411    0.461    0.456    0.438    0.456    0.447    0.501    0.481    0.488    0.505    0.498    0.509    0.498    0.509    0.508    
PARS std_mAP_train
0.116    0.088    0.070    0.105    0.115    0.121    0.113    0.109    0.134    0.108    0.123    0.120    0.107    0.121    0.153    0.114    0.140    0.142    0.136    0.135    
PARS AP_test
0.400    0.449    0.436    0.411    0.471    0.467    0.476    0.475    0.489    0.512    0.503    0.550    0.538    0.552    0.565    0.550    0.552    0.544    0.550    0.537    
PARS std_AP_test
0.107    0.070    0.085    0.077    0.078    0.091    0.083    0.101    0.122    0.146    0.157    0.145    0.100    0.137    0.157    0.131    0.138    0.142    0.129    0.122    
PARS mAP_test
0.302    0.388    0.365    0.293    0.349    0.356    0.357    0.352    0.370    0.410    0.397    0.456    0.438    0.461    0.492    0.464    0.460    0.454    0.453    0.444    
PARS std_mAP_test
0.126    0.119    0.128    0.088    0.076    0.079    0.081    0.096    0.153    0.157    0.172    0.158    0.103    0.141    0.168    0.121    0.139    0.150    0.128    0.112    
PARS time
0.000    0.001    0.000    0.001    0.001    0.000    0.001    0.001    0.000    0.001    0.000    0.000    0.001    0.001    0.001    0.001    0.001    0.001    0.001    0.001    
PARS std_time
0.000    0.001    0.000    0.000    0.001    0.000    0.000    0.001    0.000    0.000    0.000    0.000    0.000    0.000    0.000    0.000    0.000    0.000    0.000    0.000    
CWS que
1.000    1.000    1.000    1.000    1.000    1.000    1.000    1.000    1.000    1.000    1.000    1.000    1.000    1.000    1.000    1.000    1.000    1.000    1.000    1.000    
CWS std_que
0.000    0.000    0.000    0.000    0.000    0.000    0.000    0.000    0.000    0.000    0.000    0.000    0.000    0.000    0.000    0.000    0.000    0.000    0.000    0.000    
CWS AP_train
0.656    0.656    0.656    0.656    0.656    0.656    0.656    0.656    0.656    0.656    0.656    0.656    0.656    0.656    0.656    0.656    0.656    0.656    0.656    0.656    
CWS std_AP_train
0.135    0.135    0.135    0.135    0.135    0.135    0.135    0.135    0.135    0.135    0.135    0.135    0.135    0.135    0.135    0.135    0.135    0.135    0.135    0.135    
CWS mAP_train
0.584    0.584    0.584    0.584    0.584    0.584    0.584    0.584    0.584    0.584    0.584    0.584    0.584    0.584    0.584    0.584    0.584    0.584    0.584    0.584    
CWS std_mAP_train
0.178    0.178    0.178    0.178    0.178    0.178    0.178    0.178    0.178    0.178    0.178    0.178    0.178    0.178    0.178    0.178    0.178    0.178    0.178    0.178    
CWS AP_test
0.643    0.643    0.643    0.643    0.643    0.643    0.643    0.643    0.643    0.643    0.643    0.643    0.643    0.643    0.643    0.643    0.643    0.643    0.643    0.643    
CWS std_AP_test
0.199    0.199    0.199    0.199    0.199    0.199    0.199    0.199    0.199    0.199    0.199    0.199    0.199    0.199    0.199    0.199    0.199    0.199    0.199    0.199    
CWS mAP_test
0.574    0.574    0.574    0.574    0.574    0.574    0.574    0.574    0.574    0.574    0.574    0.574    0.574    0.574    0.574    0.574    0.574    0.574    0.574    0.574    
CWS std_mAP_test
0.215    0.215    0.215    0.215    0.215    0.215    0.215    0.215    0.215    0.215    0.215    0.215    0.215    0.215    0.215    0.215    0.215    0.215    0.215    0.215    
CWS time
0.016    0.016    0.016    0.016    0.016    0.016    0.016    0.016    0.016    0.016    0.016    0.016    0.016    0.016    0.016    0.016    0.016    0.016    0.016    0.016    
CWS std_time
0.001    0.001    0.001    0.001    0.001    0.001    0.001    0.001    0.001    0.001    0.001    0.001    0.001    0.001    0.001    0.001    0.001    0.001    0.001    0.001    
CWAS que
0.003    0.003    0.004    0.007    0.010    0.017    0.024    0.043    0.072    0.132    0.227    0.353    0.498    0.629    0.747    0.836    0.901    0.937    0.964    0.985    
CWAS std_que
0.001    0.001    0.001    0.002    0.002    0.005    0.006    0.008    0.010    0.010    0.024    0.028    0.025    0.023    0.016    0.012    0.008    0.004    0.004    0.003    
CWAS AP_train
0.374    0.379    0.384    0.454    0.387    0.444    0.503    0.591    0.580    0.615    0.659    0.660    0.635    0.643    0.655    0.651    0.653    0.662    0.659    0.648    
CWAS std_AP_train
0.078    0.097    0.119    0.109    0.083    0.124    0.108    0.131    0.105    0.128    0.126    0.124    0.114    0.136    0.141    0.127    0.133    0.134    0.136    0.132    
CWAS mAP_train
0.283    0.291    0.292    0.349    0.282    0.373    0.387    0.500    0.476    0.500    0.589    0.595    0.560    0.570    0.582    0.572    0.582    0.594    0.586    0.577    
CWAS std_mAP_train
0.077    0.106    0.122    0.122    0.094    0.118    0.114    0.166    0.137    0.156    0.150    0.144    0.139    0.176    0.182    0.159    0.177    0.174    0.181    0.172    
CWAS AP_test
0.359    0.357    0.345    0.415    0.359    0.423    0.442    0.575    0.512    0.572    0.663    0.656    0.627    0.630    0.649    0.631    0.635    0.640    0.644    0.631    
CWAS std_AP_test
0.072    0.117    0.132    0.118    0.118    0.123    0.094    0.151    0.144    0.172    0.186    0.183    0.186    0.183    0.193    0.182    0.190    0.191    0.193    0.191    
CWAS mAP_test
0.280    0.277    0.251    0.300    0.290    0.360    0.318    0.477    0.425    0.460    0.603    0.595    0.556    0.550    0.571    0.558    0.568    0.568    0.570    0.555    
CWAS std_mAP_test
0.094    0.144    0.121    0.117    0.101    0.123    0.096    0.174    0.139    0.194    0.190    0.198    0.198    0.207    0.217    0.188    0.211    0.217    0.220    0.209    
CWAS time
0.009    0.008    0.009    0.008    0.008    0.009    0.009    0.009    0.009    0.010    0.011    0.012    0.013    0.014    0.015    0.015    0.016    0.016    0.016    0.016    
CWAS std_time
0.000    0.000    0.001    0.000    0.000    0.000    0.000    0.001    0.000    0.000    0.001    0.001    0.000    0.001    0.001    0.001    0.001    0.001    0.000    0.001    
CWAS_Adap que
0.073    0.076    0.078    0.079    0.080    0.089    0.101    0.117    0.159    0.220    0.319    0.442    0.569    0.688    0.793    0.867    0.919    0.949    0.971    0.988    
CWAS_Adap std_que
0.009    0.007    0.007    0.007    0.006    0.006    0.007    0.015    0.013    0.015    0.012    0.019    0.029    0.021    0.014    0.008    0.005    0.004    0.004    0.002    
CWAS_Adap AP_train
0.623    0.612    0.617    0.641    0.638    0.628    0.602    0.624    0.661    0.654    0.668    0.659    0.651    0.647    0.644    0.660    0.652    0.654    0.658    0.654    
CWAS_Adap std_AP_train
0.106    0.129    0.141    0.150    0.105    0.133    0.116    0.128    0.133    0.131    0.131    0.135    0.117    0.136    0.133    0.133    0.133    0.135    0.138    0.141    
CWAS_Adap mAP_train
0.529    0.504    0.528    0.566    0.560    0.540    0.499    0.536    0.590    0.579    0.612    0.594    0.579    0.582    0.562    0.591    0.586    0.578    0.585    0.581    
CWAS_Adap std_mAP_train
0.125    0.163    0.179    0.197    0.129    0.169    0.160    0.151    0.167    0.165    0.160    0.176    0.151    0.178    0.169    0.172    0.172    0.177    0.183    0.183    
CWAS_Adap AP_test
0.608    0.609    0.599    0.633    0.635    0.602    0.562    0.639    0.670    0.631    0.692    0.667    0.623    0.653    0.622    0.635    0.634    0.635    0.640    0.635    
CWAS_Adap std_AP_test
0.151    0.179    0.195    0.192    0.135    0.190    0.134    0.172    0.191    0.170    0.195    0.201    0.164    0.189    0.188    0.189    0.191    0.190    0.197    0.193    
CWAS_Adap mAP_test
0.542    0.513    0.524    0.567    0.569    0.527    0.487    0.572    0.592    0.555    0.652    0.612    0.554    0.582    0.546    0.570    0.570    0.559    0.565    0.560    
CWAS_Adap std_mAP_test
0.167    0.212    0.212    0.213    0.163    0.223    0.145    0.194    0.221    0.193    0.213    0.213    0.177    0.209    0.217    0.207    0.205    0.208    0.222    0.218    
CWAS_Adap time
0.009    0.010    0.009    0.009    0.009    0.009    0.010    0.010    0.010    0.011    0.012    0.013    0.014    0.014    0.015    0.016    0.016    0.016    0.016    0.016    
CWAS_Adap std_time
0.001    0.001    0.000    0.001    0.000    0.000    0.000    0.000    0.000    0.001    0.000    0.001    0.001    0.001    0.001    0.000    0.001    0.001    0.000    0.000    
CWRS que
0.072    0.081    0.082    0.083    0.083    0.092    0.099    0.117    0.161    0.220    0.321    0.445    0.577    0.676    0.782    0.855    0.911    0.936    0.966    0.991    
CWRS std_que
0.010    0.007    0.008    0.007    0.005    0.006    0.009    0.016    0.015    0.013    0.013    0.019    0.034    0.032    0.015    0.010    0.006    0.005    0.007    0.001    
CWRS AP_train
0.574    0.534    0.528    0.526    0.581    0.560    0.598    0.558    0.561    0.619    0.629    0.631    0.624    0.624    0.644    0.645    0.647    0.650    0.654    0.658    
CWRS std_AP_train
0.105    0.100    0.094    0.112    0.123    0.127    0.112    0.110    0.113    0.104    0.128    0.121    0.125    0.115    0.133    0.136    0.128    0.128    0.138    0.137    
CWRS mAP_train
0.454    0.410    0.397    0.388    0.469    0.441    0.504    0.451    0.455    0.527    0.544    0.555    0.548    0.533    0.565    0.571    0.571    0.570    0.584    0.584    
CWRS std_mAP_train
0.146    0.118    0.100    0.132    0.152    0.148    0.119    0.109    0.117    0.126    0.171    0.158    0.157    0.152    0.171    0.173    0.167    0.171    0.179    0.183    
CWRS AP_test
0.491    0.444    0.440    0.441    0.550    0.528    0.523    0.515    0.495    0.622    0.621    0.613    0.616    0.628    0.636    0.630    0.622    0.630    0.636    0.640    
CWRS std_AP_test
0.171    0.109    0.097    0.130    0.140    0.112    0.100    0.145    0.122    0.139    0.184    0.176    0.173    0.178    0.187    0.184    0.185    0.192    0.190    0.194    
CWRS mAP_test
0.396    0.335    0.324    0.340    0.458    0.426    0.416    0.424    0.408    0.553    0.537    0.526    0.533    0.557    0.567    0.554    0.545    0.559    0.564    0.565    
CWRS std_mAP_test
0.211    0.133    0.115    0.151    0.153    0.129    0.110    0.144    0.108    0.162    0.211    0.201    0.189    0.204    0.215    0.197    0.205    0.217    0.210    0.216    
CWRS time
0.009    0.009    0.009    0.009    0.009    0.009    0.009    0.009    0.009    0.010    0.011    0.012    0.012    0.013    0.015    0.015    0.015    0.016    0.016    0.016    
CWRS std_time
0.000    0.000    0.000    0.001    0.000    0.000    0.000    0.001    0.000    0.001    0.001    0.001    0.000    0.001    0.001    0.001    0.001    0.001    0.001    0.000    
AROMA que
1.000    1.000    1.000    1.000    1.000    1.000    1.000    1.000    1.000    1.000    1.000    1.000    1.000    1.000    1.000    1.000    1.000    1.000    1.000    1.000    
AROMA std_que
0.000    0.000    0.000    0.000    0.000    0.000    0.000    0.000    0.000    0.000    0.000    0.000    0.000    0.000    0.000    0.000    0.000    0.000    0.000    0.000    
AROMA AP_train
0.672    0.672    0.672    0.672    0.672    0.672    0.672    0.672    0.672    0.672    0.672    0.672    0.672    0.672    0.672    0.672    0.672    0.672    0.672    0.672    
AROMA std_AP_train
0.122    0.122    0.122    0.122    0.122    0.122    0.122    0.122    0.122    0.122    0.122    0.122    0.122    0.122    0.122    0.122    0.122    0.122    0.122    0.122    
AROMA mAP_train
0.608    0.608    0.608    0.608    0.608    0.608    0.608    0.608    0.608    0.608    0.608    0.608    0.608    0.608    0.608    0.608    0.608    0.608    0.608    0.608    
AROMA std_mAP_train
0.158    0.158    0.158    0.158    0.158    0.158    0.158    0.158    0.158    0.158    0.158    0.158    0.158    0.158    0.158    0.158    0.158    0.158    0.158    0.158    
AROMA AP_test
0.654    0.654    0.654    0.654    0.654    0.654    0.654    0.654    0.654    0.654    0.654    0.654    0.654    0.654    0.654    0.654    0.654    0.654    0.654    0.654    
AROMA std_AP_test
0.170    0.170    0.170    0.170    0.170    0.170    0.170    0.170    0.170    0.170    0.170    0.170    0.170    0.170    0.170    0.170    0.170    0.170    0.170    0.170    
AROMA mAP_test
0.590    0.590    0.590    0.590    0.590    0.590    0.590    0.590    0.590    0.590    0.590    0.590    0.590    0.590    0.590    0.590    0.590    0.590    0.590    0.590    
AROMA std_mAP_test
0.175    0.175    0.175    0.175    0.175    0.175    0.175    0.175    0.175    0.175    0.175    0.175    0.175    0.175    0.175    0.175    0.175    0.175    0.175    0.175    
AROMA time
0.013    0.013    0.013    0.013    0.013    0.013    0.013    0.013    0.013    0.013    0.013    0.013    0.013    0.013    0.013    0.013    0.013    0.013    0.013    0.013    
AROMA std_time
0.001    0.001    0.001    0.001    0.001    0.001    0.001    0.001    0.001    0.001    0.001    0.001    0.001    0.001    0.001    0.001    0.001    0.001    0.001    0.001    
