   OASIS_C  AP_test best_AP_test
     1e-05   0.03225   0.03225
    0.0001   0.03225   0.03225
     0.001   0.03225   0.03225
      0.01   0.03974   0.03974
       0.1   0.05467   0.05467
         1   0.03712   0.05467
        10   0.03654   0.05467
       100   0.03654   0.05467
      1000   0.03654   0.05467
     1e+04   0.03654   0.05467
     1e+05   0.03654   0.05467
******************************************
Best OASIS_C: 	0.1	 AP_test=0.05467
******************************************
  CWS_eta     CWS_r   AP_test best_AP_test
     1e-05     1e-05   0.04215   0.04215
     1e-05    0.0001   0.04215   0.04215
     1e-05     0.001   0.04215   0.04215
