0 query
OASIS algorithm
1 1 1 1 1 
0.258556 0.235194 0.223656 0.206181 0.212081 
0.222295 0.192279 0.194742 0.169906 0.179161 
0.2607 0.21695 0.2183 0.21805 0.207875 
0.210067 0.169391 0.172419 0.167579 0.163272 
0.055706 0.057474 0.055774 0.060279 0.053868 
PAAS algorithm
0.0455621 0.0385602 0.0526627 0.0432939 0.0445759 
0.060175 0.0375 0.0809813 0.03905 0.122831 
0.0460693 0.0375 0.072205 0.0378853 0.104774 
0.05985 0.03745 0.087825 0.039825 0.097275 
0.0432993 0.0251877 0.072714 0.0365309 0.0799737 
0.025314 0.024432 0.023953 0.022542 0.022736 
PARS algorithm
0.0480276 0.0371795 0.056213 0.0406312 0.0449704 
0.07375 0.0450875 0.0473438 0.0515312 0.0399938 
0.0634287 0.0298279 0.0422704 0.0470167 0.0392813 
0.0855 0.0383 0.04705 0.0552 0.048225 
0.0577794 0.0216192 0.0240765 0.0472998 0.0297664 
0.024993 0.022726 0.024807 0.024193 0.020424 
CWS algorithm
1 1 1 1 1 
0.370969 0.384656 0.375288 0.379338 0.388731 
0.325243 0.335035 0.334401 0.333601 0.345994 
0.3645 0.36605 0.3723 0.367575 0.390575 
0.300161 0.302018 0.31999 0.311713 0.331475 
5.40156 5.25118 5.32327 5.26964 5.16111 
CWAS algorithm
0.0167653 0.0142012 0.0198225 0.0201183 0.0168639 
0.037625 0.060475 0.119275 0.0889875 0.0737625 
0.037625 0.0393554 0.0794132 0.0783783 0.0540508 
0.03975 0.066675 0.118575 0.1042 0.0651 
0.03975 0.0342647 0.0797059 0.0860148 0.0353814 
1.9579 1.92448 1.98497 1.97339 1.9118 
CWAS_Adap algorithm
0.103156 0.108777 0.104241 0.107101 0.105917 
0.329419 0.33665 0.340662 0.381631 0.352231 
0.287125 0.28615 0.29466 0.326307 0.309672 
0.33055 0.338125 0.339825 0.3664 0.354125 
0.279128 0.271996 0.285354 0.299168 0.295955 
2.32687 2.32014 2.31126 2.34514 2.28497 
CWRS algorithm
0.104536 0.102367 0.101677 0.106607 0.107495 
0.119562 0.140469 0.175612 0.141481 0.173937 
0.0829127 0.119733 0.1538 0.113439 0.141055 
0.151825 0.1416 0.15875 0.142875 0.1779 
0.0900949 0.0926438 0.135404 0.103969 0.136279 
2.32129 2.31502 2.30559 2.27829 2.11199 
AROMA algorithm
1 1 1 1 1 
0.424 0.443144 0.425406 0.444375 0.423981 
0.375218 0.400152 0.373838 0.398511 0.376217 
0.42425 0.43675 0.40455 0.41845 0.420525 
0.36232 0.375367 0.347708 0.360805 0.358514 
4.08821 4.06154 4.03982 3.91297 3.99596 
1 query
OASIS algorithm
1 1 1 1 1 
0.258556 0.235194 0.223656 0.206181 0.212081 
0.222295 0.192279 0.194742 0.169906 0.179161 
0.2607 0.21695 0.2183 0.21805 0.207875 
0.210067 0.169391 0.172419 0.167579 0.163272 
0.055706 0.057474 0.055774 0.060279 0.053868 
PAAS algorithm
0.0684418 0.0772189 0.0890533 0.0608481 0.0849112 
0.0746813 0.100987 0.128331 0.117412 0.127462 
0.0615006 0.0651296 0.109232 0.0838363 0.0873704 
0.074625 0.098475 0.135325 0.104225 0.1294 
0.0515624 0.0639161 0.0958285 0.0674326 0.0760107 
0.024934 0.027422 0.024063 0.024477 0.024965 
PARS algorithm
0.0687377 0.0809665 0.0885602 0.0591716 0.0859961 
0.03825 0.0456188 0.0453875 0.0431063 0.0654375 
0.03825 0.0412458 0.0347981 0.0333832 0.0509421 
0.049325 0.05015 0.048375 0.0423 0.058025 
0.0455191 0.0390055 0.0314143 0.0220611 0.0480149 
0.024695 0.024141 0.024836 0.023666 0.025675 
CWS algorithm
1 1 1 1 1 
0.370969 0.384656 0.375288 0.379338 0.388731 
0.325243 0.335035 0.334401 0.333601 0.345994 
0.3645 0.36605 0.3723 0.367575 0.390575 
0.300161 0.302018 0.31999 0.311713 0.331475 
5.40156 5.25118 5.32327 5.26964 5.16111 
CWAS algorithm
0.0412229 0.0406312 0.0354043 0.0387574 0.029783 
0.269475 0.257744 0.133875 0.220156 0.160631 
0.22071 0.205179 0.116391 0.172486 0.133512 
0.264475 0.23795 0.12385 0.232475 0.15735 
0.206141 0.176002 0.0975268 0.166494 0.119129 
2.06272 2.07224 2.03669 2.04015 2.014 
CWAS_Adap algorithm
0.103156 0.108185 0.106509 0.105819 0.105325 
0.318325 0.340869 0.343313 0.325837 0.35885 
0.276561 0.294849 0.296502 0.285427 0.315188 
0.3342 0.3286 0.3355 0.305475 0.3525 
0.283128 0.2646 0.282439 0.250756 0.298438 
2.46815 2.36681 2.34157 2.36343 2.305 
CWRS algorithm
0.0990138 0.109467 0.107692 0.105227 0.103748 
0.151156 0.218531 0.154275 0.161744 0.163569 
0.134621 0.193117 0.131755 0.131612 0.135828 
0.1475 0.195425 0.159725 0.15455 0.1777 
0.118716 0.162813 0.136563 0.113181 0.144384 
2.40127 2.33526 2.35055 2.36327 2.32433 
AROMA algorithm
1 1 1 1 1 
0.424 0.443144 0.425406 0.444375 0.423981 
0.375218 0.400152 0.373838 0.398511 0.376217 
0.42425 0.43675 0.40455 0.41845 0.420525 
0.36232 0.375367 0.347708 0.360805 0.358514 
4.08821 4.06154 4.03982 3.91297 3.99596 
2 query
OASIS algorithm
1 1 1 1 1 
0.258556 0.235194 0.223656 0.206181 0.212081 
0.222295 0.192279 0.194742 0.169906 0.179161 
0.2607 0.21695 0.2183 0.21805 0.207875 
0.210067 0.169391 0.172419 0.167579 0.163272 
0.055706 0.057474 0.055774 0.060279 0.053868 
PAAS algorithm
0.12929 0.115089 0.139152 0.146154 0.118047 
0.188169 0.194981 0.180406 0.177325 0.139006 
0.154295 0.163604 0.138564 0.151766 0.119628 
0.185125 0.1822 0.1711 0.185975 0.14775 
0.142171 0.149544 0.122828 0.139094 0.110978 
0.025965 0.026358 0.026854 0.027647 0.029869 
PARS algorithm
0.134714 0.117456 0.136095 0.150888 0.118047 
0.0975938 0.0537375 0.0378125 0.104375 0.0516938 
0.086361 0.051335 0.0378125 0.0811177 0.0458405 
0.0884 0.047075 0.0393 0.111475 0.050975 
0.0800213 0.0374721 0.0390324 0.0779192 0.0371512 
0.025841 0.025094 0.026154 0.027103 0.027141 
CWS algorithm
1 1 1 1 1 
0.370969 0.384656 0.375288 0.379338 0.388731 
0.325243 0.335035 0.334401 0.333601 0.345994 
0.3645 0.36605 0.3723 0.367575 0.390575 
0.300161 0.302018 0.31999 0.311713 0.331475 
5.40156 5.25118 5.32327 5.26964 5.16111 
CWAS algorithm
0.0691321 0.0501972 0.064497 0.0820513 0.0321499 
0.303756 0.158912 0.286856 0.341163 0.0390625 
0.249191 0.120235 0.243158 0.292081 0.0390625 
0.2938 0.1356 0.270625 0.335225 0.034 
0.225987 0.0935502 0.216371 0.278395 0.034 
2.15043 2.10697 2.16505 2.25865 2.03334 
CWAS_Adap algorithm
0.107791 0.105917 0.102465 0.101874 0.10217 
0.361825 0.356544 0.415388 0.372669 0.333912 
0.320329 0.309622 0.372745 0.326022 0.291882 
0.355625 0.34135 0.389075 0.362825 0.3306 
0.306609 0.279956 0.335014 0.302662 0.26633 
2.33953 2.36123 2.34415 2.326 2.32391 
CWRS algorithm
0.104734 0.107495 0.0988166 0.0936884 0.100394 
0.0921687 0.138638 0.15655 0.137456 0.144606 
0.0802434 0.106051 0.140396 0.115506 0.122679 
0.095825 0.142675 0.14185 0.136675 0.151175 
0.0718104 0.0864105 0.11379 0.110696 0.12002 
2.27149 2.30201 2.31435 2.2832 2.3184 
AROMA algorithm
1 1 1 1 1 
0.424 0.443144 0.425406 0.444375 0.423981 
0.375218 0.400152 0.373838 0.398511 0.376217 
0.42425 0.43675 0.40455 0.41845 0.420525 
0.36232 0.375367 0.347708 0.360805 0.358514 
4.08821 4.06154 4.03982 3.91297 3.99596 
3 query
OASIS algorithm
1 1 1 1 1 
0.258556 0.235194 0.223656 0.206181 0.212081 
0.222295 0.192279 0.194742 0.169906 0.179161 
0.2607 0.21695 0.2183 0.21805 0.207875 
0.210067 0.169391 0.172419 0.167579 0.163272 
0.055706 0.057474 0.055774 0.060279 0.053868 
PAAS algorithm
0.202071 0.198817 0.193491 0.199507 0.195365 
0.188956 0.219031 0.194044 0.2128 0.1932 
0.161478 0.160842 0.176069 0.179951 0.161592 
0.19205 0.18895 0.18505 0.2195 0.223725 
0.154604 0.128502 0.152668 0.175159 0.180004 
0.029198 0.031594 0.029919 0.030447 0.03058 
PARS algorithm
0.200789 0.205227 0.182939 0.195562 0.195168 
0.05365 0.0825625 0.0422875 0.109169 0.0890937 
0.0505547 0.0642192 0.0363393 0.0953634 0.0559552 
0.083725 0.069875 0.04425 0.094275 0.086325 
0.0505805 0.0523185 0.0322016 0.0780284 0.0482371 
0.025484 0.030177 0.029668 0.029904 0.031333 
CWS algorithm
1 1 1 1 1 
0.370969 0.384656 0.375288 0.379338 0.388731 
0.325243 0.335035 0.334401 0.333601 0.345994 
0.3645 0.36605 0.3723 0.367575 0.390575 
0.300161 0.302018 0.31999 0.311713 0.331475 
5.40156 5.25118 5.32327 5.26964 5.16111 
CWAS algorithm
0.100789 0.101677 0.106903 0.116075 0.0940828 
0.347106 0.304175 0.332844 0.334919 0.312888 
0.287108 0.251765 0.273628 0.299318 0.269349 
0.339525 0.30275 0.33455 0.324575 0.30015 
0.265632 0.236121 0.272116 0.273865 0.251323 
2.32331 2.3505 2.39107 2.43262 2.33882 
CWAS_Adap algorithm
0.104043 0.111045 0.103846 0.108087 0.104043 
0.352838 0.308494 0.321181 0.336519 0.339794 
0.308685 0.266607 0.277646 0.296908 0.298557 
0.348925 0.3013 0.330975 0.324325 0.3301 
0.294428 0.250177 0.280541 0.269325 0.277916 
2.31774 2.38772 2.37751 2.39898 2.38497 
CWRS algorithm
0.105523 0.117554 0.104931 0.110651 0.10503 
0.118287 0.106431 0.156819 0.238175 0.157225 
0.105585 0.065856 0.124901 0.199125 0.135093 
0.1221 0.09735 0.146975 0.241625 0.166875 
0.105601 0.0489027 0.106028 0.200178 0.138098 
2.27317 2.39748 2.37148 2.40827 2.36838 
AROMA algorithm
1 1 1 1 1 
0.424 0.443144 0.425406 0.444375 0.423981 
0.375218 0.400152 0.373838 0.398511 0.376217 
0.42425 0.43675 0.40455 0.41845 0.420525 
0.36232 0.375367 0.347708 0.360805 0.358514 
4.08821 4.06154 4.03982 3.91297 3.99596 
4 query
OASIS algorithm
1 1 1 1 1 
0.258556 0.235194 0.223656 0.206181 0.212081 
0.222295 0.192279 0.194742 0.169906 0.179161 
0.2607 0.21695 0.2183 0.21805 0.207875 
0.210067 0.169391 0.172419 0.167579 0.163272 
0.055706 0.057474 0.055774 0.060279 0.053868 
PAAS algorithm
0.288462 0.255819 0.258679 0.236884 0.279389 
0.3136 0.260794 0.243681 0.218775 0.278669 
0.275601 0.23391 0.212251 0.182856 0.239034 
0.30655 0.237575 0.232225 0.21735 0.257625 
0.258274 0.189808 0.194515 0.17604 0.200243 
0.038819 0.040173 0.040314 0.037921 0.054878 
PARS algorithm
0.282939 0.265089 0.261341 0.241124 0.280079 
0.135306 0.0885125 0.0859063 0.106587 0.094875 
0.120347 0.0613468 0.0735316 0.0894808 0.0801278 
0.136525 0.08385 0.07525 0.1134 0.104475 
0.105724 0.0472671 0.0658124 0.0896457 0.0838341 
0.033938 0.034759 0.034104 0.040305 0.036087 
CWS algorithm
1 1 1 1 1 
0.370969 0.384656 0.375288 0.379338 0.388731 
0.325243 0.335035 0.334401 0.333601 0.345994 
0.3645 0.36605 0.3723 0.367575 0.390575 
0.300161 0.302018 0.31999 0.311713 0.331475 
5.40156 5.25118 5.32327 5.26964 5.16111 
CWAS algorithm
0.164103 0.159566 0.130178 0.166174 0.158777 
0.37655 0.405838 0.314025 0.343056 0.329463 
0.323542 0.359027 0.269327 0.305273 0.289095 
0.366175 0.38475 0.302225 0.332325 0.330725 
0.301744 0.322978 0.251488 0.278044 0.279619 
2.65671 2.7344 2.53239 2.90201 2.73185 
CWAS_Adap algorithm
0.109467 0.107791 0.10858 0.111144 0.109073 
0.355213 0.320681 0.363938 0.3748 0.348894 
0.310327 0.278848 0.315568 0.327959 0.303086 
0.355875 0.313175 0.35325 0.35685 0.359 
0.301389 0.258418 0.297188 0.295634 0.292195 
2.62597 2.40174 2.41226 2.44144 2.39028 
CWRS algorithm
0.110552 0.112919 0.109467 0.10858 0.109172 
0.151506 0.159556 0.172325 0.161856 0.156219 
0.13328 0.122425 0.143749 0.132866 0.127518 
0.137625 0.16025 0.1603 0.159475 0.17025 
0.110132 0.120932 0.121139 0.118865 0.123954 
2.46 2.42858 2.43569 2.43619 2.40194 
AROMA algorithm
1 1 1 1 1 
0.424 0.443144 0.425406 0.444375 0.423981 
0.375218 0.400152 0.373838 0.398511 0.376217 
0.42425 0.43675 0.40455 0.41845 0.420525 
0.36232 0.375367 0.347708 0.360805 0.358514 
4.08821 4.06154 4.03982 3.91297 3.99596 
5 query
OASIS algorithm
1 1 1 1 1 
0.258556 0.235194 0.223656 0.206181 0.212081 
0.222295 0.192279 0.194742 0.169906 0.179161 
0.2607 0.21695 0.2183 0.21805 0.207875 
0.210067 0.169391 0.172419 0.167579 0.163272 
0.055706 0.057474 0.055774 0.060279 0.053868 
PAAS algorithm
0.383235 0.38787 0.378008 0.371006 0.339645 
0.202537 0.263081 0.241719 0.192812 0.178906 
0.148735 0.213711 0.195046 0.155508 0.137793 
0.1937 0.237175 0.2415 0.194275 0.174475 
0.138974 0.184149 0.191873 0.145857 0.135636 
0.040957 0.048033 0.051323 0.046456 0.037201 
PARS algorithm
0.385799 0.378994 0.379586 0.368343 0.342406 
0.0838063 0.165925 0.135856 0.057375 0.104256 
0.0664648 0.14347 0.113458 0.0510259 0.0951525 
0.117225 0.1477 0.13055 0.056475 0.096725 
0.0832105 0.110623 0.103696 0.0472819 0.0790625 
0.037445 0.036498 0.036492 0.036599 0.036502 
CWS algorithm
1 1 1 1 1 
0.370969 0.384656 0.375288 0.379338 0.388731 
0.325243 0.335035 0.334401 0.333601 0.345994 
0.3645 0.36605 0.3723 0.367575 0.390575 
0.300161 0.302018 0.31999 0.311713 0.331475 
5.40156 5.25118 5.32327 5.26964 5.16111 
CWAS algorithm
0.22998 0.222682 0.213412 0.22002 0.226134 
0.345375 0.389894 0.385975 0.36115 0.333569 
0.303249 0.337632 0.335169 0.315579 0.291216 
0.3398 0.37335 0.372075 0.340425 0.338775 
0.284807 0.30734 0.312891 0.280413 0.28523 
2.93299 2.89788 2.85817 2.9009 2.92154 
CWAS_Adap algorithm
0.107101 0.109763 0.113116 0.11213 0.110059 
0.382394 0.350681 0.3704 0.347244 0.354419 
0.331793 0.30656 0.32303 0.301121 0.312498 
0.3803 0.341625 0.35055 0.346875 0.353125 
0.312638 0.281282 0.294551 0.285757 0.298333 
2.40334 2.41595 2.42572 2.42888 2.41506 
CWRS algorithm
0.110256 0.109369 0.109665 0.111243 0.117949 
0.139812 0.100737 0.120675 0.1861 0.177681 
0.123164 0.0850258 0.100838 0.140442 0.154652 
0.132725 0.1105 0.1178 0.196725 0.1922 
0.113497 0.0803454 0.0913116 0.138583 0.146012 
2.39861 2.39015 2.39491 2.40494 2.43802 
AROMA algorithm
1 1 1 1 1 
0.424 0.443144 0.425406 0.444375 0.423981 
0.375218 0.400152 0.373838 0.398511 0.376217 
0.42425 0.43675 0.40455 0.41845 0.420525 
0.36232 0.375367 0.347708 0.360805 0.358514 
4.08821 4.06154 4.03982 3.91297 3.99596 
6 query
OASIS algorithm
1 1 1 1 1 
0.258556 0.235194 0.223656 0.206181 0.212081 
0.222295 0.192279 0.194742 0.169906 0.179161 
0.2607 0.21695 0.2183 0.21805 0.207875 
0.210067 0.169391 0.172419 0.167579 0.163272 
0.055706 0.057474 0.055774 0.060279 0.053868 
PAAS algorithm
0.465089 0.465089 0.474162 0.462032 0.452959 
0.275369 0.26745 0.265737 0.250794 0.292 
0.240168 0.2245 0.231978 0.204201 0.24699 
0.27515 0.2477 0.256125 0.23465 0.29045 
0.227133 0.192102 0.208137 0.180221 0.242295 
0.040445 0.039956 0.040269 0.040076 0.04113 
PARS algorithm
0.464596 0.46499 0.478402 0.46785 0.459665 
0.0656438 0.145737 0.0836875 0.093175 0.125544 
0.0599347 0.11509 0.0726289 0.0790702 0.0816171 
0.096225 0.123875 0.087875 0.10215 0.11355 
0.0778254 0.0753212 0.0747461 0.076202 0.0739053 
0.039692 0.040094 0.040252 0.039932 0.039222 
CWS algorithm
1 1 1 1 1 
0.370969 0.384656 0.375288 0.379338 0.388731 
0.325243 0.335035 0.334401 0.333601 0.345994 
0.3645 0.36605 0.3723 0.367575 0.390575 
0.300161 0.302018 0.31999 0.311713 0.331475 
5.40156 5.25118 5.32327 5.26964 5.16111 
CWAS algorithm
0.294872 0.293294 0.308974 0.300493 0.273274 
0.398194 0.400175 0.387506 0.374663 0.346881 
0.348256 0.356019 0.338345 0.332378 0.303471 
0.389725 0.3982 0.374275 0.347625 0.3531 
0.326248 0.335967 0.321163 0.294728 0.29867 
3.21531 3.20929 3.27569 3.2391 3.12467 
CWAS_Adap algorithm
0.121105 0.120316 0.114694 0.113609 0.113018 
0.37525 0.3814 0.3766 0.346363 0.397213 
0.333502 0.344537 0.33428 0.300422 0.35401 
0.369525 0.371175 0.36825 0.3352 0.39105 
0.313972 0.325093 0.313532 0.278232 0.332717 
2.4657 2.46148 2.43701 2.43201 2.42523 
CWRS algorithm
0.12712 0.118738 0.119231 0.108383 0.108974 
0.22975 0.17745 0.217862 0.124712 0.144944 
0.189226 0.149202 0.174416 0.0906501 0.0949492 
0.21645 0.1636 0.217625 0.1243 0.14045 
0.171529 0.129877 0.163505 0.0860354 0.078043 
2.48343 2.44576 2.43979 2.3947 2.405 
AROMA algorithm
1 1 1 1 1 
0.424 0.443144 0.425406 0.444375 0.423981 
0.375218 0.400152 0.373838 0.398511 0.376217 
0.42425 0.43675 0.40455 0.41845 0.420525 
0.36232 0.375367 0.347708 0.360805 0.358514 
4.08821 4.06154 4.03982 3.91297 3.99596 
7 query
OASIS algorithm
1 1 1 1 1 
0.258556 0.235194 0.223656 0.206181 0.212081 
0.222295 0.192279 0.194742 0.169906 0.179161 
0.2607 0.21695 0.2183 0.21805 0.207875 
0.210067 0.169391 0.172419 0.167579 0.163272 
0.055706 0.057474 0.055774 0.060279 0.053868 
PAAS algorithm
0.571992 0.573077 0.572387 0.553748 0.564694 
0.237387 0.258625 0.235894 0.208069 0.233712 
0.197155 0.226265 0.187257 0.170925 0.199103 
0.2105 0.255625 0.2389 0.2282 0.252025 
0.1648 0.203117 0.191596 0.170879 0.200087 
0.045101 0.044017 0.046533 0.044139 0.044033 
PARS algorithm
0.569428 0.56716 0.567258 0.550592 0.564497 
0.138569 0.1911 0.115287 0.127056 0.143306 
0.112158 0.151324 0.104058 0.109238 0.12393 
0.145375 0.18355 0.1022 0.136325 0.1224 
0.108228 0.14024 0.090568 0.108783 0.101177 
0.044411 0.043195 0.042865 0.042547 0.042908 
CWS algorithm
1 1 1 1 1 
0.370969 0.384656 0.375288 0.379338 0.388731 
0.325243 0.335035 0.334401 0.333601 0.345994 
0.3645 0.36605 0.3723 0.367575 0.390575 
0.300161 0.302018 0.31999 0.311713 0.331475 
5.40156 5.25118 5.32327 5.26964 5.16111 
CWAS algorithm
0.393097 0.398323 0.388462 0.387475 0.392012 
0.393338 0.407719 0.371375 0.422938 0.376681 
0.346101 0.361367 0.325223 0.372054 0.331461 
0.394175 0.394975 0.367025 0.40015 0.383225 
0.328927 0.334841 0.313453 0.337592 0.326873 
3.62794 3.64544 3.60295 3.60338 3.6291 
CWAS_Adap algorithm
0.133235 0.12288 0.127613 0.121598 0.12643 
0.342938 0.372225 0.370013 0.349706 0.372225 
0.296074 0.317095 0.326112 0.304361 0.327531 
0.3388 0.377175 0.34865 0.335775 0.37085 
0.279988 0.305386 0.299393 0.281964 0.312923 
2.50534 2.46354 2.49059 2.46944 2.48445 
CWRS algorithm
0.140434 0.122485 0.132544 0.118442 0.122091 
0.209981 0.187819 0.190094 0.227519 0.221087 
0.16902 0.152845 0.152311 0.199317 0.197964 
0.21555 0.163675 0.1761 0.2097 0.217975 
0.159256 0.117894 0.134847 0.174273 0.177601 
2.55023 2.4516 2.51143 2.43735 2.44926 
AROMA algorithm
1 1 1 1 1 
0.424 0.443144 0.425406 0.444375 0.423981 
0.375218 0.400152 0.373838 0.398511 0.376217 
0.42425 0.43675 0.40455 0.41845 0.420525 
0.36232 0.375367 0.347708 0.360805 0.358514 
4.08821 4.06154 4.03982 3.91297 3.99596 
8 query
OASIS algorithm
1 1 1 1 1 
0.258556 0.235194 0.223656 0.206181 0.212081 
0.222295 0.192279 0.194742 0.169906 0.179161 
0.2607 0.21695 0.2183 0.21805 0.207875 
0.210067 0.169391 0.172419 0.167579 0.163272 
0.055706 0.057474 0.055774 0.060279 0.053868 
PAAS algorithm
0.666174 0.671598 0.667653 0.670809 0.667751 
0.276969 0.223681 0.259812 0.239212 0.196281 
0.235307 0.17971 0.221348 0.199624 0.158814 
0.2573 0.203225 0.257825 0.23695 0.210125 
0.202202 0.156362 0.20839 0.185122 0.15852 
0.049571 0.048572 0.046641 0.046794 0.047747 
PARS algorithm
0.67288 0.671203 0.668639 0.676627 0.668245 
0.169037 0.182869 0.191 0.137987 0.157456 
0.147604 0.14692 0.167569 0.100723 0.135355 
0.1876 0.194225 0.184725 0.13575 0.14965 
0.147115 0.145598 0.136404 0.0967634 0.117943 
0.048255 0.046443 0.046296 0.046576 0.046781 
CWS algorithm
1 1 1 1 1 
0.370969 0.384656 0.375288 0.379338 0.388731 
0.325243 0.335035 0.334401 0.333601 0.345994 
0.3645 0.36605 0.3723 0.367575 0.390575 
0.300161 0.302018 0.31999 0.311713 0.331475 
5.40156 5.25118 5.32327 5.26964 5.16111 
CWAS algorithm
0.493688 0.480079 0.484714 0.491321 0.501874 
0.396731 0.39125 0.382306 0.38975 0.366119 
0.349953 0.341311 0.340016 0.346355 0.322145 
0.37975 0.37135 0.375425 0.36625 0.37175 
0.318077 0.304944 0.319008 0.312289 0.316851 
4.03182 3.95777 3.97023 4.00379 4.0535 
CWAS_Adap algorithm
0.156903 0.151874 0.159566 0.150592 0.15286 
0.362194 0.421044 0.367294 0.357262 0.350356 
0.320933 0.372039 0.322969 0.317924 0.307592 
0.367625 0.410275 0.35175 0.33785 0.350225 
0.312402 0.346945 0.300432 0.288067 0.293613 
2.63175 2.66345 2.6275 2.59108 2.59756 
CWRS algorithm
0.156706 0.152564 0.159172 0.153649 0.149408 
0.234006 0.167906 0.154812 0.163644 0.216256 
0.201505 0.128466 0.125659 0.132032 0.197458 
0.24415 0.1715 0.15905 0.161375 0.2179 
0.194128 0.130719 0.123564 0.124481 0.182813 
2.5934 2.58025 2.59959 2.57233 2.5647 
AROMA algorithm
1 1 1 1 1 
0.424 0.443144 0.425406 0.444375 0.423981 
0.375218 0.400152 0.373838 0.398511 0.376217 
0.42425 0.43675 0.40455 0.41845 0.420525 
0.36232 0.375367 0.347708 0.360805 0.358514 
4.08821 4.06154 4.03982 3.91297 3.99596 
9 query
OASIS algorithm
1 1 1 1 1 
0.258556 0.235194 0.223656 0.206181 0.212081 
0.222295 0.192279 0.194742 0.169906 0.179161 
0.2607 0.21695 0.2183 0.21805 0.207875 
0.210067 0.169391 0.172419 0.167579 0.163272 
0.055706 0.057474 0.055774 0.060279 0.053868 
PAAS algorithm
0.762623 0.752071 0.752761 0.750986 0.749408 
0.245512 0.27685 0.243775 0.207544 0.226475 
0.203348 0.237465 0.202902 0.158203 0.198587 
0.239125 0.258425 0.239025 0.21705 0.21145 
0.181394 0.20604 0.191195 0.161242 0.176491 
0.050243 0.051059 0.050367 0.049968 0.053339 
PARS algorithm
0.769329 0.749507 0.753846 0.748126 0.751775 
0.209012 0.186894 0.211 0.167087 0.193469 
0.18171 0.149965 0.173399 0.132136 0.159567 
0.214875 0.1811 0.1959 0.193775 0.189 
0.169042 0.130318 0.150912 0.142782 0.139557 
0.049574 0.048673 0.050453 0.050445 0.049612 
CWS algorithm
1 1 1 1 1 
0.370969 0.384656 0.375288 0.379338 0.388731 
0.325243 0.335035 0.334401 0.333601 0.345994 
0.3645 0.36605 0.3723 0.367575 0.390575 
0.300161 0.302018 0.31999 0.311713 0.331475 
5.40156 5.25118 5.32327 5.26964 5.16111 
CWAS algorithm
0.605819 0.599606 0.600888 0.587574 0.611637 
0.395081 0.406188 0.361344 0.383756 0.388388 
0.350985 0.357717 0.319003 0.339483 0.34179 
0.395525 0.40085 0.3642 0.364225 0.383575 
0.335658 0.334223 0.306175 0.312331 0.326646 
4.4277 4.407 4.38926 4.33915 4.45809 
CWAS_Adap algorithm
0.199112 0.189842 0.193787 0.189645 0.194872 
0.354381 0.382131 0.386675 0.37345 0.369481 
0.305846 0.330061 0.340753 0.330466 0.324539 
0.361425 0.35845 0.368125 0.35565 0.372225 
0.305664 0.294291 0.316027 0.301848 0.312969 
2.80668 2.75806 2.78288 2.75926 2.79414 
CWRS algorithm
0.199112 0.186193 0.19428 0.198619 0.197929 
0.271419 0.199612 0.309 0.302556 0.191625 
0.24722 0.164513 0.277323 0.259312 0.167234 
0.273975 0.189825 0.28095 0.29865 0.18025 
0.242093 0.146639 0.233261 0.246279 0.147218 
2.77057 2.70674 2.73731 2.76782 2.77776 
AROMA algorithm
1 1 1 1 1 
0.424 0.443144 0.425406 0.444375 0.423981 
0.375218 0.400152 0.373838 0.398511 0.376217 
0.42425 0.43675 0.40455 0.41845 0.420525 
0.36232 0.375367 0.347708 0.360805 0.358514 
4.08821 4.06154 4.03982 3.91297 3.99596 
