0 query
OASIS algorithm
1 1 1 1 1 
0.86391 0.766165 0.787218 0.816541 0.797744 
0.82036 0.696292 0.735691 0.774824 0.752901 
0.789752 0.745652 0.82764 0.819255 0.752484 
0.734146 0.671899 0.798298 0.775143 0.663495 
0.024 0.024 0.024 0.024 0.024 
PAAS algorithm
0.00688 0.008 0.00692 0.00716 0.00828 
0.618797 0.52406 0.664662 0.573684 0.553383 
0.507851 0.453768 0.592608 0.51499 0.480283 
0.604037 0.568012 0.699068 0.576398 0.53882 
0.519157 0.518663 0.636515 0.517654 0.473342 
0.013 0.014 0.014 0.014 0.014 
PARS algorithm
0.0072 0.00804 0.00692 0.00656 0.00736 
0.482707 0.472932 0.561654 0.549624 0.528571 
0.399582 0.359512 0.529359 0.472208 0.408409 
0.473292 0.503106 0.566149 0.564907 0.518944 
0.393276 0.439974 0.514287 0.505371 0.418013 
0.014 0.014 0.014 0.014 0.013 
CWS-d algorithm
1 1 1 1 1 
0.893233 0.790977 0.763158 0.807519 0.793985 
0.860117 0.734296 0.705832 0.755998 0.732268 
0.817702 0.752795 0.77764 0.737267 0.770186 
0.754071 0.686586 0.722439 0.665149 0.693615 
0.035 0.036 0.035 0.036 0.035 
CWAS-d algorithm
0.00012 8e-05 8e-05 8e-05 4e-05 
0.142857 0.142857 0.143609 0.142857 0.142857 
0.117681 0.142857 0.143108 0.0619242 0.0799263 
0.142857 0.143478 0.146584 0.142857 0.142857 
0.122205 0.142978 0.145932 0.0789601 0.0735569 
0.034 0.034 0.034 0.034 0.034 
CWAS_Adap-d algorithm
0.00092 0.00088 0.00124 0.00128 0.00092 
0.293233 0.297744 0.148872 0.301504 0.286466 
0.227524 0.265892 0.147984 0.300053 0.285808 
0.285714 0.285714 0.142857 0.286335 0.286335 
0.232804 0.268297 0.142857 0.28581 0.286025 
0.035 0.034 0.035 0.034 0.034 
CWRS-d algorithm
0.00104 0.00096 0.00124 0.00132 0.00068 
0.186466 0.35188 0.390226 0.327068 0.289474 
0.0974916 0.288408 0.272494 0.249464 0.286361 
0.159627 0.367081 0.402484 0.348758 0.287267 
0.101717 0.328731 0.294037 0.252477 0.286377 
0.034 0.034 0.034 0.035 0.034 
AROMA-d algorithm
1 1 1 1 1 
0.891729 0.799248 0.825564 0.828571 0.817293 
0.857123 0.734285 0.770175 0.775377 0.765278 
0.795342 0.786335 0.797516 0.751553 0.791304 
0.716117 0.699597 0.721471 0.673376 0.720393 
0.02 0.022 0.023 0.023 0.023 
1 query
OASIS algorithm
1 1 1 1 1 
0.86391 0.766165 0.787218 0.816541 0.797744 
0.82036 0.696292 0.735691 0.774824 0.752901 
0.789752 0.745652 0.82764 0.819255 0.752484 
0.734146 0.671899 0.798298 0.775143 0.663495 
0.024 0.024 0.024 0.024 0.024 
PAAS algorithm
0.01148 0.01124 0.01192 0.01172 0.00992 
0.630827 0.641353 0.56391 0.509774 0.597744 
0.499504 0.571358 0.488941 0.421966 0.533149 
0.534161 0.684161 0.567391 0.556522 0.60559 
0.422185 0.599717 0.44854 0.486398 0.548837 
0.013 0.014 0.014 0.013 0.013 
PARS algorithm
0.0118 0.01168 0.01236 0.01212 0.00936 
0.509774 0.615038 0.569925 0.500752 0.593985 
0.354661 0.509117 0.506622 0.409743 0.522781 
0.445652 0.632609 0.573913 0.534472 0.571429 
0.315359 0.563226 0.55247 0.430901 0.504203 
0.014 0.014 0.014 0.014 0.013 
CWS-d algorithm
1 1 1 1 1 
0.893233 0.790977 0.763158 0.807519 0.793985 
0.860117 0.734296 0.705832 0.755998 0.732268 
0.817702 0.752795 0.77764 0.737267 0.770186 
0.754071 0.686586 0.722439 0.665149 0.693615 
0.035 0.036 0.035 0.036 0.035 
CWAS-d algorithm
8e-05 4e-05 8e-05 8e-05 0.00012 
0.143609 0.142857 0.27594 0.142857 0.203759 
0.142932 0.142857 0.274843 0.0619242 0.108319 
0.143478 0.143478 0.275776 0.142857 0.176087 
0.143219 0.142978 0.275262 0.0789601 0.110909 
0.034 0.034 0.034 0.034 0.034 
CWAS_Adap-d algorithm
0.00088 0.00084 0.0012 0.00128 0.00092 
0.293233 0.297744 0.148872 0.301504 0.286466 
0.227524 0.265892 0.147984 0.300053 0.285808 
0.285714 0.285714 0.142857 0.286335 0.286335 
0.232804 0.268297 0.142857 0.28581 0.286025 
0.034 0.034 0.034 0.034 0.034 
CWRS-d algorithm
0.00108 0.00104 0.00128 0.001 0.00072 
0.294737 0.357895 0.364662 0.454887 0.277444 
0.286669 0.27954 0.30153 0.363864 0.209923 
0.289752 0.375776 0.362733 0.501863 0.250621 
0.286102 0.270211 0.316047 0.427644 0.187922 
0.034 0.034 0.034 0.034 0.035 
AROMA-d algorithm
1 1 1 1 1 
0.891729 0.799248 0.825564 0.828571 0.817293 
0.857123 0.734285 0.770175 0.775377 0.765278 
0.795342 0.786335 0.797516 0.751553 0.791304 
0.716117 0.699597 0.721471 0.673376 0.720393 
0.02 0.022 0.023 0.023 0.023 
