OASIS que
1.000    1.000    1.000    1.000    1.000    1.000    1.000    1.000    1.000    1.000    1.000    1.000    1.000    1.000    1.000    1.000    1.000    1.000    1.000    1.000    
OASIS std_que
0.000    0.000    0.000    0.000    0.000    0.000    0.000    0.000    0.000    0.000    0.000    0.000    0.000    0.000    0.000    0.000    0.000    0.000    0.000    0.000    
OASIS AP_train
0.406    0.406    0.406    0.406    0.406    0.406    0.406    0.406    0.406    0.406    0.406    0.406    0.406    0.406    0.406    0.406    0.406    0.406    0.406    0.406    
OASIS std_AP_train
0.029    0.029    0.029    0.029    0.029    0.029    0.029    0.029    0.029    0.029    0.029    0.029    0.029    0.029    0.029    0.029    0.029    0.029    0.029    0.029    
OASIS mAP_train
0.319    0.319    0.319    0.319    0.319    0.319    0.319    0.319    0.319    0.319    0.319    0.319    0.319    0.319    0.319    0.319    0.319    0.319    0.319    0.319    
OASIS std_mAP_train
0.057    0.057    0.057    0.057    0.057    0.057    0.057    0.057    0.057    0.057    0.057    0.057    0.057    0.057    0.057    0.057    0.057    0.057    0.057    0.057    
OASIS AP_test
0.431    0.431    0.431    0.431    0.431    0.431    0.431    0.431    0.431    0.431    0.431    0.431    0.431    0.431    0.431    0.431    0.431    0.431    0.431    0.431    
OASIS std_AP_test
0.053    0.053    0.053    0.053    0.053    0.053    0.053    0.053    0.053    0.053    0.053    0.053    0.053    0.053    0.053    0.053    0.053    0.053    0.053    0.053    
OASIS mAP_test
0.351    0.351    0.351    0.351    0.351    0.351    0.351    0.351    0.351    0.351    0.351    0.351    0.351    0.351    0.351    0.351    0.351    0.351    0.351    0.351    
OASIS std_mAP_test
0.087    0.087    0.087    0.087    0.087    0.087    0.087    0.087    0.087    0.087    0.087    0.087    0.087    0.087    0.087    0.087    0.087    0.087    0.087    0.087    
OASIS time
0.003    0.003    0.003    0.003    0.003    0.003    0.003    0.003    0.003    0.003    0.003    0.003    0.003    0.003    0.003    0.003    0.003    0.003    0.003    0.003    
OASIS std_time
0.002    0.002    0.002    0.002    0.002    0.002    0.002    0.002    0.002    0.002    0.002    0.002    0.002    0.002    0.002    0.002    0.002    0.002    0.002    0.002    
PAAS que
0.005    0.007    0.011    0.014    0.025    0.041    0.064    0.089    0.136    0.197    0.285    0.410    0.550    0.676    0.784    0.857    0.916    0.953    0.974    0.986    
PAAS std_que
0.001    0.000    0.001    0.002    0.003    0.002    0.005    0.003    0.006    0.006    0.011    0.007    0.010    0.006    0.007    0.004    0.002    0.001    0.002    0.001    
PAAS AP_train
0.239    0.255    0.276    0.266    0.300    0.352    0.362    0.352    0.380    0.364    0.369    0.369    0.409    0.393    0.405    0.403    0.408    0.404    0.411    0.408    
PAAS std_AP_train
0.047    0.052    0.051    0.048    0.056    0.046    0.048    0.046    0.021    0.071    0.074    0.035    0.043    0.026    0.047    0.047    0.029    0.027    0.025    0.027    
PAAS mAP_train
0.149    0.196    0.201    0.195    0.241    0.242    0.269    0.265    0.284    0.277    0.267    0.264    0.303    0.286    0.294    0.328    0.332    0.317    0.321    0.320    
PAAS std_mAP_train
0.049    0.036    0.052    0.056    0.037    0.042    0.074    0.060    0.041    0.063    0.071    0.048    0.034    0.027    0.054    0.069    0.047    0.050    0.052    0.052    
PAAS AP_test
0.236    0.254    0.293    0.255    0.331    0.331    0.338    0.328    0.393    0.375    0.387    0.374    0.399    0.388    0.415    0.442    0.427    0.422    0.432    0.429    
PAAS std_AP_test
0.074    0.075    0.045    0.035    0.048    0.068    0.090    0.029    0.054    0.083    0.058    0.066    0.086    0.072    0.100    0.069    0.044    0.046    0.049    0.048    
PAAS mAP_test
0.167    0.214    0.245    0.222    0.277    0.249    0.278    0.264    0.309    0.290    0.308    0.299    0.309    0.307    0.328    0.376    0.359    0.342    0.349    0.347    
PAAS std_mAP_test
0.073    0.078    0.049    0.042    0.061    0.060    0.109    0.042    0.050    0.088    0.065    0.071    0.096    0.075    0.110    0.089    0.073    0.080    0.084    0.085    
PAAS time
0.001    0.001    0.001    0.000    0.001    0.001    0.001    0.001    0.001    0.001    0.001    0.001    0.001    0.001    0.001    0.001    0.001    0.001    0.001    0.001    
PAAS std_time
0.001    0.000    0.000    0.000    0.000    0.000    0.000    0.000    0.000    0.000    0.000    0.000    0.000    0.000    0.000    0.000    0.000    0.000    0.000    0.000    
PARS que
0.005    0.006    0.009    0.011    0.023    0.042    0.066    0.089    0.138    0.196    0.280    0.414    0.553    0.688    0.789    0.854    0.915    0.949    0.973    0.986    
PARS std_que
0.001    0.000    0.001    0.001    0.004    0.003    0.005    0.003    0.006    0.005    0.010    0.009    0.009    0.006    0.012    0.005    0.002    0.001    0.002    0.002    
PARS AP_train
0.183    0.199    0.202    0.206    0.252    0.270    0.318    0.302    0.309    0.326    0.324    0.351    0.373    0.359    0.378    0.398    0.395    0.400    0.406    0.407    
PARS std_AP_train
0.047    0.053    0.041    0.038    0.055    0.051    0.071    0.049    0.069    0.070    0.071    0.022    0.030    0.050    0.056    0.028    0.032    0.034    0.019    0.027    
PARS mAP_train
0.131    0.146    0.136    0.133    0.180    0.191    0.231    0.220    0.247    0.242    0.234    0.240    0.263    0.247    0.256    0.314    0.308    0.309    0.319    0.316    
PARS std_mAP_train
0.048    0.055    0.035    0.042    0.053    0.050    0.067    0.046    0.049    0.054    0.075    0.038    0.059    0.077    0.071    0.063    0.066    0.065    0.047    0.052    
PARS AP_test
0.178    0.178    0.183    0.184    0.248    0.241    0.295    0.301    0.356    0.316    0.291    0.349    0.354    0.328    0.353    0.397    0.396    0.415    0.430    0.429    
PARS std_AP_test
0.028    0.062    0.053    0.021    0.048    0.071    0.069    0.026    0.068    0.088    0.046    0.071    0.071    0.092    0.072    0.069    0.072    0.061    0.044    0.047    
PARS mAP_test
0.140    0.157    0.145    0.140    0.198    0.187    0.227    0.241    0.287    0.256    0.229    0.276    0.279    0.254    0.274    0.322    0.317    0.334    0.345    0.346    
PARS std_mAP_test
0.043    0.065    0.042    0.034    0.039    0.060    0.070    0.038    0.077    0.088    0.058    0.054    0.078    0.100    0.096    0.101    0.107    0.100    0.078    0.081    
PARS time
0.001    0.001    0.001    0.001    0.001    0.001    0.001    0.001    0.001    0.001    0.001    0.001    0.001    0.001    0.001    0.001    0.001    0.001    0.002    0.002    
PARS std_time
0.000    0.000    0.000    0.000    0.000    0.000    0.000    0.000    0.000    0.000    0.000    0.000    0.000    0.000    0.000    0.000    0.000    0.000    0.000    0.000    
CWS-d que
1.000    1.000    1.000    1.000    1.000    1.000    1.000    1.000    1.000    1.000    1.000    1.000    1.000    1.000    1.000    1.000    1.000    1.000    1.000    1.000    
CWS-d std_que
0.000    0.000    0.000    0.000    0.000    0.000    0.000    0.000    0.000    0.000    0.000    0.000    0.000    0.000    0.000    0.000    0.000    0.000    0.000    0.000    
CWS-d AP_train
0.392    0.392    0.392    0.392    0.392    0.392    0.392    0.392    0.392    0.392    0.392    0.392    0.392    0.392    0.392    0.392    0.392    0.392    0.392    0.392    
CWS-d std_AP_train
0.021    0.021    0.021    0.021    0.021    0.021    0.021    0.021    0.021    0.021    0.021    0.021    0.021    0.021    0.021    0.021    0.021    0.021    0.021    0.021    
CWS-d mAP_train
0.306    0.306    0.306    0.306    0.306    0.306    0.306    0.306    0.306    0.306    0.306    0.306    0.306    0.306    0.306    0.306    0.306    0.306    0.306    0.306    
CWS-d std_mAP_train
0.039    0.039    0.039    0.039    0.039    0.039    0.039    0.039    0.039    0.039    0.039    0.039    0.039    0.039    0.039    0.039    0.039    0.039    0.039    0.039    
CWS-d AP_test
0.399    0.399    0.399    0.399    0.399    0.399    0.399    0.399    0.399    0.399    0.399    0.399    0.399    0.399    0.399    0.399    0.399    0.399    0.399    0.399    
CWS-d std_AP_test
0.024    0.024    0.024    0.024    0.024    0.024    0.024    0.024    0.024    0.024    0.024    0.024    0.024    0.024    0.024    0.024    0.024    0.024    0.024    0.024    
CWS-d mAP_test
0.327    0.327    0.327    0.327    0.327    0.327    0.327    0.327    0.327    0.327    0.327    0.327    0.327    0.327    0.327    0.327    0.327    0.327    0.327    0.327    
CWS-d std_mAP_test
0.038    0.038    0.038    0.038    0.038    0.038    0.038    0.038    0.038    0.038    0.038    0.038    0.038    0.038    0.038    0.038    0.038    0.038    0.038    0.038    
CWS-d time
0.002    0.002    0.002    0.002    0.002    0.002    0.002    0.002    0.002    0.002    0.002    0.002    0.002    0.002    0.002    0.002    0.002    0.002    0.002    0.002    
CWS-d std_time
0.000    0.000    0.000    0.000    0.000    0.000    0.000    0.000    0.000    0.000    0.000    0.000    0.000    0.000    0.000    0.000    0.000    0.000    0.000    0.000    
CWAS-d que
0.000    0.000    0.000    0.001    0.001    0.001    0.002    0.002    0.003    0.005    0.006    0.009    0.015    0.026    0.040    0.068    0.102    0.154    0.222    0.326    
CWAS-d std_que
0.000    0.000    0.000    0.000    0.000    0.000    0.001    0.001    0.001    0.002    0.001    0.003    0.002    0.002    0.005    0.004    0.009    0.005    0.015    0.011    
CWAS-d AP_train
0.173    0.167    0.167    0.166    0.162    0.161    0.178    0.179    0.193    0.231    0.259    0.253    0.294    0.328    0.336    0.405    0.374    0.368    0.351    0.429    
CWAS-d std_AP_train
0.020    0.019    0.019    0.018    0.022    0.021    0.033    0.037    0.048    0.045    0.046    0.068    0.060    0.052    0.063    0.041    0.081    0.061    0.060    0.047    
CWAS-d mAP_train
0.112    0.105    0.105    0.102    0.101    0.104    0.125    0.124    0.133    0.155    0.176    0.176    0.197    0.213    0.252    0.321    0.290    0.264    0.268    0.329    
CWAS-d std_mAP_train
0.025    0.029    0.029    0.028    0.030    0.030    0.030    0.038    0.046    0.052    0.033    0.042    0.053    0.043    0.059    0.059    0.093    0.069    0.054    0.056    
CWAS-d AP_test
0.190    0.171    0.171    0.167    0.165    0.174    0.194    0.186    0.208    0.238    0.269    0.293    0.290    0.366    0.340    0.361    0.320    0.355    0.350    0.395    
CWAS-d std_AP_test
0.013    0.042    0.042    0.040    0.042    0.048    0.020    0.026    0.046    0.070    0.074    0.065    0.069    0.056    0.086    0.036    0.062    0.075    0.048    0.053    
CWAS-d mAP_test
0.141    0.131    0.131    0.122    0.121    0.133    0.159    0.150    0.173    0.191    0.201    0.221    0.201    0.286    0.259    0.279    0.256    0.259    0.278    0.304    
CWAS-d std_mAP_test
0.023    0.035    0.035    0.037    0.038    0.037    0.031    0.034    0.055    0.076    0.065    0.060    0.062    0.056    0.097    0.028    0.048    0.065    0.055    0.072    
CWAS-d time
0.001    0.001    0.001    0.002    0.001    0.002    0.002    0.002    0.001    0.002    0.001    0.001    0.001    0.002    0.002    0.002    0.001    0.002    0.002    0.002    
CWAS-d std_time
0.000    0.000    0.000    0.000    0.000    0.000    0.000    0.000    0.000    0.000    0.000    0.000    0.000    0.000    0.000    0.000    0.000    0.000    0.000    0.000    
CWAS_Adap-d que
0.127    0.127    0.127    0.127    0.127    0.127    0.129    0.131    0.132    0.136    0.134    0.142    0.141    0.150    0.156    0.177    0.229    0.291    0.374    0.503    
CWAS_Adap-d std_que
0.009    0.009    0.009    0.009    0.009    0.009    0.011    0.012    0.012    0.015    0.007    0.012    0.010    0.011    0.010    0.004    0.009    0.020    0.022    0.016    
CWAS_Adap-d AP_train
0.399    0.399    0.399    0.399    0.399    0.399    0.412    0.381    0.407    0.407    0.393    0.357    0.348    0.401    0.405    0.375    0.379    0.397    0.348    0.397    
CWAS_Adap-d std_AP_train
0.033    0.033    0.033    0.033    0.033    0.033    0.054    0.046    0.045    0.048    0.015    0.057    0.052    0.046    0.055    0.025    0.063    0.015    0.018    0.028    
CWAS_Adap-d mAP_train
0.317    0.317    0.317    0.317    0.317    0.317    0.322    0.293    0.309    0.317    0.287    0.300    0.263    0.322    0.329    0.290    0.308    0.314    0.248    0.305    
CWAS_Adap-d std_mAP_train
0.045    0.045    0.045    0.045    0.045    0.045    0.055    0.027    0.047    0.040    0.022    0.048    0.057    0.045    0.055    0.026    0.039    0.029    0.027    0.033    
CWAS_Adap-d AP_test
0.379    0.379    0.379    0.379    0.379    0.379    0.379    0.373    0.361    0.389    0.371    0.340    0.327    0.359    0.395    0.368    0.362    0.382    0.343    0.396    
CWAS_Adap-d std_AP_test
0.031    0.031    0.031    0.031    0.031    0.031    0.031    0.027    0.048    0.063    0.028    0.059    0.084    0.090    0.052    0.048    0.019    0.037    0.048    0.060    
CWAS_Adap-d mAP_test
0.301    0.301    0.301    0.301    0.301    0.301    0.298    0.295    0.259    0.296    0.265    0.272    0.256    0.280    0.301    0.293    0.302    0.314    0.283    0.319    
CWAS_Adap-d std_mAP_test
0.033    0.033    0.033    0.033    0.033    0.033    0.030    0.021    0.043    0.051    0.038    0.070    0.090    0.105    0.045    0.054    0.022    0.059    0.039    0.073    
CWAS_Adap-d time
0.001    0.002    0.001    0.001    0.001    0.002    0.002    0.002    0.002    0.002    0.001    0.002    0.001    0.002    0.001    0.002    0.002    0.002    0.002    0.002    
CWAS_Adap-d std_time
0.000    0.000    0.000    0.000    0.000    0.000    0.000    0.000    0.000    0.000    0.000    0.000    0.000    0.000    0.000    0.000    0.000    0.000    0.000    0.000    
CWRS-d que
0.127    0.127    0.127    0.127    0.129    0.129    0.130    0.133    0.134    0.136    0.131    0.140    0.138    0.147    0.152    0.169    0.220    0.282    0.359    0.498    
CWRS-d std_que
0.008    0.008    0.008    0.008    0.010    0.009    0.011    0.012    0.011    0.013    0.008    0.013    0.010    0.011    0.009    0.004    0.008    0.019    0.020    0.020    
CWRS-d AP_train
0.333    0.333    0.333    0.333    0.360    0.342    0.323    0.334    0.311    0.298    0.332    0.308    0.343    0.338    0.371    0.338    0.355    0.364    0.381    0.347    
CWRS-d std_AP_train
0.056    0.056    0.056    0.056    0.078    0.090    0.069    0.088    0.093    0.039    0.040    0.069    0.047    0.039    0.041    0.039    0.074    0.074    0.045    0.046    
CWRS-d mAP_train
0.236    0.236    0.236    0.236    0.279    0.269    0.254    0.259    0.236    0.220    0.260    0.217    0.268    0.254    0.258    0.269    0.288    0.270    0.294    0.259    
CWRS-d std_mAP_train
0.039    0.039    0.039    0.039    0.082    0.090    0.075    0.095    0.097    0.037    0.050    0.070    0.057    0.051    0.037    0.042    0.070    0.085    0.055    0.020    
CWRS-d AP_test
0.298    0.298    0.298    0.298    0.356    0.370    0.357    0.363    0.338    0.307    0.340    0.315    0.358    0.339    0.365    0.356    0.347    0.354    0.342    0.363    
CWRS-d std_AP_test
0.059    0.059    0.059    0.059    0.082    0.063    0.053    0.095    0.106    0.037    0.042    0.061    0.037    0.039    0.025    0.061    0.102    0.122    0.071    0.055    
CWRS-d mAP_test
0.217    0.217    0.217    0.217    0.283    0.323    0.314    0.320    0.287    0.253    0.281    0.265    0.306    0.280    0.278    0.279    0.300    0.302    0.283    0.292    
CWRS-d std_mAP_test
0.044    0.044    0.044    0.044    0.087    0.054    0.052    0.088    0.106    0.045    0.038    0.070    0.041    0.057    0.023    0.075    0.097    0.125    0.080    0.063    
CWRS-d time
0.001    0.002    0.001    0.001    0.001    0.001    0.002    0.002    0.002    0.002    0.002    0.002    0.002    0.002    0.002    0.001    0.002    0.002    0.002    0.002    
CWRS-d std_time
0.000    0.000    0.000    0.000    0.000    0.000    0.000    0.000    0.000    0.000    0.000    0.000    0.000    0.000    0.000    0.000    0.000    0.000    0.000    0.000    
AROMA-d que
1.000    1.000    1.000    1.000    1.000    1.000    1.000    1.000    1.000    1.000    1.000    1.000    1.000    1.000    1.000    1.000    1.000    1.000    1.000    1.000    
AROMA-d std_que
0.000    0.000    0.000    0.000    0.000    0.000    0.000    0.000    0.000    0.000    0.000    0.000    0.000    0.000    0.000    0.000    0.000    0.000    0.000    0.000    
AROMA-d AP_train
0.424    0.424    0.424    0.424    0.424    0.424    0.424    0.424    0.424    0.424    0.424    0.424    0.424    0.424    0.424    0.424    0.424    0.424    0.424    0.424    
AROMA-d std_AP_train
0.029    0.029    0.029    0.029    0.029    0.029    0.029    0.029    0.029    0.029    0.029    0.029    0.029    0.029    0.029    0.029    0.029    0.029    0.029    0.029    
AROMA-d mAP_train
0.362    0.362    0.362    0.362    0.362    0.362    0.362    0.362    0.362    0.362    0.362    0.362    0.362    0.362    0.362    0.362    0.362    0.362    0.362    0.362    
AROMA-d std_mAP_train
0.025    0.025    0.025    0.025    0.025    0.025    0.025    0.025    0.025    0.025    0.025    0.025    0.025    0.025    0.025    0.025    0.025    0.025    0.025    0.025    
AROMA-d AP_test
0.423    0.423    0.423    0.423    0.423    0.423    0.423    0.423    0.423    0.423    0.423    0.423    0.423    0.423    0.423    0.423    0.423    0.423    0.423    0.423    
AROMA-d std_AP_test
0.040    0.040    0.040    0.040    0.040    0.040    0.040    0.040    0.040    0.040    0.040    0.040    0.040    0.040    0.040    0.040    0.040    0.040    0.040    0.040    
AROMA-d mAP_test
0.350    0.350    0.350    0.350    0.350    0.350    0.350    0.350    0.350    0.350    0.350    0.350    0.350    0.350    0.350    0.350    0.350    0.350    0.350    0.350    
AROMA-d std_mAP_test
0.049    0.049    0.049    0.049    0.049    0.049    0.049    0.049    0.049    0.049    0.049    0.049    0.049    0.049    0.049    0.049    0.049    0.049    0.049    0.049    
AROMA-d time
0.002    0.002    0.002    0.002    0.002    0.002    0.002    0.002    0.002    0.002    0.002    0.002    0.002    0.002    0.002    0.002    0.002    0.002    0.002    0.002    
AROMA-d std_time
0.000    0.000    0.000    0.000    0.000    0.000    0.000    0.000    0.000    0.000    0.000    0.000    0.000    0.000    0.000    0.000    0.000    0.000    0.000    0.000    
