0 query
OASIS algorithm
1 1 1 1 1 
0.45566 0.387736 0.380189 0.423585 0.384906 
0.397708 0.304317 0.232536 0.363836 0.296414 
0.518919 0.42973 0.35251 0.435135 0.420849 
0.48027 0.306241 0.217645 0.388509 0.36042 
0.007 0.001 0.001 0.002 0.002 
PAAS algorithm
0.0055 0.0065 0.005 0.00625 0.00425 
0.250943 0.233019 0.321698 0.210377 0.181132 
0.146923 0.181979 0.220125 0.120035 0.0774075 
0.221236 0.296911 0.342471 0.150579 0.166409 
0.130468 0.227048 0.277404 0.0798497 0.120304 
0.002 0 0.001 0.001 0.001 
PARS algorithm
0.0045 0.00575 0.004 0.00575 0.004 
0.125472 0.220755 0.25283 0.156604 0.157547 
0.0618239 0.192256 0.160734 0.149668 0.0883206 
0.157143 0.2 0.20888 0.189575 0.133977 
0.10462 0.184704 0.142685 0.189154 0.0812449 
0.001 0.001 0.001 0.001 0.001 
CWS-d algorithm
1 1 1 1 1 
0.382075 0.377358 0.393396 0.432075 0.377358 
0.28973 0.327267 0.255748 0.369097 0.289101 
0.366795 0.399614 0.421622 0.428958 0.380309 
0.288325 0.363527 0.321771 0.377672 0.284048 
0.002 0.002 0.002 0.002 0.002 
CWAS-d algorithm
0.0005 0.00025 0.00025 0.00025 0.00025 
0.185849 0.179245 0.188679 0.178302 0.133962 
0.117755 0.148973 0.110396 0.11134 0.0708685 
0.203089 0.178378 0.1861 0.208494 0.176062 
0.141397 0.178078 0.126752 0.150319 0.107897 
0.001 0.002 0.002 0.001 0.001 
CWAS_Adap-d algorithm
0.11975 0.11775 0.12425 0.1305 0.14375 
0.417925 0.366981 0.416038 0.353774 0.439623 
0.275804 0.313041 0.297505 0.293538 0.403727 
0.396139 0.328185 0.380695 0.367954 0.419691 
0.294942 0.241669 0.309891 0.325801 0.334003 
0.001 0.001 0.001 0.001 0.002 
CWRS-d algorithm
0.12125 0.11825 0.12425 0.129 0.14225 
0.34434 0.249057 0.370755 0.291509 0.407547 
0.223033 0.225628 0.247637 0.18104 0.300955 
0.327027 0.217375 0.385714 0.25251 0.305792 
0.218551 0.161771 0.272823 0.174759 0.257492 
0.001 0.001 0.001 0.002 0.002 
AROMA-d algorithm
1 1 1 1 1 
0.413208 0.437736 0.382075 0.469811 0.417925 
0.332397 0.36782 0.346794 0.405509 0.355793 
0.464865 0.367568 0.404633 0.472973 0.405792 
0.377939 0.280649 0.328935 0.426695 0.334543 
0.001 0.001 0.002 0.002 0.002 
1 query
OASIS algorithm
1 1 1 1 1 
0.45566 0.387736 0.380189 0.423585 0.384906 
0.397708 0.304317 0.232536 0.363836 0.296414 
0.518919 0.42973 0.35251 0.435135 0.420849 
0.48027 0.306241 0.217645 0.388509 0.36042 
0.007 0.001 0.001 0.002 0.002 
PAAS algorithm
0.00725 0.007 0.00675 0.00675 0.0075 
0.162264 0.270755 0.310377 0.293396 0.237736 
0.153841 0.203931 0.234699 0.232717 0.1537 
0.171815 0.179923 0.362934 0.313514 0.239768 
0.167598 0.107669 0.325104 0.278679 0.192993 
0.001 0.001 0.001 0.001 0.001 
PARS algorithm
0.006 0.006 0.00575 0.00575 0.00625 
0.180189 0.220755 0.291509 0.156604 0.146226 
0.0961085 0.192256 0.218276 0.149668 0.0720702 
0.181081 0.2 0.254826 0.189575 0.0640927 
0.110147 0.184704 0.241779 0.189154 0.0587105 
0 0.001 0.001 0.001 0.001 
CWS-d algorithm
1 1 1 1 1 
0.382075 0.377358 0.393396 0.432075 0.377358 
0.28973 0.327267 0.255748 0.369097 0.289101 
0.366795 0.399614 0.421622 0.428958 0.380309 
0.288325 0.363527 0.321771 0.377672 0.284048 
0.002 0.002 0.002 0.002 0.002 
CWAS-d algorithm
0.0005 0.00025 0.00075 0.00025 0.00025 
0.185849 0.179245 0.157547 0.178302 0.133962 
0.117755 0.148973 0.0770721 0.11134 0.0708685 
0.203089 0.178378 0.0911197 0.208494 0.176062 
0.141397 0.178078 0.0778719 0.150319 0.107897 
0.001 0.002 0.002 0.001 0.001 
CWAS_Adap-d algorithm
0.11975 0.11775 0.12425 0.1305 0.14375 
0.417925 0.366981 0.416038 0.353774 0.439623 
0.275804 0.313041 0.297505 0.293538 0.403727 
0.396139 0.328185 0.380695 0.367954 0.419691 
0.294942 0.241669 0.309891 0.325801 0.334003 
0.002 0.001 0.002 0.002 0.002 
CWRS-d algorithm
0.12125 0.11825 0.12425 0.129 0.14225 
0.34434 0.249057 0.370755 0.291509 0.407547 
0.223033 0.225628 0.247637 0.18104 0.300955 
0.327027 0.217375 0.385714 0.25251 0.305792 
0.218551 0.161771 0.272823 0.174759 0.257492 
0.002 0.001 0.001 0.002 0.002 
AROMA-d algorithm
1 1 1 1 1 
0.413208 0.437736 0.382075 0.469811 0.417925 
0.332397 0.36782 0.346794 0.405509 0.355793 
0.464865 0.367568 0.404633 0.472973 0.405792 
0.377939 0.280649 0.328935 0.426695 0.334543 
0.001 0.001 0.002 0.002 0.002 
2 query
OASIS algorithm
1 1 1 1 1 
0.45566 0.387736 0.380189 0.423585 0.384906 
0.397708 0.304317 0.232536 0.363836 0.296414 
0.518919 0.42973 0.35251 0.435135 0.420849 
0.48027 0.306241 0.217645 0.388509 0.36042 
0.007 0.001 0.001 0.002 0.002 
PAAS algorithm
0.01025 0.013 0.0115 0.0105 0.0105 
0.198113 0.35566 0.262264 0.266038 0.296226 
0.154431 0.293218 0.184739 0.155024 0.218356 
0.276062 0.374903 0.255598 0.303089 0.253282 
0.234025 0.334989 0.24488 0.220267 0.190787 
0.001 0 0.001 0.001 0.001 
PARS algorithm
0.009 0.0105 0.00975 0.009 0.009 
0.275472 0.206604 0.204717 0.162264 0.163208 
0.170688 0.175385 0.137793 0.111423 0.0830541 
0.268726 0.203861 0.157529 0.176062 0.107722 
0.16872 0.194225 0.154152 0.137235 0.0706777 
0.001 0 0.001 0.001 0 
CWS-d algorithm
1 1 1 1 1 
0.382075 0.377358 0.393396 0.432075 0.377358 
0.28973 0.327267 0.255748 0.369097 0.289101 
0.366795 0.399614 0.421622 0.428958 0.380309 
0.288325 0.363527 0.321771 0.377672 0.284048 
0.002 0.002 0.002 0.002 0.002 
CWAS-d algorithm
0.0005 0.00025 0.00075 0.00025 0.00025 
0.185849 0.179245 0.157547 0.178302 0.133962 
0.117755 0.148973 0.0770721 0.11134 0.0708685 
0.203089 0.178378 0.0911197 0.208494 0.176062 
0.141397 0.178078 0.0778719 0.150319 0.107897 
0.002 0.001 0.001 0.002 0.001 
CWAS_Adap-d algorithm
0.11975 0.11775 0.12425 0.1305 0.14375 
0.417925 0.366981 0.416038 0.353774 0.439623 
0.275804 0.313041 0.297505 0.293538 0.403727 
0.396139 0.328185 0.380695 0.367954 0.419691 
0.294942 0.241669 0.309891 0.325801 0.334003 
0.001 0.002 0.001 0.001 0.002 
CWRS-d algorithm
0.12125 0.11825 0.12425 0.129 0.14225 
0.34434 0.249057 0.370755 0.291509 0.407547 
0.223033 0.225628 0.247637 0.18104 0.300955 
0.327027 0.217375 0.385714 0.25251 0.305792 
0.218551 0.161771 0.272823 0.174759 0.257492 
0.001 0.002 0.001 0.001 0.002 
AROMA-d algorithm
1 1 1 1 1 
0.413208 0.437736 0.382075 0.469811 0.417925 
0.332397 0.36782 0.346794 0.405509 0.355793 
0.464865 0.367568 0.404633 0.472973 0.405792 
0.377939 0.280649 0.328935 0.426695 0.334543 
0.001 0.001 0.002 0.002 0.002 
3 query
OASIS algorithm
1 1 1 1 1 
0.45566 0.387736 0.380189 0.423585 0.384906 
0.397708 0.304317 0.232536 0.363836 0.296414 
0.518919 0.42973 0.35251 0.435135 0.420849 
0.48027 0.306241 0.217645 0.388509 0.36042 
0.007 0.001 0.001 0.002 0.002 
PAAS algorithm
0.01375 0.016 0.01525 0.01025 0.01575 
0.239623 0.298113 0.331132 0.268868 0.191509 
0.147309 0.249595 0.248597 0.216133 0.111001 
0.248263 0.315058 0.250965 0.257915 0.204247 
0.190096 0.279159 0.236562 0.245254 0.160369 
0.001 0 0.001 0 0 
PARS algorithm
0.01075 0.0125 0.012 0.009 0.0125 
0.168868 0.265094 0.216981 0.162264 0.218868 
0.0989454 0.213084 0.14081 0.111423 0.103048 
0.176834 0.225869 0.178764 0.176062 0.164479 
0.105928 0.191912 0.162118 0.137235 0.101894 
0.001 0.001 0.001 0.001 0 
CWS-d algorithm
1 1 1 1 1 
0.382075 0.377358 0.393396 0.432075 0.377358 
0.28973 0.327267 0.255748 0.369097 0.289101 
0.366795 0.399614 0.421622 0.428958 0.380309 
0.288325 0.363527 0.321771 0.377672 0.284048 
0.002 0.002 0.002 0.002 0.002 
CWAS-d algorithm
0.001 0.00025 0.00075 0.00025 0.0005 
0.182075 0.179245 0.157547 0.178302 0.133962 
0.104079 0.148973 0.0770721 0.11134 0.0708685 
0.178764 0.178378 0.0911197 0.208494 0.176062 
0.0938586 0.178078 0.0778719 0.150319 0.107897 
0.002 0.001 0.002 0.002 0.002 
CWAS_Adap-d algorithm
0.11975 0.11775 0.12425 0.1305 0.14375 
0.417925 0.366981 0.416038 0.353774 0.439623 
0.275804 0.313041 0.297505 0.293538 0.403727 
0.396139 0.328185 0.380695 0.367954 0.419691 
0.294942 0.241669 0.309891 0.325801 0.334003 
0.001 0.002 0.001 0.001 0.002 
CWRS-d algorithm
0.12125 0.11825 0.12425 0.129 0.14225 
0.34434 0.249057 0.370755 0.291509 0.407547 
0.223033 0.225628 0.247637 0.18104 0.300955 
0.327027 0.217375 0.385714 0.25251 0.305792 
0.218551 0.161771 0.272823 0.174759 0.257492 
0.001 0.002 0.001 0.001 0.002 
AROMA-d algorithm
1 1 1 1 1 
0.413208 0.437736 0.382075 0.469811 0.417925 
0.332397 0.36782 0.346794 0.405509 0.355793 
0.464865 0.367568 0.404633 0.472973 0.405792 
0.377939 0.280649 0.328935 0.426695 0.334543 
0.001 0.001 0.002 0.002 0.002 
4 query
OASIS algorithm
1 1 1 1 1 
0.45566 0.387736 0.380189 0.423585 0.384906 
0.397708 0.304317 0.232536 0.363836 0.296414 
0.518919 0.42973 0.35251 0.435135 0.420849 
0.48027 0.306241 0.217645 0.388509 0.36042 
0.007 0.001 0.001 0.002 0.002 
PAAS algorithm
0.02725 0.0215 0.02375 0.0295 0.0205 
0.245283 0.274528 0.40283 0.266038 0.309434 
0.208415 0.23147 0.31341 0.221272 0.231675 
0.318147 0.269498 0.401931 0.297297 0.368726 
0.284333 0.179904 0.360345 0.250368 0.312102 
0.001 0 0.001 0.001 0 
PARS algorithm
0.02425 0.018 0.02375 0.02975 0.01975 
0.15566 0.291509 0.30566 0.282075 0.224528 
0.0957502 0.227536 0.238665 0.189454 0.148258 
0.194595 0.235521 0.276834 0.32471 0.206564 
0.133424 0.191667 0.252574 0.214559 0.196007 
0.001 0 0.001 0.001 0 
CWS-d algorithm
1 1 1 1 1 
0.382075 0.377358 0.393396 0.432075 0.377358 
0.28973 0.327267 0.255748 0.369097 0.289101 
0.366795 0.399614 0.421622 0.428958 0.380309 
0.288325 0.363527 0.321771 0.377672 0.284048 
0.002 0.002 0.002 0.002 0.002 
CWAS-d algorithm
0.00125 0.0005 0.001 0.0005 0.00025 
0.182075 0.179245 0.136792 0.178302 0.133962 
0.104079 0.148973 0.0675573 0.112058 0.0708685 
0.178764 0.178378 0.0849421 0.208494 0.176062 
0.0938586 0.178078 0.0753624 0.150319 0.107897 
0.002 0.001 0.001 0.002 0.001 
CWAS_Adap-d algorithm
0.11975 0.11775 0.12425 0.1305 0.14375 
0.417925 0.366981 0.416038 0.353774 0.439623 
0.275804 0.313041 0.297505 0.293538 0.403727 
0.396139 0.328185 0.380695 0.367954 0.419691 
0.294942 0.241669 0.309891 0.325801 0.334003 
0.001 0.002 0.001 0.001 0.002 
CWRS-d algorithm
0.12125 0.11825 0.127 0.133 0.14575 
0.34434 0.249057 0.316038 0.421698 0.468868 
0.223033 0.225628 0.190073 0.376924 0.380286 
0.327027 0.217375 0.360232 0.437452 0.437066 
0.218551 0.161771 0.279149 0.403923 0.350094 
0.001 0.002 0.001 0.001 0.002 
AROMA-d algorithm
1 1 1 1 1 
0.413208 0.437736 0.382075 0.469811 0.417925 
0.332397 0.36782 0.346794 0.405509 0.355793 
0.464865 0.367568 0.404633 0.472973 0.405792 
0.377939 0.280649 0.328935 0.426695 0.334543 
0.001 0.001 0.002 0.002 0.002 
5 query
OASIS algorithm
1 1 1 1 1 
0.45566 0.387736 0.380189 0.423585 0.384906 
0.397708 0.304317 0.232536 0.363836 0.296414 
0.518919 0.42973 0.35251 0.435135 0.420849 
0.48027 0.306241 0.217645 0.388509 0.36042 
0.007 0.001 0.001 0.002 0.002 
PAAS algorithm
0.04175 0.04325 0.0425 0.04 0.03675 
0.342453 0.364151 0.409434 0.373585 0.269811 
0.221965 0.26036 0.270949 0.288178 0.169609 
0.3 0.254054 0.43166 0.388417 0.280695 
0.233392 0.173367 0.349045 0.277833 0.210575 
0.001 0 0.001 0.001 0.001 
PARS algorithm
0.0425 0.045 0.04375 0.041 0.0365 
0.286792 0.287736 0.265094 0.332075 0.177358 
0.171769 0.203253 0.2348 0.239678 0.103914 
0.251351 0.239382 0.26139 0.33668 0.116602 
0.165238 0.173695 0.23148 0.268368 0.0944953 
0.001 0.001 0.001 0.001 0.001 
CWS-d algorithm
1 1 1 1 1 
0.382075 0.377358 0.393396 0.432075 0.377358 
0.28973 0.327267 0.255748 0.369097 0.289101 
0.366795 0.399614 0.421622 0.428958 0.380309 
0.288325 0.363527 0.321771 0.377672 0.284048 
0.002 0.002 0.002 0.002 0.002 
CWAS-d algorithm
0.001 0.00125 0.00125 0.00075 0.00025 
0.184906 0.169811 0.136792 0.178302 0.133962 
0.1182 0.147222 0.0675573 0.115535 0.0708685 
0.203089 0.179923 0.0849421 0.227027 0.176062 
0.141976 0.178717 0.0753624 0.160864 0.107897 
0.002 0.001 0.002 0.002 0.002 
CWAS_Adap-d algorithm
0.12025 0.11825 0.12425 0.1305 0.14375 
0.417925 0.366981 0.416038 0.353774 0.439623 
0.275804 0.313041 0.297505 0.293538 0.403727 
0.396139 0.328185 0.380695 0.367954 0.419691 
0.294942 0.241669 0.309891 0.325801 0.334003 
0.002 0.002 0.002 0.001 0.001 
CWRS-d algorithm
0.122 0.1195 0.127 0.133 0.14575 
0.232075 0.268868 0.316038 0.421698 0.468868 
0.1897 0.208932 0.190073 0.376924 0.380286 
0.344788 0.271042 0.360232 0.437452 0.437066 
0.3316 0.251881 0.279149 0.403923 0.350094 
0.001 0.002 0.002 0.001 0.001 
AROMA-d algorithm
1 1 1 1 1 
0.413208 0.437736 0.382075 0.469811 0.417925 
0.332397 0.36782 0.346794 0.405509 0.355793 
0.464865 0.367568 0.404633 0.472973 0.405792 
0.377939 0.280649 0.328935 0.426695 0.334543 
0.001 0.001 0.002 0.002 0.002 
6 query
OASIS algorithm
1 1 1 1 1 
0.45566 0.387736 0.380189 0.423585 0.384906 
0.397708 0.304317 0.232536 0.363836 0.296414 
0.518919 0.42973 0.35251 0.435135 0.420849 
0.48027 0.306241 0.217645 0.388509 0.36042 
0.007 0.001 0.001 0.002 0.002 
PAAS algorithm
0.06175 0.074 0.06125 0.0625 0.05875 
0.391509 0.308491 0.316981 0.353774 0.436792 
0.30602 0.164087 0.223175 0.268869 0.381802 
0.389189 0.220077 0.284556 0.316216 0.481467 
0.355177 0.149964 0.234357 0.200477 0.448934 
0.001 0.001 0.001 0.001 0.001 
PARS algorithm
0.064 0.07525 0.0635 0.0645 0.061 
0.324528 0.404717 0.333019 0.338679 0.187736 
0.214829 0.29021 0.241717 0.297568 0.111191 
0.272973 0.244402 0.38417 0.365637 0.208494 
0.205546 0.153084 0.325844 0.291614 0.160041 
0.001 0.001 0.001 0.001 0.001 
CWS-d algorithm
1 1 1 1 1 
0.382075 0.377358 0.393396 0.432075 0.377358 
0.28973 0.327267 0.255748 0.369097 0.289101 
0.366795 0.399614 0.421622 0.428958 0.380309 
0.288325 0.363527 0.321771 0.377672 0.284048 
0.002 0.002 0.002 0.002 0.002 
CWAS-d algorithm
0.001 0.002 0.00275 0.0015 0.00025 
0.187736 0.15566 0.183019 0.230189 0.133962 
0.117293 0.145168 0.131864 0.159246 0.0708685 
0.203089 0.180309 0.183012 0.229344 0.176062 
0.142619 0.179561 0.169051 0.196623 0.107897 
0.002 0.002 0.002 0.002 0.001 
CWAS_Adap-d algorithm
0.1205 0.11825 0.12425 0.1305 0.14925 
0.417925 0.366981 0.416038 0.353774 0.506604 
0.275804 0.313041 0.297505 0.293538 0.42946 
0.396139 0.328185 0.380695 0.367954 0.422394 
0.294942 0.241669 0.309891 0.325801 0.319585 
0.002 0.002 0.001 0.002 0.001 
CWRS-d algorithm
0.122 0.1195 0.127 0.133 0.1505 
0.232075 0.268868 0.316038 0.421698 0.374528 
0.1897 0.208932 0.190073 0.376924 0.30396 
0.344788 0.271042 0.360232 0.437452 0.371815 
0.3316 0.251881 0.279149 0.403923 0.303423 
0.002 0.002 0.001 0.002 0.002 
AROMA-d algorithm
1 1 1 1 1 
0.413208 0.437736 0.382075 0.469811 0.417925 
0.332397 0.36782 0.346794 0.405509 0.355793 
0.464865 0.367568 0.404633 0.472973 0.405792 
0.377939 0.280649 0.328935 0.426695 0.334543 
0.001 0.001 0.002 0.002 0.002 
7 query
OASIS algorithm
1 1 1 1 1 
0.45566 0.387736 0.380189 0.423585 0.384906 
0.397708 0.304317 0.232536 0.363836 0.296414 
0.518919 0.42973 0.35251 0.435135 0.420849 
0.48027 0.306241 0.217645 0.388509 0.36042 
0.007 0.001 0.001 0.002 0.002 
PAAS algorithm
0.09125 0.09125 0.08725 0.08975 0.0845 
0.312264 0.296226 0.412264 0.341509 0.398113 
0.230965 0.180907 0.360194 0.266948 0.288038 
0.307336 0.280309 0.355985 0.346718 0.349807 
0.248847 0.20554 0.326211 0.293898 0.244896 
0 0.001 0.001 0 0.001 
PARS algorithm
0.0915 0.0915 0.08725 0.0905 0.0835 
0.257547 0.382075 0.315094 0.308491 0.24434 
0.18517 0.295364 0.208958 0.243563 0.165873 
0.309653 0.256371 0.323938 0.325097 0.290347 
0.254498 0.172529 0.269673 0.277499 0.229904 
0 0.001 0.001 0 0.001 
CWS-d algorithm
1 1 1 1 1 
0.382075 0.377358 0.393396 0.432075 0.377358 
0.28973 0.327267 0.255748 0.369097 0.289101 
0.366795 0.399614 0.421622 0.428958 0.380309 
0.288325 0.363527 0.321771 0.377672 0.284048 
0.002 0.002 0.002 0.002 0.002 
CWAS-d algorithm
0.00125 0.00275 0.00325 0.00175 0.001 
0.187736 0.176415 0.175472 0.234906 0.119811 
0.117293 0.147673 0.141126 0.159626 0.0538601 
0.203089 0.174903 0.158301 0.229344 0.165251 
0.142619 0.173906 0.137054 0.196655 0.0981772 
0.002 0.002 0.002 0.001 0.002 
CWAS_Adap-d algorithm
0.1205 0.124 0.12425 0.13075 0.15325 
0.417925 0.301887 0.416038 0.353774 0.413208 
0.275804 0.260359 0.297505 0.293538 0.340136 
0.396139 0.323552 0.380695 0.367954 0.395367 
0.294942 0.264267 0.309891 0.325801 0.282273 
0.002 0.002 0.001 0.002 0.002 
CWRS-d algorithm
0.122 0.1265 0.127 0.13325 0.15475 
0.232075 0.25 0.316038 0.421698 0.449057 
0.1897 0.163509 0.190073 0.376924 0.372438 
0.344788 0.198069 0.360232 0.437452 0.474131 
0.3316 0.172211 0.279149 0.403923 0.410818 
0.002 0.001 0.001 0.002 0.002 
AROMA-d algorithm
1 1 1 1 1 
0.413208 0.437736 0.382075 0.469811 0.417925 
0.332397 0.36782 0.346794 0.405509 0.355793 
0.464865 0.367568 0.404633 0.472973 0.405792 
0.377939 0.280649 0.328935 0.426695 0.334543 
0.001 0.001 0.002 0.002 0.002 
8 query
OASIS algorithm
1 1 1 1 1 
0.45566 0.387736 0.380189 0.423585 0.384906 
0.397708 0.304317 0.232536 0.363836 0.296414 
0.518919 0.42973 0.35251 0.435135 0.420849 
0.48027 0.306241 0.217645 0.388509 0.36042 
0.007 0.001 0.001 0.002 0.002 
PAAS algorithm
0.13025 0.1395 0.14575 0.1345 0.12925 
0.416981 0.363208 0.367925 0.388679 0.363208 
0.344602 0.218905 0.296497 0.293974 0.26747 
0.428185 0.306178 0.355985 0.451351 0.424324 
0.371714 0.219046 0.307412 0.33566 0.311109 
0 0.001 0.001 0.001 0.001 
PARS algorithm
0.13275 0.1415 0.1475 0.13625 0.131 
0.257547 0.234906 0.331132 0.430189 0.293396 
0.203766 0.224007 0.218397 0.341667 0.245479 
0.339768 0.260232 0.385714 0.466409 0.325483 
0.320384 0.194473 0.29445 0.410279 0.216824 
0 0.001 0.001 0.001 0.001 
CWS-d algorithm
1 1 1 1 1 
0.382075 0.377358 0.393396 0.432075 0.377358 
0.28973 0.327267 0.255748 0.369097 0.289101 
0.366795 0.399614 0.421622 0.428958 0.380309 
0.288325 0.363527 0.321771 0.377672 0.284048 
0.002 0.002 0.002 0.002 0.002 
CWAS-d algorithm
0.00275 0.00425 0.00425 0.0035 0.0015 
0.265094 0.173585 0.192453 0.215094 0.118868 
0.192644 0.147002 0.151354 0.12028 0.054489 
0.293822 0.174903 0.210425 0.197297 0.165251 
0.254038 0.173482 0.206071 0.131995 0.0977844 
0.002 0.001 0.001 0.001 0.002 
CWAS_Adap-d algorithm
0.121 0.1245 0.134 0.1265 0.1535 
0.417925 0.432075 0.443396 0.318868 0.421698 
0.275804 0.380972 0.311526 0.245521 0.332721 
0.396139 0.34749 0.430502 0.294208 0.337066 
0.294942 0.25204 0.31984 0.221487 0.207369 
0.002 0.002 0.002 0.002 0.002 
CWRS-d algorithm
0.123 0.128 0.13625 0.12975 0.15475 
0.2 0.241509 0.276415 0.386792 0.449057 
0.167796 0.153264 0.152622 0.334633 0.372438 
0.32471 0.201158 0.248649 0.441699 0.474131 
0.307566 0.16441 0.163999 0.385858 0.410818 
0.001 0.002 0.002 0.002 0.002 
AROMA-d algorithm
1 1 1 1 1 
0.413208 0.437736 0.382075 0.469811 0.417925 
0.332397 0.36782 0.346794 0.405509 0.355793 
0.464865 0.367568 0.404633 0.472973 0.405792 
0.377939 0.280649 0.328935 0.426695 0.334543 
0.001 0.001 0.002 0.002 0.002 
9 query
OASIS algorithm
1 1 1 1 1 
0.45566 0.387736 0.380189 0.423585 0.384906 
0.397708 0.304317 0.232536 0.363836 0.296414 
0.518919 0.42973 0.35251 0.435135 0.420849 
0.48027 0.306241 0.217645 0.388509 0.36042 
0.007 0.001 0.001 0.002 0.002 
PAAS algorithm
0.1895 0.20025 0.192 0.2075 0.19775 
0.426415 0.237736 0.436792 0.367925 0.349057 
0.305305 0.176548 0.363504 0.29355 0.24542 
0.446332 0.235521 0.467954 0.383784 0.342471 
0.314702 0.143183 0.407338 0.331837 0.251981 
0.001 0.001 0.001 0.002 0.001 
PARS algorithm
0.19025 0.2005 0.1935 0.20375 0.1935 
0.306604 0.249057 0.262264 0.433019 0.381132 
0.235382 0.24045 0.168057 0.336038 0.230309 
0.367181 0.194981 0.256371 0.450193 0.311969 
0.329893 0.147717 0.212724 0.385569 0.206503 
0.001 0.001 0.001 0.001 0.001 
CWS-d algorithm
1 1 1 1 1 
0.382075 0.377358 0.393396 0.432075 0.377358 
0.28973 0.327267 0.255748 0.369097 0.289101 
0.366795 0.399614 0.421622 0.428958 0.380309 
0.288325 0.363527 0.321771 0.377672 0.284048 
0.002 0.002 0.002 0.002 0.002 
CWAS-d algorithm
0.003 0.0065 0.00675 0.00575 0.00325 
0.145283 0.262264 0.242453 0.232075 0.272642 
0.0605458 0.219128 0.17569 0.153448 0.166624 
0.12471 0.281853 0.245946 0.208108 0.33166 
0.0612044 0.243831 0.229513 0.152293 0.269651 
0.002 0.002 0.002 0.002 0.002 
CWAS_Adap-d algorithm
0.124 0.12225 0.124 0.1505 0.15775 
0.340566 0.461321 0.415094 0.453774 0.365094 
0.258692 0.308078 0.327291 0.382263 0.308899 
0.311969 0.439768 0.394208 0.472587 0.325097 
0.256169 0.298758 0.303988 0.383015 0.23575 
0.002 0.002 0.001 0.002 0.002 
CWRS-d algorithm
0.1265 0.124 0.1265 0.14875 0.1565 
0.230189 0.350943 0.316038 0.29717 0.296226 
0.166693 0.231995 0.190073 0.269166 0.240484 
0.297297 0.249035 0.360232 0.332432 0.298069 
0.261207 0.174515 0.279149 0.309311 0.242373 
0.002 0.001 0.001 0.002 0.002 
AROMA-d algorithm
1 1 1 1 1 
0.413208 0.437736 0.382075 0.469811 0.417925 
0.332397 0.36782 0.346794 0.405509 0.355793 
0.464865 0.367568 0.404633 0.472973 0.405792 
0.377939 0.280649 0.328935 0.426695 0.334543 
0.001 0.001 0.002 0.002 0.002 
10 query
OASIS algorithm
1 1 1 1 1 
0.45566 0.387736 0.380189 0.423585 0.384906 
0.397708 0.304317 0.232536 0.363836 0.296414 
0.518919 0.42973 0.35251 0.435135 0.420849 
0.48027 0.306241 0.217645 0.388509 0.36042 
0.007 0.001 0.001 0.002 0.002 
PAAS algorithm
0.27525 0.2975 0.276 0.27725 0.30075 
0.434906 0.280189 0.437736 0.413208 0.278302 
0.343316 0.213176 0.27333 0.343105 0.1629 
0.442471 0.317375 0.459073 0.388031 0.327799 
0.384472 0.224906 0.350374 0.343046 0.235377 
0.001 0.001 0.001 0.001 0.001 
PARS algorithm
0.27075 0.291 0.271 0.27225 0.29375 
0.233019 0.261321 0.361321 0.430189 0.334906 
0.125407 0.182451 0.267621 0.343648 0.25283 
0.272973 0.221236 0.344015 0.340541 0.276448 
0.202718 0.173043 0.295528 0.301389 0.171126 
0.001 0.001 0.001 0.001 0.001 
CWS-d algorithm
1 1 1 1 1 
0.382075 0.377358 0.393396 0.432075 0.377358 
0.28973 0.327267 0.255748 0.369097 0.289101 
0.366795 0.399614 0.421622 0.428958 0.380309 
0.288325 0.363527 0.321771 0.377672 0.284048 
0.002 0.002 0.002 0.002 0.002 
CWAS-d algorithm
0.00525 0.006 0.00775 0.00575 0.00425 
0.177358 0.25 0.3 0.306604 0.260377 
0.116873 0.203751 0.186068 0.207115 0.166055 
0.176834 0.182239 0.317761 0.324324 0.345946 
0.110228 0.139689 0.241559 0.233821 0.281474 
0.001 0.001 0.001 0.001 0.002 
CWAS_Adap-d algorithm
0.133 0.13175 0.12575 0.13375 0.14775 
0.366038 0.39434 0.39434 0.414151 0.395283 
0.25006 0.31138 0.287396 0.306098 0.280416 
0.39305 0.337452 0.366409 0.411583 0.344402 
0.276067 0.280561 0.256796 0.31348 0.198566 
0.002 0.001 0.001 0.001 0.002 
CWRS-d algorithm
0.12925 0.1275 0.12175 0.1305 0.146 
0.340566 0.371698 0.374528 0.306604 0.268868 
0.270014 0.297948 0.302586 0.264162 0.164646 
0.394595 0.287259 0.381081 0.330502 0.30695 
0.336947 0.233693 0.290036 0.299794 0.243918 
0.002 0.002 0.002 0.001 0.001 
AROMA-d algorithm
1 1 1 1 1 
0.413208 0.437736 0.382075 0.469811 0.417925 
0.332397 0.36782 0.346794 0.405509 0.355793 
0.464865 0.367568 0.404633 0.472973 0.405792 
0.377939 0.280649 0.328935 0.426695 0.334543 
0.001 0.001 0.002 0.002 0.002 
11 query
OASIS algorithm
1 1 1 1 1 
0.45566 0.387736 0.380189 0.423585 0.384906 
0.397708 0.304317 0.232536 0.363836 0.296414 
0.518919 0.42973 0.35251 0.435135 0.420849 
0.48027 0.306241 0.217645 0.388509 0.36042 
0.007 0.001 0.001 0.002 0.002 
PAAS algorithm
0.4075 0.4165 0.39725 0.41625 0.41225 
0.40283 0.330189 0.375472 0.409434 0.326415 
0.297856 0.228033 0.220594 0.343139 0.230967 
0.450579 0.255985 0.376834 0.417761 0.36834 
0.374537 0.185215 0.265959 0.373696 0.297632 
0.001 0.001 0.001 0.001 0.001 
PARS algorithm
0.41175 0.42125 0.398 0.42125 0.41725 
0.364151 0.337736 0.345283 0.322642 0.386792 
0.258231 0.197871 0.224205 0.214446 0.305961 
0.384556 0.260618 0.340927 0.295367 0.465251 
0.26833 0.207522 0.312966 0.233342 0.356392 
0.001 0.002 0.001 0.001 0.001 
CWS-d algorithm
1 1 1 1 1 
0.382075 0.377358 0.393396 0.432075 0.377358 
0.28973 0.327267 0.255748 0.369097 0.289101 
0.366795 0.399614 0.421622 0.428958 0.380309 
0.288325 0.363527 0.321771 0.377672 0.284048 
0.002 0.002 0.002 0.002 0.002 
CWAS-d algorithm
0.00725 0.0085 0.008 0.01475 0.0085 
0.270755 0.274528 0.141509 0.349057 0.230189 
0.196167 0.200602 0.107926 0.226877 0.149193 
0.34749 0.296911 0.166795 0.316988 0.335521 
0.262407 0.255548 0.104174 0.223366 0.258826 
0.001 0.001 0.002 0.001 0.001 
CWAS_Adap-d algorithm
0.148 0.14425 0.124 0.137 0.15875 
0.413208 0.261321 0.375472 0.326415 0.408491 
0.363097 0.232569 0.270934 0.289988 0.344135 
0.412355 0.232046 0.342857 0.350579 0.361004 
0.350457 0.14261 0.308263 0.295215 0.265187 
0.002 0.001 0.002 0.002 0.002 
CWRS-d algorithm
0.14625 0.141 0.12025 0.134 0.15825 
0.261321 0.264151 0.239623 0.420755 0.356604 
0.192557 0.152892 0.162459 0.345698 0.2324 
0.327027 0.232819 0.282625 0.416988 0.313514 
0.305395 0.183506 0.206396 0.376846 0.252734 
0.002 0.002 0.002 0.002 0.001 
AROMA-d algorithm
1 1 1 1 1 
0.413208 0.437736 0.382075 0.469811 0.417925 
0.332397 0.36782 0.346794 0.405509 0.355793 
0.464865 0.367568 0.404633 0.472973 0.405792 
0.377939 0.280649 0.328935 0.426695 0.334543 
0.001 0.001 0.002 0.002 0.002 
12 query
OASIS algorithm
1 1 1 1 1 
0.45566 0.387736 0.380189 0.423585 0.384906 
0.397708 0.304317 0.232536 0.363836 0.296414 
0.518919 0.42973 0.35251 0.435135 0.420849 
0.48027 0.306241 0.217645 0.388509 0.36042 
0.007 0.001 0.001 0.002 0.002 
PAAS algorithm
0.54375 0.56675 0.53975 0.5455 0.5535 
0.443396 0.323585 0.424528 0.423585 0.430189 
0.358303 0.258534 0.295881 0.321707 0.280852 
0.530116 0.267568 0.435521 0.371429 0.391892 
0.476915 0.175953 0.300218 0.304091 0.289158 
0.001 0.001 0.002 0.002 0.001 
PARS algorithm
0.5475 0.57025 0.54325 0.54825 0.55525 
0.432075 0.346226 0.361321 0.356604 0.368868 
0.363308 0.212733 0.2015 0.246824 0.290967 
0.465251 0.241699 0.363707 0.334363 0.362934 
0.41469 0.181222 0.24814 0.246017 0.303801 
0.001 0.001 0.001 0.001 0.001 
CWS-d algorithm
1 1 1 1 1 
0.382075 0.377358 0.393396 0.432075 0.377358 
0.28973 0.327267 0.255748 0.369097 0.289101 
0.366795 0.399614 0.421622 0.428958 0.380309 
0.288325 0.363527 0.321771 0.377672 0.284048 
0.002 0.002 0.002 0.002 0.002 
CWAS-d algorithm
0.01325 0.01625 0.013 0.017 0.017 
0.290566 0.313208 0.183019 0.360377 0.324528 
0.191368 0.251852 0.10242 0.24311 0.195068 
0.342857 0.325483 0.156757 0.286873 0.338224 
0.251357 0.226475 0.0836355 0.195793 0.246187 
0.002 0.001 0.002 0.001 0.001 
CWAS_Adap-d algorithm
0.136 0.15275 0.12575 0.1415 0.149 
0.341509 0.308491 0.40566 0.406604 0.275472 
0.256966 0.263232 0.289587 0.341545 0.165653 
0.33166 0.27027 0.383398 0.44556 0.204247 
0.26496 0.186169 0.300866 0.394006 0.13623 
0.002 0.001 0.002 0.001 0.001 
CWRS-d algorithm
0.13275 0.15075 0.12175 0.1375 0.1465 
0.335849 0.408491 0.374528 0.329245 0.268868 
0.277886 0.334515 0.302586 0.258954 0.164646 
0.329344 0.411969 0.381081 0.360232 0.30695 
0.30423 0.369829 0.290036 0.322846 0.243918 
0.002 0.001 0.002 0.001 0.002 
AROMA-d algorithm
1 1 1 1 1 
0.413208 0.437736 0.382075 0.469811 0.417925 
0.332397 0.36782 0.346794 0.405509 0.355793 
0.464865 0.367568 0.404633 0.472973 0.405792 
0.377939 0.280649 0.328935 0.426695 0.334543 
0.001 0.001 0.002 0.002 0.002 
13 query
OASIS algorithm
1 1 1 1 1 
0.45566 0.387736 0.380189 0.423585 0.384906 
0.397708 0.304317 0.232536 0.363836 0.296414 
0.518919 0.42973 0.35251 0.435135 0.420849 
0.48027 0.306241 0.217645 0.388509 0.36042 
0.007 0.001 0.001 0.002 0.002 
PAAS algorithm
0.67075 0.684 0.67025 0.67375 0.6835 
0.416981 0.35283 0.426415 0.385849 0.382075 
0.326923 0.245244 0.295071 0.271586 0.292866 
0.471429 0.255598 0.417761 0.391506 0.403861 
0.415362 0.186817 0.281137 0.312106 0.34067 
0.001 0.001 0.001 0.001 0.002 
PARS algorithm
0.68225 0.69625 0.68225 0.6855 0.69525 
0.44717 0.303774 0.319811 0.359434 0.365094 
0.3708 0.174718 0.158261 0.245017 0.286834 
0.476062 0.214672 0.255985 0.316988 0.37722 
0.422126 0.172914 0.145164 0.224936 0.303905 
0.001 0.001 0.001 0.002 0.001 
CWS-d algorithm
1 1 1 1 1 
0.382075 0.377358 0.393396 0.432075 0.377358 
0.28973 0.327267 0.255748 0.369097 0.289101 
0.366795 0.399614 0.421622 0.428958 0.380309 
0.288325 0.363527 0.321771 0.377672 0.284048 
0.002 0.002 0.002 0.002 0.002 
CWAS-d algorithm
0.02725 0.02325 0.0265 0.0245 0.02725 
0.363208 0.407547 0.29717 0.313208 0.257547 
0.23552 0.285652 0.181621 0.196952 0.16627 
0.358687 0.473745 0.314286 0.335907 0.349035 
0.261628 0.396477 0.236119 0.269954 0.26805 
0.001 0.002 0.002 0.001 0.002 
CWAS_Adap-d algorithm
0.1515 0.15125 0.132 0.14925 0.167 
0.433962 0.325472 0.382075 0.460377 0.403774 
0.333619 0.271848 0.275022 0.392195 0.337452 
0.40888 0.292664 0.323938 0.50888 0.261004 
0.340878 0.208721 0.258096 0.448111 0.146163 
0.001 0.002 0.002 0.001 0.002 
CWRS-d algorithm
0.14975 0.149 0.128 0.14725 0.16325 
0.327358 0.408491 0.313208 0.29717 0.346226 
0.216721 0.334515 0.186191 0.269166 0.264432 
0.33861 0.411969 0.298069 0.332432 0.315444 
0.264261 0.369829 0.200906 0.309311 0.256481 
0.002 0.002 0.002 0.001 0.002 
AROMA-d algorithm
1 1 1 1 1 
0.413208 0.437736 0.382075 0.469811 0.417925 
0.332397 0.36782 0.346794 0.405509 0.355793 
0.464865 0.367568 0.404633 0.472973 0.405792 
0.377939 0.280649 0.328935 0.426695 0.334543 
0.001 0.001 0.002 0.002 0.002 
14 query
OASIS algorithm
1 1 1 1 1 
0.45566 0.387736 0.380189 0.423585 0.384906 
0.397708 0.304317 0.232536 0.363836 0.296414 
0.518919 0.42973 0.35251 0.435135 0.420849 
0.48027 0.306241 0.217645 0.388509 0.36042 
0.007 0.001 0.001 0.002 0.002 
PAAS algorithm
0.78975 0.79475 0.7775 0.78025 0.77775 
0.457547 0.327358 0.404717 0.387736 0.44717 
0.359861 0.220255 0.270875 0.268708 0.352075 
0.524324 0.256371 0.394981 0.375676 0.521622 
0.458371 0.184935 0.260483 0.282112 0.454801 
0.001 0.001 0.002 0.001 0.002 
PARS algorithm
0.79825 0.80375 0.7865 0.789 0.76875 
0.428302 0.309434 0.309434 0.410377 0.430189 
0.33146 0.189395 0.156745 0.323331 0.277749 
0.459073 0.256757 0.289961 0.371042 0.386486 
0.431125 0.188069 0.162921 0.312113 0.273442 
0.001 0.001 0.002 0.001 0.002 
CWS-d algorithm
1 1 1 1 1 
0.382075 0.377358 0.393396 0.432075 0.377358 
0.28973 0.327267 0.255748 0.369097 0.289101 
0.366795 0.399614 0.421622 0.428958 0.380309 
0.288325 0.363527 0.321771 0.377672 0.284048 
0.002 0.002 0.002 0.002 0.002 
CWAS-d algorithm
0.0315 0.04125 0.04575 0.0395 0.04325 
0.374528 0.354717 0.308491 0.414151 0.229245 
0.27249 0.248331 0.251255 0.335736 0.151218 
0.389575 0.287645 0.323166 0.475676 0.226255 
0.321442 0.17192 0.25261 0.406936 0.140976 
0.001 0.001 0.002 0.002 0.002 
CWAS_Adap-d algorithm
0.1535 0.16275 0.13725 0.16325 0.16475 
0.39717 0.324528 0.422642 0.385849 0.495283 
0.288115 0.26164 0.348352 0.323097 0.421488 
0.384942 0.301158 0.411583 0.42278 0.456757 
0.299053 0.217249 0.318741 0.350258 0.321444 
0.001 0.001 0.001 0.002 0.001 
CWRS-d algorithm
0.1515 0.1605 0.134 0.155 0.157 
0.306604 0.399057 0.395283 0.337736 0.415094 
0.19906 0.280689 0.304111 0.234927 0.272636 
0.37027 0.317761 0.376062 0.394208 0.369112 
0.307283 0.239638 0.2877 0.269357 0.28713 
0.001 0.002 0.001 0.002 0.002 
AROMA-d algorithm
1 1 1 1 1 
0.413208 0.437736 0.382075 0.469811 0.417925 
0.332397 0.36782 0.346794 0.405509 0.355793 
0.464865 0.367568 0.404633 0.472973 0.405792 
0.377939 0.280649 0.328935 0.426695 0.334543 
0.001 0.001 0.002 0.002 0.002 
15 query
OASIS algorithm
1 1 1 1 1 
0.45566 0.387736 0.380189 0.423585 0.384906 
0.397708 0.304317 0.232536 0.363836 0.296414 
0.518919 0.42973 0.35251 0.435135 0.420849 
0.48027 0.306241 0.217645 0.388509 0.36042 
0.007 0.001 0.001 0.002 0.002 
PAAS algorithm
0.858 0.864 0.85125 0.85625 0.85525 
0.434906 0.370755 0.327358 0.421698 0.458491 
0.388672 0.315797 0.198905 0.366679 0.372009 
0.475676 0.390734 0.351737 0.441313 0.550193 
0.451749 0.30257 0.248523 0.3928 0.485158 
0.002 0.001 0.002 0.001 0.001 
PARS algorithm
0.85425 0.8625 0.84775 0.85225 0.85175 
0.434906 0.424528 0.368868 0.39717 0.364151 
0.388038 0.361332 0.225858 0.339714 0.254668 
0.501931 0.424324 0.340541 0.414672 0.305019 
0.485655 0.342402 0.233319 0.348726 0.199303 
0.001 0.001 0.002 0.002 0.001 
CWS-d algorithm
1 1 1 1 1 
0.382075 0.377358 0.393396 0.432075 0.377358 
0.28973 0.327267 0.255748 0.369097 0.289101 
0.366795 0.399614 0.421622 0.428958 0.380309 
0.288325 0.363527 0.321771 0.377672 0.284048 
0.002 0.002 0.002 0.002 0.002 
CWAS-d algorithm
0.0675 0.07425 0.068 0.065 0.06425 
0.326415 0.4 0.438679 0.433019 0.426415 
0.219201 0.337822 0.296812 0.368678 0.381441 
0.316216 0.342857 0.40888 0.397297 0.337452 
0.242771 0.271135 0.303961 0.317835 0.258117 
0.001 0.002 0.001 0.002 0.002 
CWAS_Adap-d algorithm
0.17275 0.18 0.18325 0.177 0.1725 
0.374528 0.331132 0.386792 0.407547 0.374528 
0.275036 0.267391 0.266236 0.328077 0.315106 
0.4139 0.282625 0.366023 0.414672 0.363707 
0.32778 0.19585 0.306167 0.355035 0.280928 
0.001 0.002 0.001 0.002 0.002 
CWRS-d algorithm
0.165 0.171 0.17425 0.1685 0.1645 
0.284906 0.304717 0.378302 0.383019 0.340566 
0.200991 0.261903 0.264372 0.332882 0.282963 
0.345946 0.281467 0.434749 0.417375 0.300772 
0.268925 0.198595 0.360763 0.370002 0.197345 
0.001 0.002 0.001 0.001 0.002 
AROMA-d algorithm
1 1 1 1 1 
0.413208 0.437736 0.382075 0.469811 0.417925 
0.332397 0.36782 0.346794 0.405509 0.355793 
0.464865 0.367568 0.404633 0.472973 0.405792 
0.377939 0.280649 0.328935 0.426695 0.334543 
0.001 0.001 0.002 0.002 0.002 
16 query
OASIS algorithm
1 1 1 1 1 
0.45566 0.387736 0.380189 0.423585 0.384906 
0.397708 0.304317 0.232536 0.363836 0.296414 
0.518919 0.42973 0.35251 0.435135 0.420849 
0.48027 0.306241 0.217645 0.388509 0.36042 
0.007 0.001 0.001 0.002 0.002 
PAAS algorithm
0.9125 0.9175 0.9135 0.9175 0.918 
0.456604 0.383019 0.40566 0.419811 0.376415 
0.40236 0.331536 0.270627 0.362531 0.291977 
0.505019 0.383012 0.385714 0.434749 0.426641 
0.48452 0.295748 0.283787 0.385194 0.344203 
0.001 0.001 0.002 0.002 0.001 
PARS algorithm
0.9115 0.91725 0.91375 0.91725 0.9175 
0.453774 0.378302 0.369811 0.406604 0.368868 
0.407721 0.279802 0.220642 0.356476 0.276465 
0.512741 0.316988 0.325483 0.429344 0.396139 
0.48795 0.214146 0.199482 0.376906 0.30809 
0.002 0.001 0.001 0.001 0.001 
CWS-d algorithm
1 1 1 1 1 
0.382075 0.377358 0.393396 0.432075 0.377358 
0.28973 0.327267 0.255748 0.369097 0.289101 
0.366795 0.399614 0.421622 0.428958 0.380309 
0.288325 0.363527 0.321771 0.377672 0.284048 
0.002 0.002 0.002 0.002 0.002 
CWAS-d algorithm
0.11275 0.1135 0.101 0.094 0.09125 
0.399057 0.445283 0.29717 0.467925 0.261321 
0.283133 0.396871 0.200961 0.394375 0.175261 
0.356757 0.340927 0.259846 0.404247 0.23668 
0.264283 0.266025 0.232473 0.333601 0.186059 
0.002 0.001 0.001 0.001 0.001 
CWAS_Adap-d algorithm
0.2175 0.2335 0.22275 0.24325 0.2275 
0.392453 0.313208 0.322642 0.376415 0.489623 
0.281794 0.28607 0.279888 0.310982 0.383748 
0.380309 0.332046 0.35444 0.357529 0.384942 
0.321429 0.282012 0.331194 0.300336 0.274408 
0.002 0.002 0.002 0.001 0.002 
CWRS-d algorithm
0.209 0.22325 0.21475 0.2335 0.21875 
0.250943 0.315094 0.39717 0.468868 0.342453 
0.181754 0.260832 0.328847 0.392526 0.275849 
0.26139 0.260618 0.428958 0.507336 0.27529 
0.2531 0.204162 0.401618 0.431527 0.21142 
0.002 0.002 0.002 0.001 0.002 
AROMA-d algorithm
1 1 1 1 1 
0.413208 0.437736 0.382075 0.469811 0.417925 
0.332397 0.36782 0.346794 0.405509 0.355793 
0.464865 0.367568 0.404633 0.472973 0.405792 
0.377939 0.280649 0.328935 0.426695 0.334543 
0.001 0.001 0.002 0.002 0.002 
17 query
OASIS algorithm
1 1 1 1 1 
0.45566 0.387736 0.380189 0.423585 0.384906 
0.397708 0.304317 0.232536 0.363836 0.296414 
0.518919 0.42973 0.35251 0.435135 0.420849 
0.48027 0.306241 0.217645 0.388509 0.36042 
0.007 0.001 0.001 0.002 0.002 
PAAS algorithm
0.95275 0.9535 0.953 0.9525 0.95525 
0.448113 0.371698 0.396226 0.419811 0.383019 
0.388555 0.279152 0.259887 0.363313 0.294288 
0.500386 0.373359 0.37529 0.431274 0.427799 
0.464743 0.257193 0.252313 0.384587 0.349997 
0.001 0.001 0.001 0.001 0.001 
PARS algorithm
0.9485 0.949 0.94875 0.9485 0.95075 
0.45566 0.393396 0.359434 0.417925 0.373585 
0.399032 0.286512 0.210938 0.358135 0.289887 
0.5139 0.394981 0.32471 0.428958 0.411969 
0.486098 0.25869 0.197861 0.379994 0.347355 
0.001 0.002 0.001 0.001 0.002 
CWS-d algorithm
1 1 1 1 1 
0.382075 0.377358 0.393396 0.432075 0.377358 
0.28973 0.327267 0.255748 0.369097 0.289101 
0.366795 0.399614 0.421622 0.428958 0.380309 
0.288325 0.363527 0.321771 0.377672 0.284048 
0.002 0.002 0.002 0.002 0.002 
CWAS-d algorithm
0.152 0.1595 0.14675 0.15925 0.15325 
0.338679 0.333962 0.293396 0.403774 0.467925 
0.17889 0.257802 0.207676 0.302823 0.372108 
0.249035 0.338996 0.306178 0.426255 0.452124 
0.181029 0.246443 0.199907 0.330395 0.338169 
0.001 0.002 0.002 0.002 0.002 
CWAS_Adap-d algorithm
0.289 0.327 0.265 0.287 0.28625 
0.400943 0.369811 0.409434 0.390566 0.412264 
0.273956 0.299363 0.304867 0.353507 0.338912 
0.401544 0.309653 0.382625 0.398842 0.415058 
0.304458 0.208245 0.322765 0.354035 0.382312 
0.001 0.002 0.002 0.001 0.002 
CWRS-d algorithm
0.281 0.3145 0.255 0.279 0.278 
0.238679 0.364151 0.44717 0.428302 0.340566 
0.176243 0.240116 0.356089 0.383741 0.191508 
0.2861 0.311197 0.520463 0.465637 0.188803 
0.261094 0.243001 0.45683 0.428804 0.121497 
0.001 0.002 0.002 0.002 0.001 
AROMA-d algorithm
1 1 1 1 1 
0.413208 0.437736 0.382075 0.469811 0.417925 
0.332397 0.36782 0.346794 0.405509 0.355793 
0.464865 0.367568 0.404633 0.472973 0.405792 
0.377939 0.280649 0.328935 0.426695 0.334543 
0.001 0.001 0.002 0.002 0.002 
18 query
OASIS algorithm
1 1 1 1 1 
0.45566 0.387736 0.380189 0.423585 0.384906 
0.397708 0.304317 0.232536 0.363836 0.296414 
0.518919 0.42973 0.35251 0.435135 0.420849 
0.48027 0.306241 0.217645 0.388509 0.36042 
0.007 0.001 0.001 0.002 0.002 
PAAS algorithm
0.9735 0.972 0.97275 0.974 0.9775 
0.45566 0.399057 0.390566 0.421698 0.389623 
0.395127 0.303227 0.247171 0.363789 0.295247 
0.513127 0.427027 0.359459 0.433205 0.429344 
0.477279 0.295438 0.227674 0.386507 0.356259 
0.001 0.002 0.002 0.001 0.001 
PARS algorithm
0.9715 0.971 0.9715 0.97275 0.9765 
0.436792 0.395283 0.392453 0.419811 0.385849 
0.378875 0.2965 0.249793 0.364505 0.303425 
0.499228 0.434749 0.359459 0.431274 0.424324 
0.45929 0.298523 0.229383 0.382511 0.354811 
0.001 0.002 0.002 0.002 0.001 
CWS-d algorithm
1 1 1 1 1 
0.382075 0.377358 0.393396 0.432075 0.377358 
0.28973 0.327267 0.255748 0.369097 0.289101 
0.366795 0.399614 0.421622 0.428958 0.380309 
0.288325 0.363527 0.321771 0.377672 0.284048 
0.002 0.002 0.002 0.002 0.002 
CWAS-d algorithm
0.2405 0.24025 0.20775 0.20475 0.21775 
0.272642 0.288679 0.425472 0.366981 0.4 
0.174546 0.242712 0.303835 0.329029 0.288647 
0.291892 0.311583 0.3861 0.420849 0.338224 
0.210738 0.258648 0.297308 0.37319 0.250845 
0.001 0.002 0.001 0.002 0.002 
CWAS_Adap-d algorithm
0.3725 0.41675 0.3615 0.36025 0.3575 
0.35 0.346226 0.334906 0.380189 0.330189 
0.215105 0.275274 0.220275 0.28016 0.251554 
0.331274 0.294208 0.315444 0.432819 0.339768 
0.244541 0.268591 0.273519 0.358047 0.26836 
0.001 0.002 0.001 0.002 0.002 
CWRS-d algorithm
0.35775 0.399 0.3485 0.34625 0.3445 
0.357547 0.457547 0.320755 0.390566 0.376415 
0.240065 0.378115 0.227027 0.318913 0.30515 
0.286873 0.369112 0.335907 0.461004 0.258687 
0.277608 0.264661 0.289216 0.416604 0.164576 
0.001 0.002 0.001 0.002 0.002 
AROMA-d algorithm
1 1 1 1 1 
0.413208 0.437736 0.382075 0.469811 0.417925 
0.332397 0.36782 0.346794 0.405509 0.355793 
0.464865 0.367568 0.404633 0.472973 0.405792 
0.377939 0.280649 0.328935 0.426695 0.334543 
0.001 0.001 0.002 0.002 0.002 
19 query
OASIS algorithm
1 1 1 1 1 
0.45566 0.387736 0.380189 0.423585 0.384906 
0.397708 0.304317 0.232536 0.363836 0.296414 
0.518919 0.42973 0.35251 0.435135 0.420849 
0.48027 0.306241 0.217645 0.388509 0.36042 
0.007 0.001 0.001 0.002 0.002 
PAAS algorithm
0.98525 0.98725 0.98475 0.9865 0.98775 
0.454717 0.393396 0.385849 0.418868 0.384906 
0.394504 0.296724 0.248611 0.362575 0.29801 
0.510811 0.42278 0.359073 0.432432 0.420463 
0.476202 0.29175 0.226021 0.385355 0.357918 
0.001 0.001 0.002 0.001 0.002 
PARS algorithm
0.98375 0.988 0.9835 0.9865 0.9885 
0.454717 0.386792 0.39717 0.416038 0.379245 
0.39303 0.286317 0.253617 0.361277 0.288014 
0.510425 0.424324 0.364865 0.432432 0.411969 
0.472067 0.295405 0.233153 0.382959 0.345982 
0.002 0.002 0.001 0.002 0.002 
CWS-d algorithm
1 1 1 1 1 
0.382075 0.377358 0.393396 0.432075 0.377358 
0.28973 0.327267 0.255748 0.369097 0.289101 
0.366795 0.399614 0.421622 0.428958 0.380309 
0.288325 0.363527 0.321771 0.377672 0.284048 
0.002 0.002 0.002 0.002 0.002 
CWAS-d algorithm
0.33425 0.31825 0.3235 0.31125 0.34275 
0.467925 0.357547 0.4 0.489623 0.428302 
0.331658 0.296326 0.261454 0.428824 0.327665 
0.335907 0.328958 0.438224 0.457143 0.416988 
0.236017 0.21253 0.346856 0.409002 0.315611 
0.002 0.002 0.001 0.002 0.002 
CWAS_Adap-d algorithm
0.51475 0.49675 0.47575 0.5115 0.5175 
0.385849 0.380189 0.421698 0.437736 0.361321 
0.32926 0.313325 0.307212 0.332409 0.242263 
0.449035 0.343629 0.304633 0.438996 0.443243 
0.423063 0.218835 0.25543 0.351166 0.344571 
0.002 0.002 0.001 0.002 0.002 
CWRS-d algorithm
0.50175 0.489 0.464 0.5145 0.519 
0.275472 0.310377 0.377358 0.4 0.371698 
0.237138 0.232717 0.269426 0.275755 0.281762 
0.328571 0.299614 0.362162 0.462548 0.359846 
0.317004 0.190175 0.317311 0.376704 0.258836 
0.002 0.002 0.001 0.002 0.002 
AROMA-d algorithm
1 1 1 1 1 
0.413208 0.437736 0.382075 0.469811 0.417925 
0.332397 0.36782 0.346794 0.405509 0.355793 
0.464865 0.367568 0.404633 0.472973 0.405792 
0.377939 0.280649 0.328935 0.426695 0.334543 
0.001 0.001 0.002 0.002 0.002 
