1 1 1 1 1 1 1 1 1 1 1 1 1 1 1 1 1 1 1 1 
0.79919 0.79919 0.79919 0.79919 0.79919 0.79919 0.79919 0.79919 0.79919 0.79919 0.79919 0.79919 0.79919 0.79919 0.79919 0.79919 0.79919 0.79919 0.79919 0.79919 
0.742789 0.742789 0.742789 0.742789 0.742789 0.742789 0.742789 0.742789 0.742789 0.742789 0.742789 0.742789 0.742789 0.742789 0.742789 0.742789 0.742789 0.742789 0.742789 0.742789 
0.772912 0.772912 0.772912 0.772912 0.772912 0.772912 0.772912 0.772912 0.772912 0.772912 0.772912 0.772912 0.772912 0.772912 0.772912 0.772912 0.772912 0.772912 0.772912 0.772912 
0.71225 0.71225 0.71225 0.71225 0.71225 0.71225 0.71225 0.71225 0.71225 0.71225 0.71225 0.71225 0.71225 0.71225 0.71225 0.71225 0.71225 0.71225 0.71225 0.71225 
0.5214 0.5214 0.5214 0.5214 0.5214 0.5214 0.5214 0.5214 0.5214 0.5214 0.5214 0.5214 0.5214 0.5214 0.5214 0.5214 0.5214 0.5214 0.5214 0.5214 
0.00612245 0.00862376 0.0126112 0.0192255 0.0281371 0.0425379 0.0648352 0.0978284 0.148451 0.225296 0.333349 0.467928 0.61259 0.747572 0.849927 0.917357 0.956269 0.977786 0.98831 0.99393 
0.42928 0.51004 0.58247 0.61031 0.68441 0.7019 0.73726 0.75161 0.74096 0.77882 0.7704 0.78819 0.79749 0.79402 0.79107 0.79909 0.7985 0.79802 0.79889 0.79925 
0.364463 0.434571 0.509259 0.53834 0.617883 0.6374 0.673871 0.687745 0.675271 0.719128 0.708457 0.730744 0.740451 0.736778 0.733265 0.742861 0.741697 0.741481 0.742617 0.743134 
0.418672 0.497264 0.571264 0.60448 0.671984 0.683664 0.712672 0.735904 0.724704 0.753936 0.745504 0.760704 0.769312 0.76904 0.765696 0.773904 0.77248 0.7716 0.771648 0.773232 
0.346494 0.415854 0.488993 0.528039 0.602059 0.616577 0.647326 0.671212 0.655532 0.692032 0.67827 0.696543 0.707355 0.706341 0.703528 0.713132 0.711501 0.71067 0.710826 0.712754 
0.095 0.09 0.093 0.1014 0.103 0.111 0.1218 0.1382 0.1584 0.1962 0.2428 0.2998 0.3524 0.4138 0.4516 0.4722 0.4754 0.4964 0.4976 0.5074 
0.00623757 0.00867609 0.0127525 0.0193668 0.0288278 0.0424594 0.0648509 0.0972632 0.148514 0.224584 0.331083 0.468645 0.610665 0.748456 0.850701 0.917635 0.956468 0.978566 0.988278 0.993851 
0.318 0.36911 0.49955 0.51018 0.56406 0.6243 0.61508 0.68723 0.68978 0.71874 0.74649 0.76218 0.78884 0.79315 0.79177 0.79393 0.79823 0.80115 0.79567 0.80036 
0.272745 0.312814 0.434593 0.440487 0.496127 0.553577 0.542598 0.621638 0.620184 0.650102 0.683742 0.700643 0.730108 0.735728 0.734582 0.737516 0.741658 0.745416 0.739314 0.744651 
0.309488 0.3748 0.490528 0.498608 0.551008 0.6152 0.607392 0.660288 0.662784 0.70384 0.726368 0.737008 0.764032 0.766496 0.76472 0.764 0.772368 0.776016 0.7688 0.773712 
0.257273 0.311457 0.418357 0.422596 0.475297 0.540221 0.531535 0.58954 0.593769 0.633929 0.660635 0.670937 0.704176 0.70307 0.702177 0.700624 0.710852 0.71607 0.708035 0.713398 
0.096 0.0922 0.087 0.0996 0.106 0.1076 0.1238 0.1368 0.1576 0.185 0.2326 0.2882 0.3502 0.418 0.4416 0.4706 0.48 0.5008 0.4982 0.5064 
1 1 1 1 1 1 1 1 1 1 1 1 1 1 1 1 1 1 1 1 
0.81169 0.81169 0.81169 0.81169 0.81169 0.81169 0.81169 0.81169 0.81169 0.81169 0.81169 0.81169 0.81169 0.81169 0.81169 0.81169 0.81169 0.81169 0.81169 0.81169 
0.757125 0.757125 0.757125 0.757125 0.757125 0.757125 0.757125 0.757125 0.757125 0.757125 0.757125 0.757125 0.757125 0.757125 0.757125 0.757125 0.757125 0.757125 0.757125 0.757125 
0.780224 0.780224 0.780224 0.780224 0.780224 0.780224 0.780224 0.780224 0.780224 0.780224 0.780224 0.780224 0.780224 0.780224 0.780224 0.780224 0.780224 0.780224 0.780224 0.780224 
0.721273 0.721273 0.721273 0.721273 0.721273 0.721273 0.721273 0.721273 0.721273 0.721273 0.721273 0.721273 0.721273 0.721273 0.721273 0.721273 0.721273 0.721273 0.721273 0.721273 
0.485 0.485 0.485 0.485 0.485 0.485 0.485 0.485 0.485 0.485 0.485 0.485 0.485 0.485 0.485 0.485 0.485 0.485 0.485 0.485 
0.00562009 0.00808477 0.0118001 0.0179853 0.0266039 0.0395604 0.060696 0.0921298 0.140047 0.212454 0.315285 0.443993 0.591811 0.728587 0.836939 0.908362 0.950963 0.974657 0.987436 0.993605 
0.44069 0.51919 0.57243 0.6105 0.68591 0.71864 0.73807 0.77509 0.77746 0.76778 0.79283 0.80443 0.81029 0.80374 0.80797 0.80824 0.80909 0.80417 0.8083 0.81006 
0.373128 0.451979 0.495373 0.542474 0.615409 0.650779 0.67156 0.715795 0.715656 0.703764 0.735523 0.750083 0.757524 0.748961 0.753986 0.753552 0.754871 0.749249 0.753336 0.755819 
0.446144 0.503584 0.568368 0.598928 0.66584 0.695504 0.718848 0.74696 0.749552 0.746608 0.767792 0.776032 0.778096 0.77736 0.778896 0.778576 0.77968 0.77528 0.781664 0.780112 
0.367286 0.424797 0.485258 0.52801 0.595642 0.62839 0.652813 0.687662 0.68683 0.679262 0.708585 0.71761 0.72062 0.717677 0.719578 0.717964 0.721148 0.715491 0.722502 0.720981 
0.1124 0.1128 0.1332 0.147 0.1656 0.1846 0.2184 0.2592 0.2998 0.3452 0.3874 0.4286 0.4554 0.4616 0.47 0.4706 0.4718 0.4768 0.4756 0.4716 
0.00564103 0.00834642 0.0116379 0.0184615 0.0269126 0.0398901 0.060989 0.0927106 0.139901 0.213428 0.315683 0.442397 0.591884 0.728268 0.837959 0.908446 0.951298 0.97438 0.987755 0.993312 
0.31277 0.39655 0.38873 0.46196 0.55985 0.60082 0.64772 0.66626 0.7144 0.74651 0.75966 0.76294 0.78734 0.79092 0.80175 0.80376 0.8091 0.80511 0.80344 0.80623 
0.260362 0.332273 0.33168 0.397112 0.495959 0.533573 0.577394 0.601008 0.645036 0.68319 0.698877 0.699629 0.728479 0.732114 0.748596 0.747951 0.755731 0.749521 0.747218 0.751631 
0.317696 0.406032 0.39336 0.45544 0.555168 0.591424 0.629824 0.64648 0.698336 0.721472 0.7464 0.742416 0.762464 0.766128 0.771344 0.774128 0.778752 0.777104 0.774912 0.77816 
0.260425 0.334233 0.321577 0.387333 0.486797 0.520471 0.553352 0.573493 0.62791 0.656737 0.684543 0.6744 0.702805 0.702798 0.710924 0.713093 0.719692 0.717152 0.714222 0.718735 
0.1084 0.1106 0.1126 0.1156 0.1248 0.1398 0.1598 0.1684 0.1972 0.2258 0.2638 0.3162 0.3592 0.4082 0.4392 0.4456 0.454 0.4778 0.4864 0.4728 
1 1 1 1 1 1 1 1 1 1 1 1 1 1 1 1 1 1 1 1 
0.82577 0.82577 0.82577 0.82577 0.82577 0.82577 0.82577 0.82577 0.82577 0.82577 0.82577 0.82577 0.82577 0.82577 0.82577 0.82577 0.82577 0.82577 0.82577 0.82577 
0.772054 0.772054 0.772054 0.772054 0.772054 0.772054 0.772054 0.772054 0.772054 0.772054 0.772054 0.772054 0.772054 0.772054 0.772054 0.772054 0.772054 0.772054 0.772054 0.772054 
0.788272 0.788272 0.788272 0.788272 0.788272 0.788272 0.788272 0.788272 0.788272 0.788272 0.788272 0.788272 0.788272 0.788272 0.788272 0.788272 0.788272 0.788272 0.788272 0.788272 
0.729551 0.729551 0.729551 0.729551 0.729551 0.729551 0.729551 0.729551 0.729551 0.729551 0.729551 0.729551 0.729551 0.729551 0.729551 0.729551 0.729551 0.729551 0.729551 0.729551 
0.5634 0.5634 0.5634 0.5634 0.5634 0.5634 0.5634 0.5634 0.5634 0.5634 0.5634 0.5634 0.5634 0.5634 0.5634 0.5634 0.5634 0.5634 0.5634 0.5634 
