1 1 1 1 1 1 1 1 1 1 
0.99115 0.99115 0.99115 0.99115 0.99115 0.99115 0.99115 0.99115 0.99115 0.99115 
0.988488 0.988488 0.988488 0.988488 0.988488 0.988488 0.988488 0.988488 0.988488 0.988488 
0.97656 0.97656 0.97656 0.97656 0.97656 0.97656 0.97656 0.97656 0.97656 0.97656 
0.971521 0.971521 0.971521 0.971521 0.971521 0.971521 0.971521 0.971521 0.971521 0.971521 
0.3604 0.3604 0.3604 0.3604 0.3604 0.3604 0.3604 0.3604 0.3604 0.3604 
0.00461538 0.011916 0.0340883 0.106809 0.330876 0.702251 0.926474 0.985755 0.997115 0.999587 
0.71345 0.8949 0.949 0.97335 0.9864 0.9912 0.99195 0.9912 0.99125 0.99115 
0.648257 0.873358 0.938007 0.966598 0.982847 0.988661 0.989158 0.988606 0.988574 0.988488 
0.68912 0.87136 0.9356 0.9628 0.97256 0.97672 0.9772 0.97648 0.9764 0.97648 
0.615446 0.843648 0.920517 0.953205 0.966944 0.971552 0.972441 0.971328 0.971359 0.971473 
0.0658 0.065 0.07 0.0996 0.1658 0.2802 0.3412 0.3636 0.3678 0.3762 
0.00433761 0.0116382 0.033839 0.106702 0.330826 0.701624 0.925926 0.985399 0.996973 0.99958 
0.59295 0.7314 0.8433 0.9512 0.97495 0.9875 0.99075 0.99135 0.99135 0.99115 
0.53097 0.675968 0.794412 0.941226 0.969171 0.982799 0.987908 0.988496 0.988767 0.988503 
0.596 0.73064 0.83408 0.94224 0.9644 0.9744 0.97584 0.9752 0.97672 0.97656 
0.530008 0.670377 0.791539 0.928002 0.955255 0.967519 0.970154 0.969522 0.971639 0.971459 
0.0664 0.0622 0.0768 0.0996 0.165 0.276 0.3406 0.3504 0.3628 0.3674 
1 1 1 1 1 1 1 1 1 1 
0.99215 0.99215 0.99215 0.99215 0.99215 0.99215 0.99215 0.99215 0.99215 0.99215 
0.989804 0.989804 0.989804 0.989804 0.989804 0.989804 0.989804 0.989804 0.989804 0.989804 
0.98216 0.98216 0.98216 0.98216 0.98216 0.98216 0.98216 0.98216 0.98216 0.98216 
0.97806 0.97806 0.97806 0.97806 0.97806 0.97806 0.97806 0.97806 0.97806 0.97806 
0.1698 0.1698 0.1698 0.1698 0.1698 0.1698 0.1698 0.1698 0.1698 0.1698 
0.00251425 0.00774929 0.0219658 0.0711182 0.237714 0.593248 0.879551 0.975249 0.99589 0.999359 
0.5597 0.81935 0.95525 0.97705 0.98955 0.992 0.99235 0.9935 0.99255 0.99215 
0.507217 0.7821 0.944755 0.970537 0.985824 0.989194 0.989819 0.991263 0.990265 0.989804 
0.5376 0.81448 0.9364 0.96208 0.9768 0.98144 0.97928 0.98096 0.98144 0.98216 
0.487208 0.777307 0.922691 0.951791 0.970817 0.977015 0.975132 0.976089 0.976902 0.97806 
0.0694 0.0796 0.0948 0.1218 0.1442 0.1574 0.167 0.1662 0.1654 0.1646 
0.00215812 0.00755698 0.0217308 0.0708618 0.236702 0.594487 0.880556 0.97458 0.995954 0.999373 
0.39075 0.6968 0.84645 0.893 0.9707 0.98615 0.99155 0.9916 0.9922 0.992 
0.364343 0.641884 0.80205 0.866266 0.962224 0.982084 0.988929 0.988966 0.988966 0.989635 
0.36736 0.6876 0.8344 0.86696 0.95672 0.97528 0.97992 0.9788 0.98168 0.9824 
0.335949 0.626615 0.788491 0.833333 0.946541 0.969769 0.974817 0.973755 0.977969 0.978376 
0.0668 0.0686 0.0786 0.0928 0.1174 0.1456 0.1606 0.173 0.1676 0.1678 
1 1 1 1 1 1 1 1 1 1 
0.9943 0.9943 0.9943 0.9943 0.9943 0.9943 0.9943 0.9943 0.9943 0.9943 
0.992542 0.992542 0.992542 0.992542 0.992542 0.992542 0.992542 0.992542 0.992542 0.992542 
0.9836 0.9836 0.9836 0.9836 0.9836 0.9836 0.9836 0.9836 0.9836 0.9836 
0.980426 0.980426 0.980426 0.980426 0.980426 0.980426 0.980426 0.980426 0.980426 0.980426 
0.3636 0.3636 0.3636 0.3636 0.3636 0.3636 0.3636 0.3636 0.3636 0.3636 
