OASIS_C	 AP_test
0.03125	0.92592
0.0625	0.94112
0.125	0.95264
0.25	0.96808
0.5	0.97312
1	0.97496
2	0.97536
4	0.97656
8	0.97576
16	0.97576
32	0.97576
Best OASIS_C: 	4	 AP_test=0.97656
/******************************************/
AROW_eta 	 AROW_r 	 AP_test
0.03125	0.03125	0.8612
0.03125	0.0625	0.87264
0.03125	0.125	0.87784
0.03125	0.25	0.88664
0.03125	0.5	0.89664
0.03125	1	0.9076
0.03125	2	0.91584
0.03125	4	0.9212
0.03125	8	0.92496
0.03125	16	0.92568
0.03125	32	0.92592
0.0625	0.03125	0.89864
0.0625	0.0625	0.90624
0.0625	0.125	0.91368
0.0625	0.25	0.92392
0.0625	0.5	0.93072
0.0625	1	0.93632
0.0625	2	0.9408
0.0625	4	0.94224
0.0625	8	0.94256
0.0625	16	0.94096
0.0625	32	0.94048
0.125	0.03125	0.93448
0.125	0.0625	0.93856
0.125	0.125	0.94392
0.125	0.25	0.94904
0.125	0.5	0.9532
0.125	1	0.95512
0.125	2	0.95416
0.125	4	0.95416
0.125	8	0.95376
0.125	16	0.95368
0.125	32	0.95344
0.25	0.03125	0.96088
0.25	0.0625	0.9628
0.25	0.125	0.96408
0.25	0.25	0.96472
0.25	0.5	0.96512
0.25	1	0.96592
0.25	2	0.96656
0.25	4	0.9676
0.25	8	0.96816
0.25	16	0.9688
0.25	32	0.96792
0.5	0.03125	0.97264
0.5	0.0625	0.97288
0.5	0.125	0.97368
0.5	0.25	0.9752
0.5	0.5	0.97568
0.5	1	0.97656
0.5	2	0.9756
0.5	4	0.9744
0.5	8	0.9752
0.5	16	0.97392
0.5	32	0.97408
1	0.03125	0.98
1	0.0625	0.97944
1	0.125	0.98016
1	0.25	0.97856
1	0.5	0.9792
1	1	0.97856
1	2	0.97792
1	4	0.97728
1	8	0.97848
1	16	0.9768
1	32	0.97664
2	0.03125	0.9812
2	0.0625	0.98088
2	0.125	0.98088
2	0.25	0.98072
2	0.5	0.97968
2	1	0.98128
2	2	0.9756
2	4	0.97904
2	8	0.97504
2	16	0.97776
2	32	0.97536
4	0.03125	0.9788
4	0.0625	0.98216
4	0.125	0.98136
4	0.25	0.98048
4	0.5	0.97736
4	1	0.97928
4	2	0.97512
4	4	0.97424
4	8	0.97408
4	16	0.9712
4	32	0.97064
8	0.03125	0.97776
8	0.0625	0.97576
8	0.125	0.97464
8	0.25	0.97536
8	0.5	0.97304
8	1	0.97144
8	2	0.97032
8	4	0.96744
8	8	0.9716
8	16	0.95832
8	32	0.95608
16	0.03125	0.96424
16	0.0625	0.96768
16	0.125	0.97152
16	0.25	0.96632
16	0.5	0.96128
16	1	0.97128
16	2	0.96216
16	4	0.96368
16	8	0.95832
16	16	0.94264
16	32	0.96192
32	0.03125	0.9608
32	0.0625	0.966
32	0.125	0.9628
32	0.25	0.95648
32	0.5	0.9636
32	1	0.96064
32	2	0.95904
32	4	0.95912
32	8	0.964
32	16	0.9408
32	32	0.96128
Best AROW_eta=4	 AROW_r=0.0625	 AP_test=0.98216
/******************************************/
 AROWC_r
0.000976563	0.982
0.00390625	0.98192
0.015625	0.9828
0.0625	0.98312
0.25	0.9836
1	0.98072
4	0.9736
16	0.94688
64	0.918
256	0.8816
Best AROWC_r=0.25	 AP_test=0.9836
/******************************************/
