1 1 1 1 1 1 1 1 1 1 
0.76925 0.76925 0.76925 0.76925 0.76925 0.76925 0.76925 0.76925 0.76925 0.76925 
0.703812 0.703812 0.703812 0.703812 0.703812 0.703812 0.703812 0.703812 0.703812 0.703812 
0.42056 0.42056 0.42056 0.42056 0.42056 0.42056 0.42056 0.42056 0.42056 0.42056 
0.328711 0.328711 0.328711 0.328711 0.328711 0.328711 0.328711 0.328711 0.328711 0.328711 
37.3556 37.3556 37.3556 37.3556 37.3556 37.3556 37.3556 37.3556 37.3556 37.3556 
0.0671714 0.121879 0.211629 0.35035 0.533864 0.7407 0.899179 0.969064 0.992243 0.998036 
0.718 0.76965 0.77835 0.77345 0.7634 0.76515 0.7658 0.77 0.76895 0.7694 
0.656949 0.708273 0.717767 0.712985 0.700921 0.701503 0.700191 0.704362 0.703219 0.704083 
0.348 0.37728 0.39832 0.406 0.42008 0.42224 0.42112 0.42136 0.42064 0.42032 
0.24899 0.278192 0.30275 0.312755 0.326381 0.326993 0.327888 0.328791 0.328528 0.328696 
2.8886 4.9222 8.2608 13.4164 20.197 27.8532 33.7108 36.2718 37.1404 37.357 
0.0672786 0.122571 0.211093 0.350893 0.534157 0.739186 0.901093 0.968707 0.992379 0.997971 
0.6093 0.63755 0.64175 0.67345 0.71125 0.73835 0.7593 0.7661 0.768 0.76885 
0.542715 0.574432 0.574935 0.608328 0.646553 0.671723 0.694435 0.70049 0.702759 0.703313 
0.35912 0.36848 0.39408 0.39824 0.41032 0.41624 0.41888 0.41968 0.42048 0.4208 
0.267586 0.276356 0.303013 0.309189 0.323159 0.325696 0.326553 0.327987 0.328713 0.32879 
2.8956 4.9518 8.2426 13.4326 20.198 27.8 33.761 36.2438 37.1704 37.4026 
1 1 1 1 1 1 1 1 1 1 
0.75505 0.75505 0.75505 0.75505 0.75505 0.75505 0.75505 0.75505 0.75505 0.75505 
0.694289 0.694289 0.694289 0.694289 0.694289 0.694289 0.694289 0.694289 0.694289 0.694289 
0.42368 0.42368 0.42368 0.42368 0.42368 0.42368 0.42368 0.42368 0.42368 0.42368 
0.333512 0.333512 0.333512 0.333512 0.333512 0.333512 0.333512 0.333512 0.333512 0.333512 
193.657 193.657 193.657 193.657 193.657 193.657 193.657 193.657 193.657 193.657 
0.0683214 0.124136 0.215436 0.360221 0.549571 0.753029 0.904029 0.971129 0.992743 0.998336 
0.72865 0.7724 0.7794 0.77835 0.76835 0.7568 0.75795 0.7543 0.75545 0.7552 
0.669629 0.711332 0.720991 0.719487 0.709877 0.695733 0.698207 0.693954 0.694619 0.694857 
0.35848 0.3728 0.40576 0.4144 0.4232 0.42232 0.42256 0.42264 0.42264 0.4236 
0.259982 0.277848 0.31012 0.319575 0.329443 0.33099 0.332781 0.332186 0.332923 0.333407 
15.7934 28.284 48.7636 81.262 122.403 161.435 183.911 191.738 194.223 194.886 
0.0687929 0.124336 0.213164 0.359207 0.552093 0.754393 0.904564 0.971571 0.992886 0.998193 
0.61715 0.6352 0.64445 0.6653 0.70265 0.7333 0.74455 0.75435 0.75565 0.7548 
0.553089 0.570579 0.580661 0.602816 0.641135 0.671274 0.6834 0.69415 0.695085 0.694395 
0.35744 0.37888 0.39128 0.4036 0.41056 0.41616 0.42168 0.42392 0.42248 0.42248 
0.265305 0.28743 0.304891 0.315101 0.321099 0.328073 0.332505 0.33326 0.332543 0.332896 
15.9264 28.3024 47.9534 78.339 115.008 151.351 175.933 187.622 191.236 192.239 
1 1 1 1 1 1 1 1 1 1 
0.89405 0.89405 0.89405 0.89405 0.89405 0.89405 0.89405 0.89405 0.89405 0.89405 
0.850387 0.850387 0.850387 0.850387 0.850387 0.850387 0.850387 0.850387 0.850387 0.850387 
0.40208 0.40208 0.40208 0.40208 0.40208 0.40208 0.40208 0.40208 0.40208 0.40208 
0.301026 0.301026 0.301026 0.301026 0.301026 0.301026 0.301026 0.301026 0.301026 0.301026 
146.663 146.663 146.663 146.663 146.663 146.663 146.663 146.663 146.663 146.663 
0.0324214 0.0610286 0.115429 0.211393 0.380693 0.623307 0.844586 0.952557 0.987536 0.996693 
0.6005 0.71875 0.7857 0.8244 0.8613 0.88155 0.8899 0.8922 0.8938 0.89415 
0.537052 0.660445 0.723075 0.765164 0.810197 0.833829 0.844261 0.847841 0.849864 0.85046 
0.30392 0.35392 0.3788 0.38424 0.4008 0.40024 0.40528 0.40232 0.40392 0.40216 
0.203331 0.25756 0.274658 0.283036 0.300445 0.298505 0.302985 0.301111 0.301835 0.300952 
7.7374 14.002 25.928 46.033 77.1624 110.878 133.65 141.906 144.676 145.216 
0.0321286 0.0612 0.115829 0.210457 0.381314 0.624036 0.843593 0.951693 0.987657 0.99655 
0.5701 0.66525 0.7449 0.79335 0.84185 0.86375 0.8872 0.89235 0.89435 0.894 
0.507666 0.606551 0.682933 0.729915 0.78707 0.811565 0.840585 0.84731 0.850464 0.850529 
0.3328 0.34648 0.37816 0.38968 0.3944 0.40904 0.40264 0.40384 0.40272 0.40224 
0.237349 0.248457 0.277871 0.293 0.297696 0.306323 0.300165 0.301002 0.30121 0.300577 
7.6466 13.911 25.061 42.425 69.4116 101.709 127.492 138.696 142.069 143.009 
