1 1 1 1 1 1 1 1 1 1 1 1 1 1 1 1 1 1 1 1 
0.8047 0.8047 0.8047 0.8047 0.8047 0.8047 0.8047 0.8047 0.8047 0.8047 0.8047 0.8047 0.8047 0.8047 0.8047 0.8047 0.8047 0.8047 0.8047 0.8047 
0.750179 0.750179 0.750179 0.750179 0.750179 0.750179 0.750179 0.750179 0.750179 0.750179 0.750179 0.750179 0.750179 0.750179 0.750179 0.750179 0.750179 0.750179 0.750179 0.750179 
0.7044 0.7044 0.7044 0.7044 0.7044 0.7044 0.7044 0.7044 0.7044 0.7044 0.7044 0.7044 0.7044 0.7044 0.7044 0.7044 0.7044 0.7044 0.7044 0.7044 
0.631985 0.631985 0.631985 0.631985 0.631985 0.631985 0.631985 0.631985 0.631985 0.631985 0.631985 0.631985 0.631985 0.631985 0.631985 0.631985 0.631985 0.631985 0.631985 0.631985 
8.8354 8.8354 8.8354 8.8354 8.8354 8.8354 8.8354 8.8354 8.8354 8.8354 8.8354 8.8354 8.8354 8.8354 8.8354 8.8354 8.8354 8.8354 8.8354 8.8354 
0.0343305 0.0480769 0.067735 0.0922934 0.124672 0.164829 0.214772 0.284288 0.369088 0.475997 0.59537 0.716254 0.81906 0.894473 0.942194 0.969202 0.984259 0.992507 0.996182 0.997949 
0.60205 0.66195 0.6939 0.7284 0.7311 0.758 0.7625 0.77865 0.7883 0.78945 0.79985 0.79795 0.80325 0.8013 0.80505 0.80475 0.80465 0.80475 0.8044 0.80495 
0.512145 0.576582 0.61586 0.655269 0.663996 0.69513 0.703978 0.720066 0.736378 0.731763 0.747877 0.740652 0.748378 0.746204 0.751231 0.75046 0.749765 0.750315 0.750154 0.750399 
0.50816 0.56624 0.58528 0.62728 0.64608 0.66832 0.6724 0.6824 0.69024 0.68488 0.69504 0.702 0.70488 0.70072 0.70328 0.7044 0.70568 0.70456 0.70512 0.70488 
0.407461 0.471838 0.497169 0.551217 0.566241 0.592934 0.598812 0.612019 0.618595 0.608926 0.623408 0.63125 0.63363 0.630247 0.632232 0.632062 0.63357 0.632128 0.632737 0.632449 
1.0886 1.2136 1.3844 1.5738 1.867 2.1902 2.6112 3.1938 3.85 4.7342 5.6206 6.5814 7.3488 7.9228 8.351 8.492 8.6514 8.652 8.6848 8.6816 
0.034188 0.0481481 0.0700285 0.0931339 0.125085 0.167251 0.212977 0.285598 0.370057 0.476738 0.597792 0.719145 0.817949 0.893305 0.942849 0.969715 0.984487 0.992308 0.99614 0.997934 
0.37035 0.50445 0.6007 0.62425 0.66345 0.7015 0.7136 0.74115 0.755 0.76695 0.785 0.79255 0.79455 0.79875 0.8014 0.80295 0.80355 0.8033 0.80395 0.8042 
0.319247 0.431838 0.531008 0.568795 0.606526 0.640567 0.650676 0.677987 0.696345 0.711526 0.730336 0.737707 0.741798 0.744584 0.746553 0.749389 0.748253 0.748757 0.749542 0.74935 
0.35968 0.45584 0.52872 0.56024 0.60424 0.63296 0.6472 0.662 0.67216 0.68864 0.69304 0.69136 0.70008 0.70216 0.70312 0.70208 0.70352 0.70424 0.70456 0.70512 
0.300145 0.385694 0.45294 0.486376 0.536052 0.563023 0.572505 0.592429 0.596455 0.61714 0.620573 0.618373 0.629216 0.630683 0.630986 0.631412 0.630735 0.631486 0.632366 0.632661 
1.0912 1.224 1.4 1.5968 1.8512 2.2094 2.5712 3.1682 3.8506 4.6928 5.6678 6.6178 7.3002 7.9238 8.33 8.544 8.6026 8.7822 8.6912 8.7238 
1 1 1 1 1 1 1 1 1 1 1 1 1 1 1 1 1 1 1 1 
0.8575 0.8575 0.8575 0.8575 0.8575 0.8575 0.8575 0.8575 0.8575 0.8575 0.8575 0.8575 0.8575 0.8575 0.8575 0.8575 0.8575 0.8575 0.8575 0.8575 
0.81094 0.81094 0.81094 0.81094 0.81094 0.81094 0.81094 0.81094 0.81094 0.81094 0.81094 0.81094 0.81094 0.81094 0.81094 0.81094 0.81094 0.81094 0.81094 0.81094 
0.70376 0.70376 0.70376 0.70376 0.70376 0.70376 0.70376 0.70376 0.70376 0.70376 0.70376 0.70376 0.70376 0.70376 0.70376 0.70376 0.70376 0.70376 0.70376 0.70376 
0.633758 0.633758 0.633758 0.633758 0.633758 0.633758 0.633758 0.633758 0.633758 0.633758 0.633758 0.633758 0.633758 0.633758 0.633758 0.633758 0.633758 0.633758 0.633758 0.633758 
13.6522 13.6522 13.6522 13.6522 13.6522 13.6522 13.6522 13.6522 13.6522 13.6522 13.6522 13.6522 13.6522 13.6522 13.6522 13.6522 13.6522 13.6522 13.6522 13.6522 
0.0088604 0.0138604 0.0216239 0.0301709 0.04651 0.0681339 0.0961823 0.140313 0.201795 0.288946 0.401339 0.538519 0.676339 0.794601 0.8799 0.935812 0.965456 0.982521 0.991667 0.995684 
0.40775 0.491 0.58275 0.58735 0.6704 0.69955 0.7281 0.78055 0.79495 0.8053 0.82935 0.842 0.8407 0.85175 0.8562 0.8535 0.8597 0.8556 0.85845 0.8574 
0.318473 0.391063 0.490736 0.481334 0.583156 0.613488 0.653201 0.71724 0.73256 0.740246 0.772223 0.789655 0.78728 0.800139 0.807202 0.803816 0.812865 0.804761 0.810641 0.809736 
0.36648 0.42264 0.49456 0.51392 0.58416 0.5964 0.62928 0.65336 0.67696 0.68448 0.69064 0.69912 0.69376 0.6992 0.70824 0.70184 0.70192 0.70328 0.70656 0.70384 
0.270052 0.319853 0.401637 0.411978 0.497058 0.497707 0.541406 0.57403 0.599705 0.60947 0.619451 0.628437 0.618362 0.626523 0.638429 0.632353 0.632578 0.632974 0.63883 0.634618 
1.3166 1.5786 1.993 2.4088 3.1526 4.05 5.0686 6.348 7.6816 9.16 10.564 11.5856 12.287 12.7702 13.0652 13.2222 13.2326 13.2686 13.4222 13.3154 
0.00921652 0.0139031 0.0214103 0.0286895 0.0464672 0.0679915 0.0960399 0.137892 0.201838 0.290598 0.398632 0.538533 0.677792 0.792934 0.877621 0.936225 0.966581 0.982222 0.991709 0.995997 
0.30205 0.39355 0.52865 0.5089 0.60905 0.6195 0.69795 0.70425 0.7363 0.7884 0.79175 0.8215 0.82495 0.8345 0.84955 0.8555 0.85145 0.85185 0.8538 0.85715 
0.214166 0.306273 0.433076 0.4176 0.52049 0.532307 0.619402 0.624198 0.655869 0.730064 0.725388 0.764223 0.769713 0.779212 0.799974 0.805947 0.799821 0.801158 0.803152 0.807687 
0.28512 0.34088 0.45336 0.43192 0.53296 0.5316 0.60544 0.6204 0.62248 0.67312 0.65912 0.68248 0.69008 0.6916 0.71072 0.70704 0.69728 0.69568 0.6972 0.70352 
0.19915 0.260649 0.358232 0.341223 0.44024 0.432932 0.506086 0.534926 0.52924 0.603126 0.583755 0.60817 0.616015 0.617379 0.638843 0.639207 0.625249 0.627801 0.627324 0.634817 
1.2722 1.4682 1.7566 2.0272 2.4976 3.0536 3.6114 4.3158 5.3428 6.52 7.8252 9.3042 10.6 11.5966 12.3424 12.9106 13.0848 13.2416 13.2842 13.357 
1 1 1 1 1 1 1 1 1 1 1 1 1 1 1 1 1 1 1 1 
0.86725 0.86725 0.86725 0.86725 0.86725 0.86725 0.86725 0.86725 0.86725 0.86725 0.86725 0.86725 0.86725 0.86725 0.86725 0.86725 0.86725 0.86725 0.86725 0.86725 
0.820724 0.820724 0.820724 0.820724 0.820724 0.820724 0.820724 0.820724 0.820724 0.820724 0.820724 0.820724 0.820724 0.820724 0.820724 0.820724 0.820724 0.820724 0.820724 0.820724 
0.7128 0.7128 0.7128 0.7128 0.7128 0.7128 0.7128 0.7128 0.7128 0.7128 0.7128 0.7128 0.7128 0.7128 0.7128 0.7128 0.7128 0.7128 0.7128 0.7128 
0.645054 0.645054 0.645054 0.645054 0.645054 0.645054 0.645054 0.645054 0.645054 0.645054 0.645054 0.645054 0.645054 0.645054 0.645054 0.645054 0.645054 0.645054 0.645054 0.645054 
25.152 25.152 25.152 25.152 25.152 25.152 25.152 25.152 25.152 25.152 25.152 25.152 25.152 25.152 25.152 25.152 25.152 25.152 25.152 25.152 
0.015812 0.0230627 0.0324786 0.0496581 0.0724074 0.103077 0.147308 0.212678 0.296681 0.408903 0.542251 0.675698 0.79537 0.880342 0.933219 0.965242 0.982806 0.991524 0.996097 0.997749 
0.50625 0.60885 0.6349 0.6925 0.7095 0.7563 0.7827 0.7951 0.8314 0.84705 0.8524 0.8597 0.86475 0.86235 0.86695 0.8665 0.86755 0.86765 0.8671 0.8673 
0.419093 0.519541 0.544908 0.608282 0.625188 0.681656 0.716634 0.730011 0.779598 0.798002 0.803351 0.814181 0.815758 0.814384 0.82037 0.819528 0.821024 0.821249 0.82077 0.820826 
0.43448 0.5028 0.55616 0.592 0.60088 0.65008 0.66488 0.6816 0.70032 0.70984 0.71096 0.70784 0.7116 0.7128 0.71144 0.71344 0.7132 0.7124 0.71296 0.71232 
0.333901 0.402673 0.468065 0.493127 0.506672 0.57281 0.588782 0.607441 0.62552 0.643417 0.645009 0.639721 0.644463 0.644399 0.64466 0.644797 0.645887 0.645229 0.645058 0.644602 
1.7056 2.1062 2.6048 3.4786 4.599 6.032 7.8714 10.3928 12.9852 16.06 18.7868 20.9078 22.4516 23.3598 24.0416 24.1758 24.3828 24.45 24.4112 24.4542 
0.0161111 0.0233903 0.032037 0.0495299 0.0725783 0.10416 0.149302 0.211937 0.298048 0.409872 0.541695 0.678561 0.796481 0.881425 0.93312 0.965541 0.983262 0.991795 0.995926 0.997849 
0.46385 0.5308 0.57965 0.64135 0.6702 0.69085 0.72785 0.74315 0.7872 0.8091 0.8321 0.84535 0.8592 0.8592 0.8646 0.8632 0.86665 0.86705 0.86685 0.8672 
0.367757 0.430301 0.493564 0.559245 0.592754 0.605512 0.653625 0.662455 0.72564 0.746014 0.774361 0.795703 0.81175 0.810974 0.817121 0.815888 0.820513 0.819971 0.819781 0.819939 
0.4152 0.46824 0.49176 0.56176 0.60576 0.59024 0.6384 0.64752 0.66832 0.67912 0.6984 0.70264 0.71344 0.70648 0.71088 0.71456 0.71208 0.71232 0.71168 0.7132 
0.322361 0.383891 0.400012 0.479103 0.51959 0.494281 0.553313 0.566488 0.590985 0.60173 0.628127 0.632441 0.646534 0.638224 0.641234 0.645211 0.644441 0.643453 0.644532 0.644861 
1.7176 2.0778 2.4988 3.252 4.2036 5.3522 6.8826 8.586 10.7864 13.3402 16.2938 18.8264 21.0868 22.3952 23.4258 24.0816 24.2024 24.4358 24.5728 24.574 
