0 query
OASIS algorithm
1 1 1 1 1 
0.117312 0.118392 0.118328 0.110878 0.118159 
0.0607773 0.0610962 0.0615916 0.0564763 0.0630013 
0.0552924 0.0573901 0.053553 0.0521108 0.0549865 
0.0250499 0.0269809 0.0240434 0.0230806 0.0254848 
346.156 342.902 344.173 343.905 342.586 
PAAS algorithm
0.04509 0.0451267 0.0459567 0.0446533 0.0457 
0.0895026 0.0948571 0.0862222 0.0849735 0.0889524 
0.0473154 0.0506665 0.0462599 0.0444302 0.0471038 
0.0358885 0.0385543 0.0324622 0.0332925 0.0340704 
0.014876 0.0163611 0.0132293 0.0133081 0.0139194 
18.458 18.301 18.674 18.225 18.51 
PARS algorithm
0.0444533 0.0451467 0.0456433 0.04505 0.0459833 
0.0544974 0.0525714 0.0566138 0.0584762 0.0592169 
0.0271396 0.027213 0.0288515 0.0282555 0.0306059 
0.0288699 0.0280133 0.029001 0.0307054 0.0329691 
0.0117434 0.011872 0.0123741 0.0131134 0.0141651 
18.169 18.334 18.593 18.42 18.626 
CWS-d algorithm
1 1 1 1 1 
0.117143 0.117693 0.11636 0.111026 0.118899 
0.0616562 0.0626806 0.0607504 0.057766 0.0631179 
0.0584215 0.0608076 0.0583166 0.0557818 0.0587623 
0.0263978 0.0285825 0.0261326 0.0250319 0.0265498 
2267 2212.85 2301.19 2240.57 2250.89 
CWAS-d algorithm
0.0462067 0.04689 0.0474133 0.0473433 0.04752 
0.0933333 0.0928254 0.0902011 0.0869206 0.0934815 
0.0494109 0.049112 0.0472295 0.0461724 0.0495932 
0.0371296 0.0368062 0.0332838 0.0339044 0.0357311 
0.0152198 0.0151632 0.0139282 0.013963 0.0150719 
1611.19 1612.09 1637.93 1626.54 1606.21 
CWAS_Adap-d algorithm
0.0509767 0.05045 0.0518133 0.05064 0.0514367 
0.0902857 0.0911323 0.0923175 0.089545 0.0960847 
0.0481771 0.0480805 0.0491904 0.0457598 0.0516615 
0.0366489 0.0352417 0.0335023 0.0340967 0.0369636 
0.0152654 0.0142909 0.0142977 0.0138203 0.0155602 
1646.05 1639.04 1621.54 1641.33 1639.95 
CWRS-d algorithm
0.0502567 0.0507167 0.0510633 0.0502767 0.0517567 
0.0588995 0.0585608 0.0602751 0.0573968 0.0607831 
0.029593 0.0292049 0.0306937 0.0284088 0.0315715 
0.0311861 0.0296652 0.031055 0.0313172 0.0305305 
0.013144 0.0120095 0.0129481 0.0135349 0.0126133 
1592.47 1639.03 1663.56 1633.15 1608.33 
AROMA-d algorithm
1 1 1 1 1 
0.129354 0.130603 0.131196 0.123471 0.132593 
0.0690867 0.0686496 0.0708647 0.0644576 0.0720414 
0.0563237 0.0579233 0.0552224 0.05288 0.0556507 
0.0260035 0.0275469 0.0250628 0.0239076 0.0259942 
2227.19 2218.49 2221.09 2210.34 2228.22 
1 query
OASIS algorithm
1 1 1 1 1 
0.117312 0.118392 0.118328 0.110878 0.118159 
0.0607773 0.0610962 0.0615916 0.0564763 0.0630013 
0.0552924 0.0573901 0.053553 0.0521108 0.0549865 
0.0250499 0.0269809 0.0240434 0.0230806 0.0254848 
346.156 342.902 344.173 343.905 342.586 
PAAS algorithm
0.0612333 0.06167 0.0625933 0.0616233 0.0620533 
0.0885714 0.0860741 0.0910899 0.085037 0.086709 
0.0464519 0.0444405 0.0477729 0.0438513 0.0448947 
0.037488 0.0369373 0.033581 0.0355301 0.0378026 
0.0159841 0.0157219 0.0133915 0.0143759 0.0159777 
23.941 24.023 26.04 24.183 24.285 
PARS algorithm
0.06142 0.06098 0.0624367 0.06113 0.0614933 
0.0572698 0.0589418 0.0592804 0.0549841 0.062709 
0.0292545 0.0299888 0.0291667 0.026587 0.0311492 
0.0315619 0.0319902 0.031492 0.0295953 0.0346036 
0.0138259 0.0136685 0.0135167 0.012724 0.0141766 
23.995 23.812 24.454 24.072 24.129 
CWS-d algorithm
1 1 1 1 1 
0.117143 0.117693 0.11636 0.111026 0.118899 
0.0616562 0.0626806 0.0607504 0.057766 0.0631179 
0.0584215 0.0608076 0.0583166 0.0557818 0.0587623 
0.0263978 0.0285825 0.0261326 0.0250319 0.0265498 
2267 2212.85 2301.19 2240.57 2250.89 
CWAS-d algorithm
0.06389 0.0634133 0.0647767 0.06328 0.0650833 
0.0950265 0.0914921 0.0918307 0.0901799 0.0961481 
0.0507417 0.0474255 0.0477426 0.0480581 0.0512727 
0.0382397 0.0380561 0.0380474 0.0385019 0.0366839 
0.0161102 0.0162136 0.016183 0.0164353 0.0152685 
1617.94 1601.62 1657.57 1679.37 1654.2 
CWAS_Adap-d algorithm
0.06759 0.06699 0.0683 0.06631 0.06774 
0.0930582 0.0940741 0.0953016 0.0917037 0.0946667 
0.0490227 0.0484455 0.0502853 0.0475373 0.0496809 
0.0394633 0.0379949 0.0364042 0.03789 0.037287 
0.0166522 0.0161823 0.0144377 0.0156166 0.0156521 
1657.03 1666.88 1688.99 1674.86 1685.98 
CWRS-d algorithm
0.0677033 0.06782 0.0673067 0.0659133 0.06786 
0.0589841 0.0601693 0.0638095 0.0609312 0.063873 
0.0308857 0.030398 0.0321748 0.029947 0.0324005 
0.0322612 0.0322 0.0345337 0.0322786 0.0343764 
0.0135879 0.0137507 0.0145278 0.0136035 0.0146463 
1667.18 1679.68 1680.58 1663.65 1683.36 
AROMA-d algorithm
1 1 1 1 1 
0.129354 0.130603 0.131196 0.123471 0.132593 
0.0690867 0.0686496 0.0708647 0.0644576 0.0720414 
0.0563237 0.0579233 0.0552224 0.05288 0.0556507 
0.0260035 0.0275469 0.0250628 0.0239076 0.0259942 
2227.19 2218.49 2221.09 2210.34 2228.22 
2 query
OASIS algorithm
1 1 1 1 1 
0.117312 0.118392 0.118328 0.110878 0.118159 
0.0607773 0.0610962 0.0615916 0.0564763 0.0630013 
0.0552924 0.0573901 0.053553 0.0521108 0.0549865 
0.0250499 0.0269809 0.0240434 0.0230806 0.0254848 
346.156 342.902 344.173 343.905 342.586 
PAAS algorithm
0.0832367 0.08265 0.0843267 0.0830933 0.0847333 
0.0915767 0.091619 0.0904127 0.0849947 0.0939259 
0.0473166 0.0459427 0.0459392 0.0436563 0.0494223 
0.0405209 0.03907 0.038834 0.0356525 0.0399615 
0.0175315 0.0170589 0.0164822 0.0148547 0.017342 
31.653 31.407 31.993 31.622 32.079 
PARS algorithm
0.0830567 0.0830033 0.08458 0.0834467 0.08553 
0.0632804 0.0615873 0.0638095 0.0616296 0.0630899 
0.0311723 0.0301243 0.0319323 0.0305321 0.0315051 
0.0335198 0.0330303 0.035128 0.0338956 0.035635 
0.0145066 0.0138567 0.0154731 0.0140651 0.0151754 
31.66 31.584 32.086 31.75 32.559 
CWS-d algorithm
1 1 1 1 1 
0.117143 0.117693 0.11636 0.111026 0.118899 
0.0616562 0.0626806 0.0607504 0.057766 0.0631179 
0.0584215 0.0608076 0.0583166 0.0557818 0.0587623 
0.0263978 0.0285825 0.0261326 0.0250319 0.0265498 
2267 2212.85 2301.19 2240.57 2250.89 
CWAS-d algorithm
0.08698 0.0874833 0.08794 0.0858333 0.08793 
0.0980317 0.0932698 0.0992804 0.0889947 0.100677 
0.0523388 0.0472679 0.0530422 0.0450269 0.0534566 
0.0432043 0.0421641 0.0413251 0.0390176 0.0430557 
0.0183714 0.018668 0.0163054 0.0159455 0.0193104 
1675.68 1640.57 1665.8 1598.73 1613.68 
CWAS_Adap-d algorithm
0.0894233 0.0905833 0.0906067 0.0892267 0.0905733 
0.0953862 0.098836 0.101735 0.0984339 0.100042 
0.0494342 0.0509062 0.0527251 0.0511525 0.0541838 
0.0411677 0.0432829 0.0421554 0.0407744 0.0421991 
0.0174929 0.0190908 0.0182905 0.0171878 0.0185804 
1629.63 1654.88 1636.5 1616.58 1605.84 
CWRS-d algorithm
0.0898467 0.0902467 0.09156 0.0881933 0.0901233 
0.0602328 0.0671323 0.0675344 0.0603598 0.0665608 
0.0296712 0.0329553 0.0343163 0.0297803 0.0340742 
0.0332401 0.0362993 0.0360371 0.0332751 0.0345075 
0.0140226 0.0151119 0.0157449 0.0134955 0.0147199 
1640.73 1620.32 1640.91 1618.21 1650.21 
AROMA-d algorithm
1 1 1 1 1 
0.129354 0.130603 0.131196 0.123471 0.132593 
0.0690867 0.0686496 0.0708647 0.0644576 0.0720414 
0.0563237 0.0579233 0.0552224 0.05288 0.0556507 
0.0260035 0.0275469 0.0250628 0.0239076 0.0259942 
2227.19 2218.49 2221.09 2210.34 2228.22 
3 query
OASIS algorithm
1 1 1 1 1 
0.117312 0.118392 0.118328 0.110878 0.118159 
0.0607773 0.0610962 0.0615916 0.0564763 0.0630013 
0.0552924 0.0573901 0.053553 0.0521108 0.0549865 
0.0250499 0.0269809 0.0240434 0.0230806 0.0254848 
346.156 342.902 344.173 343.905 342.586 
PAAS algorithm
0.112163 0.110603 0.111827 0.10982 0.112497 
0.0956825 0.0931852 0.0936931 0.0862434 0.0975238 
0.0493073 0.0478234 0.0482929 0.0428758 0.0510626 
0.0418757 0.0412464 0.0425138 0.0392273 0.043484 
0.0174246 0.0181594 0.0183851 0.016745 0.0194951 
41.542 41.061 41.515 40.809 41.743 
PARS algorithm
0.112443 0.110073 0.11232 0.109937 0.11164 
0.0710053 0.070582 0.0697778 0.0651852 0.0739683 
0.0352394 0.0358034 0.0341362 0.0313229 0.0374307 
0.0399004 0.0384057 0.0376278 0.0360895 0.0424613 
0.017289 0.0164357 0.0163977 0.0153953 0.0186376 
41.671 40.906 41.686 40.909 41.394 
CWS-d algorithm
1 1 1 1 1 
0.117143 0.117693 0.11636 0.111026 0.118899 
0.0616562 0.0626806 0.0607504 0.057766 0.0631179 
0.0584215 0.0608076 0.0583166 0.0557818 0.0587623 
0.0263978 0.0285825 0.0261326 0.0250319 0.0265498 
2267 2212.85 2301.19 2240.57 2250.89 
CWAS-d algorithm
0.11589 0.117673 0.11837 0.114977 0.117337 
0.101778 0.100254 0.100021 0.0998519 0.101672 
0.053667 0.0517419 0.0520098 0.0511986 0.0531619 
0.0429508 0.0447601 0.0427148 0.0434228 0.0433441 
0.0185678 0.0196477 0.0187038 0.0180861 0.0185768 
1642.64 1663.34 1640.06 1597.93 1625.4 
CWAS_Adap-d algorithm
0.118323 0.118253 0.120333 0.118033 0.119633 
0.100021 0.100296 0.100529 0.100677 0.102963 
0.0530745 0.0527328 0.0519429 0.0522023 0.0539535 
0.0450573 0.0463071 0.0454069 0.0424788 0.0437287 
0.0193405 0.0205276 0.0196907 0.0181308 0.0188928 
1657.35 1621.35 1504.94 1571.54 1584.11 
CWRS-d algorithm
0.11894 0.118843 0.120047 0.117473 0.118947 
0.0689312 0.0704339 0.068 0.0652275 0.0707302 
0.0347753 0.0354433 0.0336316 0.0320932 0.0359551 
0.0370597 0.0398829 0.0371384 0.0375317 0.0383795 
0.0156983 0.0171581 0.0158904 0.0159607 0.016637 
1617.77 1619.56 1589.69 1574.72 1569.47 
AROMA-d algorithm
1 1 1 1 1 
0.129354 0.130603 0.131196 0.123471 0.132593 
0.0690867 0.0686496 0.0708647 0.0644576 0.0720414 
0.0563237 0.0579233 0.0552224 0.05288 0.0556507 
0.0260035 0.0275469 0.0250628 0.0239076 0.0259942 
2227.19 2218.49 2221.09 2210.34 2228.22 
4 query
OASIS algorithm
1 1 1 1 1 
0.117312 0.118392 0.118328 0.110878 0.118159 
0.0607773 0.0610962 0.0615916 0.0564763 0.0630013 
0.0552924 0.0573901 0.053553 0.0521108 0.0549865 
0.0250499 0.0269809 0.0240434 0.0230806 0.0254848 
346.156 342.902 344.173 343.905 342.586 
PAAS algorithm
0.1466 0.14789 0.14821 0.143947 0.148193 
0.0970582 0.0969947 0.0963175 0.0911958 0.0968254 
0.0508062 0.0495586 0.0499523 0.0458545 0.0498434 
0.0459575 0.0462285 0.0452408 0.0423914 0.045538 
0.0200015 0.0206143 0.0199036 0.0181401 0.0202822 
53.595 53.932 54.03 52.617 54.107 
PARS algorithm
0.147463 0.145993 0.148217 0.144287 0.14722 
0.0767619 0.074582 0.073164 0.0733968 0.0783915 
0.0384586 0.0362574 0.0364235 0.0352301 0.039815 
0.0427585 0.0419981 0.0407132 0.0387379 0.0450747 
0.0185735 0.0181683 0.0178971 0.0161922 0.0194598 
53.833 53.303 54.084 52.706 53.659 
CWS-d algorithm
1 1 1 1 1 
0.117143 0.117693 0.11636 0.111026 0.118899 
0.0616562 0.0626806 0.0607504 0.057766 0.0631179 
0.0584215 0.0608076 0.0583166 0.0557818 0.0587623 
0.0263978 0.0285825 0.0261326 0.0250319 0.0265498 
2267 2212.85 2301.19 2240.57 2250.89 
CWAS-d algorithm
0.156747 0.154083 0.15655 0.15268 0.15663 
0.103746 0.106561 0.106899 0.0986032 0.107153 
0.0542927 0.0558035 0.0560218 0.0506792 0.0567522 
0.0487108 0.0481164 0.0491041 0.0461236 0.0459663 
0.0213855 0.0217118 0.0215586 0.0202634 0.0196384 
1598.84 1573.81 1636.73 1605.27 1625.24 
CWAS_Adap-d algorithm
0.1576 0.156693 0.157827 0.15582 0.156917 
0.105354 0.106709 0.104783 0.0979048 0.107048 
0.0548645 0.0556648 0.0542563 0.0492586 0.0574327 
0.0469452 0.0501093 0.0455555 0.0454681 0.0453282 
0.0205543 0.0225705 0.019729 0.0195487 0.0195258 
1665.34 1595.39 1590.39 1594.46 1626.22 
CWRS-d algorithm
0.158187 0.156547 0.158407 0.15456 0.157427 
0.0737566 0.0755979 0.0726349 0.0726984 0.0779048 
0.0372213 0.0376591 0.0348608 0.0358224 0.0396142 
0.0412726 0.0421467 0.0396207 0.0398654 0.0413425 
0.0178859 0.0185372 0.0172447 0.0170231 0.0178387 
1634.12 1537.26 1581.27 1594.14 1629.88 
AROMA-d algorithm
1 1 1 1 1 
0.129354 0.130603 0.131196 0.123471 0.132593 
0.0690867 0.0686496 0.0708647 0.0644576 0.0720414 
0.0563237 0.0579233 0.0552224 0.05288 0.0556507 
0.0260035 0.0275469 0.0250628 0.0239076 0.0259942 
2227.19 2218.49 2221.09 2210.34 2228.22 
5 query
OASIS algorithm
1 1 1 1 1 
0.117312 0.118392 0.118328 0.110878 0.118159 
0.0607773 0.0610962 0.0615916 0.0564763 0.0630013 
0.0552924 0.0573901 0.053553 0.0521108 0.0549865 
0.0250499 0.0269809 0.0240434 0.0230806 0.0254848 
346.156 342.902 344.173 343.905 342.586 
PAAS algorithm
0.188867 0.189723 0.19272 0.188613 0.19151 
0.0977143 0.0999365 0.0981376 0.0943069 0.105312 
0.051104 0.0506861 0.0505316 0.0475121 0.0556741 
0.046648 0.0487108 0.0460886 0.0440958 0.0492876 
0.0200927 0.0219221 0.0206173 0.0191576 0.0217451 
67.933 68.316 69.333 67.972 68.842 
PARS algorithm
0.189057 0.188777 0.192747 0.188413 0.191363 
0.0797037 0.081672 0.0800847 0.0785185 0.086455 
0.0391896 0.0401747 0.0406702 0.0389877 0.0443368 
0.0451272 0.0451359 0.0445153 0.0445853 0.0474172 
0.0194886 0.0198627 0.0193757 0.0193356 0.0211784 
68.014 68.038 69.266 67.966 68.8 
CWS-d algorithm
1 1 1 1 1 
0.117143 0.117693 0.11636 0.111026 0.118899 
0.0616562 0.0626806 0.0607504 0.057766 0.0631179 
0.0584215 0.0608076 0.0583166 0.0557818 0.0587623 
0.0263978 0.0285825 0.0261326 0.0250319 0.0265498 
2267 2212.85 2301.19 2240.57 2250.89 
CWAS-d algorithm
0.202327 0.20129 0.203073 0.20108 0.201863 
0.105333 0.105228 0.108466 0.104571 0.10745 
0.0558131 0.0541863 0.0566117 0.0545942 0.0573447 
0.0493314 0.0514291 0.0513417 0.0481426 0.0494537 
0.0216112 0.0233348 0.0228567 0.0213751 0.0218038 
1626.04 1669.5 1613.25 1668.13 1653.32 
CWAS_Adap-d algorithm
0.204553 0.203347 0.208627 0.2023 0.20482 
0.108423 0.106286 0.106328 0.102138 0.105799 
0.0560263 0.0556194 0.0562105 0.0532194 0.0560336 
0.0503452 0.052644 0.0503715 0.048064 0.0504501 
0.0224956 0.0243058 0.0224944 0.0206175 0.0225161 
1690.25 1637.6 1658.43 1653.21 1664 
CWRS-d algorithm
0.204673 0.203993 0.20846 0.202127 0.20439 
0.0775873 0.0816296 0.0780952 0.0785608 0.0821587 
0.0389329 0.0403924 0.0392104 0.0385869 0.0427726 
0.0432742 0.0458963 0.0438336 0.0430557 0.0459575 
0.018517 0.0201101 0.018795 0.0182967 0.0202794 
1643.16 1655.88 1640.72 1644.88 1666.01 
AROMA-d algorithm
1 1 1 1 1 
0.129354 0.130603 0.131196 0.123471 0.132593 
0.0690867 0.0686496 0.0708647 0.0644576 0.0720414 
0.0563237 0.0579233 0.0552224 0.05288 0.0556507 
0.0260035 0.0275469 0.0250628 0.0239076 0.0259942 
2227.19 2218.49 2221.09 2210.34 2228.22 
6 query
OASIS algorithm
1 1 1 1 1 
0.117312 0.118392 0.118328 0.110878 0.118159 
0.0607773 0.0610962 0.0615916 0.0564763 0.0630013 
0.0552924 0.0573901 0.053553 0.0521108 0.0549865 
0.0250499 0.0269809 0.0240434 0.0230806 0.0254848 
346.156 342.902 344.173 343.905 342.586 
PAAS algorithm
0.24392 0.241727 0.245517 0.241643 0.244083 
0.103344 0.100063 0.102392 0.0965291 0.102772 
0.0532915 0.0513823 0.0530322 0.0488735 0.0541171 
0.0517874 0.0489905 0.0490866 0.0456341 0.0505638 
0.0235133 0.0222128 0.022009 0.0197402 0.0228359 
86.827 86.179 87.5 86.257 86.91 
PARS algorithm
0.243913 0.24178 0.245067 0.24217 0.244297 
0.0886984 0.0912804 0.0855238 0.0840423 0.0903915 
0.0447169 0.0462073 0.0441704 0.0410111 0.0466394 
0.0499869 0.050354 0.0472162 0.0459837 0.0504589 
0.0218347 0.0228057 0.0213599 0.0194543 0.022661 
86.99 86.106 87.302 86.3 86.958 
CWS-d algorithm
1 1 1 1 1 
0.117143 0.117693 0.11636 0.111026 0.118899 
0.0616562 0.0626806 0.0607504 0.057766 0.0631179 
0.0584215 0.0608076 0.0583166 0.0557818 0.0587623 
0.0263978 0.0285825 0.0261326 0.0250319 0.0265498 
2267 2212.85 2301.19 2240.57 2250.89 
CWAS-d algorithm
0.256183 0.256817 0.26209 0.25754 0.260587 
0.108635 0.107725 0.105968 0.102688 0.109714 
0.0562869 0.0564352 0.0541092 0.0524592 0.05866 
0.0534306 0.0531684 0.049174 0.0494013 0.0497334 
0.0245255 0.0240251 0.0217173 0.0216643 0.0220068 
1737.24 1670.29 1702.79 1740.6 1752.75 
CWAS_Adap-d algorithm
0.259043 0.25958 0.261867 0.259147 0.26191 
0.109841 0.10946 0.107365 0.101503 0.110349 
0.0585636 0.0568265 0.0560617 0.0520774 0.0588466 
0.0533957 0.0525129 0.0504938 0.0491216 0.0513154 
0.0242113 0.0236692 0.0220271 0.021606 0.0230926 
1685.81 1699.84 1740.01 1775.46 1704.6 
CWRS-d algorithm
0.25793 0.258757 0.26163 0.257647 0.2614 
0.082582 0.0860317 0.0840423 0.0843175 0.0892698 
0.0407321 0.0431045 0.0422184 0.0416478 0.0465856 
0.0452758 0.0488594 0.0465169 0.0459925 0.0494013 
0.0192288 0.0219909 0.0201955 0.0199826 0.0216298 
1712.87 1657 1762.64 1730.93 1712.34 
AROMA-d algorithm
1 1 1 1 1 
0.129354 0.130603 0.131196 0.123471 0.132593 
0.0690867 0.0686496 0.0708647 0.0644576 0.0720414 
0.0563237 0.0579233 0.0552224 0.05288 0.0556507 
0.0260035 0.0275469 0.0250628 0.0239076 0.0259942 
2227.19 2218.49 2221.09 2210.34 2228.22 
7 query
OASIS algorithm
1 1 1 1 1 
0.117312 0.118392 0.118328 0.110878 0.118159 
0.0607773 0.0610962 0.0615916 0.0564763 0.0630013 
0.0552924 0.0573901 0.053553 0.0521108 0.0549865 
0.0250499 0.0269809 0.0240434 0.0230806 0.0254848 
346.156 342.902 344.173 343.905 342.586 
PAAS algorithm
0.306087 0.304547 0.310893 0.30452 0.307363 
0.103852 0.104423 0.100847 0.100847 0.10618 
0.0525262 0.0537738 0.0519137 0.050305 0.0551138 
0.051971 0.0534306 0.0497334 0.0495324 0.0512368 
0.0232773 0.0247324 0.0220653 0.0219605 0.0225156 
107.071 106.913 108.884 106.857 107.704 
PARS algorithm
0.304873 0.304953 0.31116 0.305223 0.308937 
0.0930159 0.094328 0.0918307 0.0914921 0.0958307 
0.0470013 0.0485885 0.0464709 0.0458526 0.0494249 
0.0507473 0.0515514 0.0491128 0.0497247 0.0523905 
0.0220141 0.0234742 0.0219379 0.0217571 0.0235247 
107.349 107.038 108.587 106.947 108.241 
CWS-d algorithm
1 1 1 1 1 
0.117143 0.117693 0.11636 0.111026 0.118899 
0.0616562 0.0626806 0.0607504 0.057766 0.0631179 
0.0584215 0.0608076 0.0583166 0.0557818 0.0587623 
0.0263978 0.0285825 0.0261326 0.0250319 0.0265498 
2267 2212.85 2301.19 2240.57 2250.89 
CWAS-d algorithm
0.325887 0.324237 0.33013 0.32352 0.328627 
0.107979 0.108529 0.107915 0.103513 0.113228 
0.0565137 0.0551102 0.0561831 0.0536166 0.0609918 
0.0529674 0.0550739 0.0534306 0.0522332 0.0532296 
0.0236484 0.0249832 0.0241032 0.0228949 0.0237652 
1804.25 1780.87 1729.63 1762.12 1704.4 
CWAS_Adap-d algorithm
0.327463 0.324867 0.33239 0.32335 0.327887 
0.110011 0.107386 0.111513 0.104085 0.110116 
0.0574626 0.0557403 0.0576755 0.0536444 0.0598117 
0.0532209 0.0561402 0.0533258 0.0520584 0.0532821 
0.0235195 0.0258386 0.0236041 0.0230402 0.0240632 
1826.57 1762.86 1747.82 1734.2 1748.17 
CWRS-d algorithm
0.327047 0.32484 0.333253 0.322793 0.326763 
0.0911111 0.0920423 0.0903704 0.0888466 0.094836 
0.0463357 0.0462999 0.0455699 0.0439051 0.049322 
0.049646 0.0508172 0.050153 0.0488768 0.0508959 
0.0217859 0.0229751 0.0222337 0.0213106 0.0223086 
1776.24 1727.66 1721.27 1731.91 1689.86 
AROMA-d algorithm
1 1 1 1 1 
0.129354 0.130603 0.131196 0.123471 0.132593 
0.0690867 0.0686496 0.0708647 0.0644576 0.0720414 
0.0563237 0.0579233 0.0552224 0.05288 0.0556507 
0.0260035 0.0275469 0.0250628 0.0239076 0.0259942 
2227.19 2218.49 2221.09 2210.34 2228.22 
8 query
OASIS algorithm
1 1 1 1 1 
0.117312 0.118392 0.118328 0.110878 0.118159 
0.0607773 0.0610962 0.0615916 0.0564763 0.0630013 
0.0552924 0.0573901 0.053553 0.0521108 0.0549865 
0.0250499 0.0269809 0.0240434 0.0230806 0.0254848 
346.156 342.902 344.173 343.905 342.586 
PAAS algorithm
0.381623 0.38084 0.385637 0.37902 0.385193 
0.105968 0.109905 0.105418 0.0999365 0.108698 
0.0547046 0.0562246 0.0541865 0.0495132 0.0564601 
0.0527664 0.0551001 0.0517 0.0484573 0.0532995 
0.0236059 0.0255192 0.0231147 0.0210022 0.0241664 
132.977 132.757 134.356 132.166 134.112 
PARS algorithm
0.38193 0.379413 0.38527 0.37974 0.38459 
0.0986455 0.0973968 0.0993651 0.0946667 0.100783 
0.049433 0.0497334 0.0507832 0.0483131 0.0531214 
0.0520671 0.052845 0.0531072 0.0501442 0.0534481 
0.0227685 0.0245114 0.0237975 0.0220622 0.0241435 
133.172 132.215 134.126 132.281 133.997 
CWS-d algorithm
1 1 1 1 1 
0.117143 0.117693 0.11636 0.111026 0.118899 
0.0616562 0.0626806 0.0607504 0.057766 0.0631179 
0.0584215 0.0608076 0.0583166 0.0557818 0.0587623 
0.0263978 0.0285825 0.0261326 0.0250319 0.0265498 
2267 2212.85 2301.19 2240.57 2250.89 
CWAS-d algorithm
0.40354 0.40231 0.406823 0.40168 0.407047 
0.109079 0.109312 0.107026 0.105545 0.111831 
0.0576165 0.0573171 0.0556115 0.0542956 0.0597938 
0.0541911 0.0559479 0.0529587 0.0532646 0.0552661 
0.0245618 0.0260209 0.0237758 0.0239343 0.02472 
1825.04 1778.79 1818.47 1795.42 1787.01 
CWAS_Adap-d algorithm
0.405283 0.405217 0.409473 0.40084 0.408443 
0.11054 0.110011 0.111725 0.103069 0.112952 
0.0581312 0.0576987 0.0579544 0.0527053 0.0597043 
0.054226 0.0545669 0.0553099 0.0518486 0.054698 
0.0247378 0.0249039 0.024781 0.0230867 0.0248711 
1777.24 1811.38 1777.06 1818.96 1770.24 
CWRS-d algorithm
0.403763 0.406923 0.41131 0.40157 0.40897 
0.0965079 0.098455 0.0962963 0.0920847 0.100423 
0.0484244 0.0513096 0.0484893 0.0453127 0.0530069 
0.0517262 0.0548291 0.0513854 0.0487283 0.0537977 
0.0228278 0.0255048 0.0226226 0.0214207 0.0237308 
1800 1777.24 1802.94 1750.96 1788.8 
AROMA-d algorithm
1 1 1 1 1 
0.129354 0.130603 0.131196 0.123471 0.132593 
0.0690867 0.0686496 0.0708647 0.0644576 0.0720414 
0.0563237 0.0579233 0.0552224 0.05288 0.0556507 
0.0260035 0.0275469 0.0250628 0.0239076 0.0259942 
2227.19 2218.49 2221.09 2210.34 2228.22 
9 query
OASIS algorithm
1 1 1 1 1 
0.117312 0.118392 0.118328 0.110878 0.118159 
0.0607773 0.0610962 0.0615916 0.0564763 0.0630013 
0.0552924 0.0573901 0.053553 0.0521108 0.0549865 
0.0250499 0.0269809 0.0240434 0.0230806 0.0254848 
346.156 342.902 344.173 343.905 342.586 
PAAS algorithm
0.470857 0.46952 0.47419 0.467837 0.472377 
0.109989 0.110053 0.108635 0.104402 0.110074 
0.0571145 0.0564511 0.0555631 0.0531705 0.0586688 
0.0531335 0.0542435 0.0517612 0.0512106 0.0532646 
0.0236874 0.0253785 0.0232515 0.0223164 0.0240563 
163.405 162.892 164.285 162.332 163.925 
PARS algorithm
0.470527 0.469873 0.474657 0.468183 0.473047 
0.101735 0.104614 0.104487 0.0981587 0.102963 
0.0516871 0.0539877 0.05358 0.0498485 0.0538659 
0.0526265 0.0555109 0.0532471 0.0519797 0.0534044 
0.0236221 0.0254831 0.0239905 0.0229098 0.0237908 
162.987 162.986 164.564 162.409 163.983 
CWS-d algorithm
1 1 1 1 1 
0.117143 0.117693 0.11636 0.111026 0.118899 
0.0616562 0.0626806 0.0607504 0.057766 0.0631179 
0.0584215 0.0608076 0.0583166 0.0557818 0.0587623 
0.0263978 0.0285825 0.0261326 0.0250319 0.0265498 
2267 2212.85 2301.19 2240.57 2250.89 
CWAS-d algorithm
0.491617 0.49334 0.49757 0.490887 0.496437 
0.110772 0.112381 0.110434 0.106984 0.112212 
0.0579617 0.0583598 0.0575746 0.0545737 0.0604481 
0.0566471 0.0571279 0.0544533 0.0541386 0.055406 
0.0256931 0.026361 0.0244234 0.02381 0.0249617 
1826.94 1873.4 1809.12 1858.04 1829.68 
CWAS_Adap-d algorithm
0.49362 0.494263 0.498773 0.491193 0.4972 
0.109545 0.109884 0.110074 0.108 0.112868 
0.0568065 0.0569902 0.0565557 0.0556326 0.0614742 
0.0555458 0.0574338 0.0550127 0.0527576 0.0563237 
0.0251913 0.0267102 0.0244662 0.0230945 0.0255632 
1862.14 1806.11 1865.94 1821.31 1859.34 
CWRS-d algorithm
0.492733 0.49395 0.499913 0.49022 0.498573 
0.101122 0.101757 0.0998307 0.0968042 0.103217 
0.0519742 0.0524369 0.0509994 0.0487424 0.0541292 
0.0538764 0.0553361 0.053116 0.0517962 0.0550564 
0.0237719 0.0256536 0.0233168 0.0226502 0.0246711 
1806.15 1816.46 1788.52 1810.46 1774.35 
AROMA-d algorithm
1 1 1 1 1 
0.129354 0.130603 0.131196 0.123471 0.132593 
0.0690867 0.0686496 0.0708647 0.0644576 0.0720414 
0.0563237 0.0579233 0.0552224 0.05288 0.0556507 
0.0260035 0.0275469 0.0250628 0.0239076 0.0259942 
2227.19 2218.49 2221.09 2210.34 2228.22 
10 query
OASIS algorithm
1 1 1 1 1 
0.117312 0.118392 0.118328 0.110878 0.118159 
0.0607773 0.0610962 0.0615916 0.0564763 0.0630013 
0.0552924 0.0573901 0.053553 0.0521108 0.0549865 
0.0250499 0.0269809 0.0240434 0.0230806 0.0254848 
346.156 342.902 344.173 343.905 342.586 
PAAS algorithm
0.569487 0.568983 0.574063 0.56703 0.571223 
0.111767 0.112783 0.112825 0.103407 0.113333 
0.0579923 0.0585146 0.0590245 0.05288 0.0606408 
0.0553361 0.0566908 0.0549602 0.0508085 0.0550214 
0.0251176 0.0264912 0.0244379 0.0223534 0.0250976 
196.083 195.79 197.74 195.117 196.574 
PARS algorithm
0.570513 0.569483 0.573427 0.56739 0.572393 
0.10546 0.108783 0.106265 0.10091 0.109122 
0.0542548 0.0553165 0.0544976 0.0512216 0.0575838 
0.0541998 0.0557119 0.0532558 0.0510445 0.0564286 
0.0243661 0.0258684 0.0235993 0.0222475 0.0259713 
196.481 195.919 197.505 195.27 196.999 
CWS-d algorithm
1 1 1 1 1 
0.117143 0.117693 0.11636 0.111026 0.118899 
0.0616562 0.0626806 0.0607504 0.057766 0.0631179 
0.0584215 0.0608076 0.0583166 0.0557818 0.0587623 
0.0263978 0.0285825 0.0261326 0.0250319 0.0265498 
2267 2212.85 2301.19 2240.57 2250.89 
CWAS-d algorithm
0.592933 0.591417 0.595457 0.588337 0.594693 
0.111386 0.112741 0.111153 0.106646 0.114265 
0.057981 0.0589935 0.0582042 0.0547562 0.0609371 
0.0566297 0.0587274 0.0562101 0.0541998 0.0561752 
0.0255124 0.0272577 0.025043 0.0241443 0.0256531 
1889.7 1849.97 1835.13 1823.17 1884.57 
CWAS_Adap-d algorithm
0.591397 0.591343 0.596493 0.588257 0.595467 
0.110857 0.112804 0.110794 0.108339 0.113376 
0.0583313 0.0591963 0.0573044 0.0556459 0.0607157 
0.0553798 0.0591557 0.0558605 0.0545931 0.0569094 
0.024727 0.027513 0.0250729 0.0243495 0.0256257 
1857.66 1857 1886.91 1899.67 1846.46 
CWRS-d algorithm
0.591677 0.59134 0.595823 0.588403 0.59607 
0.105122 0.107534 0.103831 0.100783 0.106709 
0.0540105 0.0561114 0.0532544 0.0510348 0.0568889 
0.0559129 0.0577222 0.0557644 0.0526877 0.0561926 
0.0250555 0.0270088 0.0249055 0.0231286 0.0253455 
1850.82 1789.31 1857.19 1802.34 1864.65 
AROMA-d algorithm
1 1 1 1 1 
0.129354 0.130603 0.131196 0.123471 0.132593 
0.0690867 0.0686496 0.0708647 0.0644576 0.0720414 
0.0563237 0.0579233 0.0552224 0.05288 0.0556507 
0.0260035 0.0275469 0.0250628 0.0239076 0.0259942 
2227.19 2218.49 2221.09 2210.34 2228.22 
11 query
OASIS algorithm
1 1 1 1 1 
0.117312 0.118392 0.118328 0.110878 0.118159 
0.0607773 0.0610962 0.0615916 0.0564763 0.0630013 
0.0552924 0.0573901 0.053553 0.0521108 0.0549865 
0.0250499 0.0269809 0.0240434 0.0230806 0.0254848 
346.156 342.902 344.173 343.905 342.586 
PAAS algorithm
0.673763 0.67236 0.67671 0.670637 0.67305 
0.113122 0.115619 0.113968 0.104995 0.114032 
0.0583913 0.0596792 0.0592246 0.0534046 0.0598352 
0.0548116 0.0563675 0.0533607 0.0520759 0.0555633 
0.0250022 0.0266186 0.0243121 0.0226594 0.025459 
231.248 230.93 232.366 230.282 232.045 
PARS algorithm
0.672923 0.672837 0.676857 0.670337 0.672487 
0.109376 0.112995 0.110667 0.103598 0.110349 
0.0558899 0.0587082 0.0571981 0.05268 0.0578481 
0.0545931 0.0574775 0.0539201 0.0527838 0.054462 
0.0244987 0.0267159 0.0243206 0.0231235 0.0250613 
231.026 230.811 232.217 230.198 231.67 
CWS-d algorithm
1 1 1 1 1 
0.117143 0.117693 0.11636 0.111026 0.118899 
0.0616562 0.0626806 0.0607504 0.057766 0.0631179 
0.0584215 0.0608076 0.0583166 0.0557818 0.0587623 
0.0263978 0.0285825 0.0261326 0.0250319 0.0265498 
2267 2212.85 2301.19 2240.57 2250.89 
CWAS-d algorithm
0.692393 0.69107 0.695247 0.68729 0.694057 
0.114095 0.114413 0.112063 0.108127 0.115556 
0.0601249 0.060519 0.058674 0.0554981 0.0617566 
0.0564723 0.0597762 0.0567783 0.0548553 0.0578708 
0.0255434 0.0280865 0.0254451 0.0243151 0.02585 
1907.44 1935.36 1914.58 1945.34 1938.8 
CWAS_Adap-d algorithm
0.692043 0.692077 0.69591 0.687867 0.694197 
0.114265 0.11437 0.11272 0.108106 0.115429 
0.0599259 0.0605316 0.0588588 0.0554118 0.0620798 
0.0572502 0.0591731 0.0566734 0.0546543 0.0566297 
0.0256553 0.0275684 0.0252891 0.0243682 0.025534 
1947.75 1931.29 1942.71 1901.5 2002.39 
CWRS-d algorithm
0.69125 0.692813 0.696113 0.68894 0.69348 
0.107958 0.109989 0.108106 0.103344 0.11109 
0.0561124 0.0575567 0.0562106 0.0532515 0.0588386 
0.0550039 0.0584302 0.0563762 0.0544271 0.0565947 
0.0242475 0.0270001 0.0251907 0.024377 0.0255722 
1874.25 1909.26 1866.09 1915.99 1924.97 
AROMA-d algorithm
1 1 1 1 1 
0.129354 0.130603 0.131196 0.123471 0.132593 
0.0690867 0.0686496 0.0708647 0.0644576 0.0720414 
0.0563237 0.0579233 0.0552224 0.05288 0.0556507 
0.0260035 0.0275469 0.0250628 0.0239076 0.0259942 
2227.19 2218.49 2221.09 2210.34 2228.22 
12 query
OASIS algorithm
1 1 1 1 1 
0.117312 0.118392 0.118328 0.110878 0.118159 
0.0607773 0.0610962 0.0615916 0.0564763 0.0630013 
0.0552924 0.0573901 0.053553 0.0521108 0.0549865 
0.0250499 0.0269809 0.0240434 0.0230806 0.0254848 
346.156 342.902 344.173 343.905 342.586 
PAAS algorithm
0.77143 0.77172 0.77313 0.76885 0.771603 
0.114243 0.117312 0.115704 0.10891 0.11727 
0.0585734 0.0605731 0.0602965 0.0550151 0.061662 
0.0542872 0.0568744 0.0543921 0.0519185 0.0551525 
0.0245485 0.0268831 0.024568 0.022808 0.0254428 
268.985 268.143 266.375 264.133 265.737 
PARS algorithm
0.773007 0.772063 0.773407 0.769177 0.772457 
0.11327 0.114794 0.114265 0.105566 0.114794 
0.0580855 0.059236 0.0595108 0.0534972 0.0607259 
0.0556595 0.057495 0.0550127 0.0520846 0.0552574 
0.0250802 0.0268519 0.0247723 0.0229568 0.0252474 
269.458 267.991 267.826 264.962 265.752 
CWS-d algorithm
1 1 1 1 1 
0.117143 0.117693 0.11636 0.111026 0.118899 
0.0616562 0.0626806 0.0607504 0.057766 0.0631179 
0.0584215 0.0608076 0.0583166 0.0557818 0.0587623 
0.0263978 0.0285825 0.0261326 0.0250319 0.0265498 
2267 2212.85 2301.19 2240.57 2250.89 
CWAS-d algorithm
0.783737 0.783057 0.787237 0.781663 0.785513 
0.114603 0.115153 0.113608 0.108127 0.116783 
0.060395 0.0604772 0.0593491 0.055597 0.0625113 
0.0577047 0.0597413 0.0572153 0.0546805 0.0585351 
0.0262237 0.0280851 0.0256918 0.0244069 0.0265153 
2042.04 2027.79 2046.09 1985.22 2047.03 
CWAS_Adap-d algorithm
0.785333 0.783237 0.786793 0.7825 0.786227 
0.11545 0.115767 0.113354 0.10855 0.115937 
0.0606032 0.0614031 0.0591072 0.055977 0.0617878 
0.057897 0.0605541 0.0575387 0.0549865 0.0576348 
0.0261107 0.0283697 0.0257818 0.0246386 0.0261298 
2001.7 2052.22 2003.46 2015.32 1994.72 
CWRS-d algorithm
0.78442 0.783623 0.786557 0.78284 0.78617 
0.112571 0.11272 0.111492 0.106878 0.112593 
0.0584905 0.0592514 0.0578213 0.0552222 0.0595899 
0.0570492 0.0591731 0.0575824 0.0545931 0.0571279 
0.0256009 0.0276658 0.0258574 0.0244597 0.0258305 
2022.48 1960.62 1977.24 1949.57 1987.82 
AROMA-d algorithm
1 1 1 1 1 
0.129354 0.130603 0.131196 0.123471 0.132593 
0.0690867 0.0686496 0.0708647 0.0644576 0.0720414 
0.0563237 0.0579233 0.0552224 0.05288 0.0556507 
0.0260035 0.0275469 0.0250628 0.0239076 0.0259942 
2227.19 2218.49 2221.09 2210.34 2228.22 
13 query
OASIS algorithm
1 1 1 1 1 
0.117312 0.118392 0.118328 0.110878 0.118159 
0.0607773 0.0610962 0.0615916 0.0564763 0.0630013 
0.0552924 0.0573901 0.053553 0.0521108 0.0549865 
0.0250499 0.0269809 0.0240434 0.0230806 0.0254848 
346.156 342.902 344.173 343.905 342.586 
PAAS algorithm
0.85091 0.851073 0.85265 0.84889 0.851087 
0.115259 0.116487 0.116 0.108762 0.116931 
0.0597557 0.0602951 0.0600252 0.0552033 0.062343 
0.0547679 0.0568831 0.0543222 0.0521545 0.05517 
0.0245817 0.0269359 0.0244425 0.0231098 0.0255172 
292.477 292.587 293.152 291.836 292.427 
PARS algorithm
0.851107 0.85095 0.852817 0.848037 0.850287 
0.113249 0.116042 0.116148 0.108508 0.116868 
0.0582171 0.0603346 0.060353 0.0552581 0.0621722 
0.0547242 0.0578096 0.0542872 0.0515427 0.0557119 
0.0248551 0.02681 0.0244123 0.0227925 0.0256408 
292.458 292.609 293.171 291.502 292.194 
CWS-d algorithm
1 1 1 1 1 
0.117143 0.117693 0.11636 0.111026 0.118899 
0.0616562 0.0626806 0.0607504 0.057766 0.0631179 
0.0584215 0.0608076 0.0583166 0.0557818 0.0587623 
0.0263978 0.0285825 0.0261326 0.0250319 0.0265498 
2267 2212.85 2301.19 2240.57 2250.89 
CWAS-d algorithm
0.85939 0.860187 0.861217 0.858703 0.86146 
0.115556 0.116423 0.115767 0.109651 0.11691 
0.0610257 0.0610952 0.0604884 0.0566767 0.0624112 
0.0581418 0.0603793 0.0574513 0.0553099 0.0579757 
0.0262045 0.0283046 0.025805 0.0246681 0.0263855 
2055.73 2058.98 2020.04 2084.5 2070.32 
CWAS_Adap-d algorithm
0.859043 0.860303 0.86235 0.859613 0.861957 
0.115937 0.116974 0.115894 0.109333 0.117079 
0.0609933 0.0619723 0.0608012 0.0559116 0.0622976 
0.0580806 0.0608426 0.0579932 0.055406 0.0578096 
0.0261227 0.0284845 0.0260983 0.0248752 0.0261973 
2068.34 2018.07 2082.67 2032.13 2101.22 
CWRS-d algorithm
0.858163 0.86052 0.863093 0.858373 0.862143 
0.113778 0.11363 0.11291 0.108508 0.11564 
0.0594919 0.0596088 0.0588264 0.055999 0.0615061 
0.0574862 0.0596277 0.0571803 0.0557207 0.0578271 
0.0259919 0.027712 0.0258417 0.0249345 0.0264145 
2019.58 2050.61 1995.69 2028.37 2036.66 
AROMA-d algorithm
1 1 1 1 1 
0.129354 0.130603 0.131196 0.123471 0.132593 
0.0690867 0.0686496 0.0708647 0.0644576 0.0720414 
0.0563237 0.0579233 0.0552224 0.05288 0.0556507 
0.0260035 0.0275469 0.0250628 0.0239076 0.0259942 
2227.19 2218.49 2221.09 2210.34 2228.22 
14 query
OASIS algorithm
1 1 1 1 1 
0.117312 0.118392 0.118328 0.110878 0.118159 
0.0607773 0.0610962 0.0615916 0.0564763 0.0630013 
0.0552924 0.0573901 0.053553 0.0521108 0.0549865 
0.0250499 0.0269809 0.0240434 0.0230806 0.0254848 
346.156 342.902 344.173 343.905 342.586 
PAAS algorithm
0.909623 0.90865 0.910097 0.908227 0.90858 
0.116 0.117735 0.116656 0.109503 0.118053 
0.0599328 0.0604037 0.0605704 0.0562507 0.0621278 
0.0553186 0.0568132 0.0531247 0.0515252 0.054733 
0.0249295 0.0269554 0.0237951 0.0229748 0.0251361 
312.475 312.415 312.67 312.16 312.245 
PARS algorithm
0.91057 0.908137 0.90989 0.90805 0.908607 
0.114984 0.116974 0.116529 0.109016 0.115746 
0.0592078 0.0603811 0.0603257 0.0553126 0.0614817 
0.0550913 0.0571716 0.0535792 0.051936 0.0553798 
0.0248362 0.0270224 0.0239525 0.0230392 0.025556 
312.777 312.397 312.667 312 311.94 
CWS-d algorithm
1 1 1 1 1 
0.117143 0.117693 0.11636 0.111026 0.118899 
0.0616562 0.0626806 0.0607504 0.057766 0.0631179 
0.0584215 0.0608076 0.0583166 0.0557818 0.0587623 
0.0263978 0.0285825 0.0261326 0.0250319 0.0265498 
2267 2212.85 2301.19 2240.57 2250.89 
CWAS-d algorithm
0.914657 0.914693 0.917057 0.91398 0.915887 
0.115915 0.117143 0.115217 0.109905 0.117799 
0.0612509 0.0621264 0.060118 0.0565178 0.062417 
0.0578271 0.0600385 0.0579757 0.0555983 0.0582554 
0.0261291 0.0283422 0.0259825 0.0248333 0.0262446 
2125.74 2082.55 2127.1 2067.15 2104.51 
CWAS_Adap-d algorithm
0.914543 0.914033 0.917217 0.913277 0.915657 
0.115852 0.116635 0.114603 0.109608 0.11763 
0.0614433 0.0620468 0.0600798 0.0569685 0.0626862 
0.0580981 0.0605629 0.0580281 0.0556158 0.057967 
0.0262701 0.0284283 0.0258304 0.0247892 0.0261405 
2081.69 2110.88 2083.18 2116.18 2057.08 
CWRS-d algorithm
0.9143 0.91455 0.91792 0.91363 0.915603 
0.11509 0.11581 0.115005 0.108085 0.117122 
0.0600907 0.0613545 0.0598451 0.056018 0.0618925 
0.0579058 0.0607814 0.057731 0.0551088 0.0581155 
0.026006 0.0283068 0.0260925 0.0247021 0.026169 
2120.86 2082.4 2096.07 2052.63 2090.86 
AROMA-d algorithm
1 1 1 1 1 
0.129354 0.130603 0.131196 0.123471 0.132593 
0.0690867 0.0686496 0.0708647 0.0644576 0.0720414 
0.0563237 0.0579233 0.0552224 0.05288 0.0556507 
0.0260035 0.0275469 0.0250628 0.0239076 0.0259942 
2227.19 2218.49 2221.09 2210.34 2228.22 
15 query
OASIS algorithm
1 1 1 1 1 
0.117312 0.118392 0.118328 0.110878 0.118159 
0.0607773 0.0610962 0.0615916 0.0564763 0.0630013 
0.0552924 0.0573901 0.053553 0.0521108 0.0549865 
0.0250499 0.0269809 0.0240434 0.0230806 0.0254848 
346.156 342.902 344.173 343.905 342.586 
PAAS algorithm
0.947007 0.947217 0.947123 0.94668 0.946987 
0.117101 0.118857 0.117968 0.109905 0.118392 
0.0608893 0.0609167 0.0612199 0.056339 0.0626304 
0.0555808 0.0576261 0.0544533 0.0517262 0.0553361 
0.0252092 0.0271602 0.0243742 0.0228451 0.025605 
325.212 325.193 325.092 324.987 325.046 
PARS algorithm
0.94678 0.94719 0.947417 0.94626 0.946827 
0.116508 0.117545 0.118265 0.110307 0.117397 
0.0602476 0.060748 0.0612188 0.0560899 0.0622317 
0.0557644 0.0573464 0.0538152 0.0513417 0.0555895 
0.0252028 0.0268586 0.0241826 0.0227035 0.0256729 
325.135 325.267 325.144 324.713 325.107 
CWS-d algorithm
1 1 1 1 1 
0.117143 0.117693 0.11636 0.111026 0.118899 
0.0616562 0.0626806 0.0607504 0.057766 0.0631179 
0.0584215 0.0608076 0.0583166 0.0557818 0.0587623 
0.0263978 0.0285825 0.0261326 0.0250319 0.0265498 
2267 2212.85 2301.19 2240.57 2250.89 
CWAS-d algorithm
0.950553 0.95091 0.95115 0.95009 0.950967 
0.116847 0.118053 0.116381 0.110349 0.118688 
0.0611874 0.0625005 0.060471 0.0572394 0.0630493 
0.0580019 0.0603444 0.0581855 0.0556158 0.0583952 
0.0263103 0.0283462 0.026 0.0249938 0.0263359 
2087.22 2123.57 2104 2133.34 2082.12 
CWAS_Adap-d algorithm
0.950597 0.95087 0.95125 0.94995 0.951167 
0.117058 0.11672 0.116085 0.110265 0.117418 
0.0615083 0.0621921 0.0609261 0.0574126 0.0624728 
0.0582292 0.0606153 0.0581942 0.0553536 0.0584302 
0.0263487 0.0283872 0.026053 0.024787 0.0264553 
2104.65 2108.17 2121.74 2063.18 2113.82 
CWRS-d algorithm
0.950583 0.951187 0.951437 0.950743 0.95087 
0.115915 0.116275 0.115683 0.109778 0.117312 
0.0607529 0.0614122 0.0602926 0.0566261 0.0623198 
0.0579407 0.0603007 0.057967 0.0554847 0.0584914 
0.0260069 0.0283553 0.0260706 0.0250042 0.0262961 
2061.68 2119.78 2077.93 2119.84 2096.72 
AROMA-d algorithm
1 1 1 1 1 
0.129354 0.130603 0.131196 0.123471 0.132593 
0.0690867 0.0686496 0.0708647 0.0644576 0.0720414 
0.0563237 0.0579233 0.0552224 0.05288 0.0556507 
0.0260035 0.0275469 0.0250628 0.0239076 0.0259942 
2227.19 2218.49 2221.09 2210.34 2228.22 
16 query
OASIS algorithm
1 1 1 1 1 
0.117312 0.118392 0.118328 0.110878 0.118159 
0.0607773 0.0610962 0.0615916 0.0564763 0.0630013 
0.0552924 0.0573901 0.053553 0.0521108 0.0549865 
0.0250499 0.0269809 0.0240434 0.0230806 0.0254848 
346.156 342.902 344.173 343.905 342.586 
PAAS algorithm
0.970223 0.970477 0.970453 0.96966 0.97005 
0.117545 0.11837 0.118921 0.110646 0.11854 
0.0609616 0.0610012 0.0613733 0.056482 0.0632245 
0.0554934 0.0573639 0.0533869 0.0522769 0.0550476 
0.0251256 0.0270903 0.023873 0.0231647 0.0254379 
332.994 333.025 333.297 339.34 336.118 
PARS algorithm
0.969617 0.97074 0.96977 0.96983 0.97028 
0.117164 0.117778 0.118349 0.110709 0.118243 
0.060563 0.060722 0.0616349 0.0561695 0.0628104 
0.0554847 0.0573114 0.0535006 0.0518137 0.0551001 
0.0250121 0.0269255 0.0241442 0.0230695 0.0254836 
332.788 332.962 333.02 339.236 336.602 
CWS-d algorithm
1 1 1 1 1 
0.117143 0.117693 0.11636 0.111026 0.118899 
0.0616562 0.0626806 0.0607504 0.057766 0.0631179 
0.0584215 0.0608076 0.0583166 0.0557818 0.0587623 
0.0263978 0.0285825 0.0261326 0.0250319 0.0265498 
2267 2212.85 2301.19 2240.57 2250.89 
CWAS-d algorithm
0.97248 0.972297 0.97265 0.971857 0.972887 
0.11746 0.117376 0.116339 0.110984 0.118307 
0.06167 0.0622118 0.0610694 0.0576008 0.0628876 
0.0581418 0.0603793 0.058133 0.0559392 0.05864 
0.0263471 0.0284281 0.0261374 0.0249362 0.0263873 
2132.41 2068.44 2145.95 2094.96 2137.94 
CWAS_Adap-d algorithm
0.972203 0.97201 0.972527 0.9723 0.972843 
0.117122 0.117439 0.11636 0.110624 0.11837 
0.0619038 0.0624081 0.0607167 0.0575689 0.0631488 
0.0581767 0.0603619 0.0581155 0.0558605 0.0582816 
0.0262892 0.0284535 0.0261341 0.0251529 0.0264942 
2094.65 2123.35 2082.74 2105.93 2088.49 
CWRS-d algorithm
0.972223 0.97189 0.972703 0.97235 0.97261 
0.117122 0.117397 0.116254 0.110836 0.117757 
0.0614118 0.0622291 0.0609331 0.0573773 0.0627985 
0.0579757 0.0607202 0.058133 0.0557469 0.0589109 
0.0261629 0.0285383 0.026076 0.0249505 0.0266091 
2140.96 2061.86 2123.66 2060.25 2116.39 
AROMA-d algorithm
1 1 1 1 1 
0.129354 0.130603 0.131196 0.123471 0.132593 
0.0690867 0.0686496 0.0708647 0.0644576 0.0720414 
0.0563237 0.0579233 0.0552224 0.05288 0.0556507 
0.0260035 0.0275469 0.0250628 0.0239076 0.0259942 
2227.19 2218.49 2221.09 2210.34 2228.22 
17 query
OASIS algorithm
1 1 1 1 1 
0.117312 0.118392 0.118328 0.110878 0.118159 
0.0607773 0.0610962 0.0615916 0.0564763 0.0630013 
0.0552924 0.0573901 0.053553 0.0521108 0.0549865 
0.0250499 0.0269809 0.0240434 0.0230806 0.0254848 
346.156 342.902 344.173 343.905 342.586 
PAAS algorithm
0.98358 0.983763 0.98405 0.98342 0.98396 
0.117905 0.119026 0.118011 0.110582 0.11854 
0.0608033 0.0612073 0.061671 0.0562951 0.0631115 
0.0550651 0.0572852 0.0536404 0.0521371 0.055205 
0.0249231 0.0270366 0.0241014 0.023067 0.0254561 
342.272 342.02 341.708 340.806 340.92 
PARS algorithm
0.98331 0.9836 0.98385 0.983633 0.983927 
0.117439 0.117989 0.118116 0.110201 0.118857 
0.0605956 0.0608244 0.0616809 0.056293 0.0632034 
0.0555808 0.057259 0.0538939 0.0521108 0.0556507 
0.0251622 0.0268863 0.0241998 0.0229686 0.0256655 
341.574 341.068 341.284 340.903 340.865 
CWS-d algorithm
1 1 1 1 1 
0.117143 0.117693 0.11636 0.111026 0.118899 
0.0616562 0.0626806 0.0607504 0.057766 0.0631179 
0.0584215 0.0608076 0.0583166 0.0557818 0.0587623 
0.0263978 0.0285825 0.0261326 0.0250319 0.0265498 
2267 2212.85 2301.19 2240.57 2250.89 
CWAS-d algorithm
0.985113 0.984467 0.98495 0.984653 0.984627 
0.116508 0.117587 0.116741 0.110688 0.118159 
0.061566 0.0624293 0.0610461 0.05775 0.0628359 
0.0583078 0.0607727 0.0581855 0.0559479 0.0589022 
0.0263412 0.0285894 0.0261072 0.0251473 0.0265104 
2112.66 2133.2 2099.36 2137.03 2144.41 
CWAS_Adap-d algorithm
0.98496 0.98473 0.985203 0.984427 0.985543 
0.118011 0.11691 0.116339 0.111111 0.118243 
0.0621287 0.0625432 0.060707 0.057746 0.0628885 
0.0585089 0.0605192 0.0580981 0.0558255 0.0587449 
0.0263894 0.0284453 0.0259328 0.025033 0.0264971 
2146.26 2095.02 2133.8 2094.28 2145.25 
CWRS-d algorithm
0.985147 0.98509 0.985583 0.984387 0.98549 
0.116995 0.117312 0.115937 0.110582 0.118074 
0.0615921 0.0622764 0.0605058 0.0576687 0.0630384 
0.0582641 0.0607202 0.0578621 0.0555983 0.0586662 
0.0263093 0.0285373 0.025989 0.0249975 0.0265219 
2083.2 2148.95 2115.36 2141.72 2128.78 
AROMA-d algorithm
1 1 1 1 1 
0.129354 0.130603 0.131196 0.123471 0.132593 
0.0690867 0.0686496 0.0708647 0.0644576 0.0720414 
0.0563237 0.0579233 0.0552224 0.05288 0.0556507 
0.0260035 0.0275469 0.0250628 0.0239076 0.0259942 
2227.19 2218.49 2221.09 2210.34 2228.22 
18 query
OASIS algorithm
1 1 1 1 1 
0.117312 0.118392 0.118328 0.110878 0.118159 
0.0607773 0.0610962 0.0615916 0.0564763 0.0630013 
0.0552924 0.0573901 0.053553 0.0521108 0.0549865 
0.0250499 0.0269809 0.0240434 0.0230806 0.0254848 
346.156 342.902 344.173 343.905 342.586 
PAAS algorithm
0.99145 0.991363 0.991277 0.99111 0.991183 
0.117397 0.118201 0.118243 0.110624 0.118434 
0.0608766 0.061054 0.0617202 0.0565455 0.0630028 
0.0552749 0.05746 0.0534918 0.0520322 0.0549602 
0.0250084 0.027087 0.0240499 0.0230211 0.0254313 
343.659 343.547 343.475 345.287 343.765 
PARS algorithm
0.991427 0.991453 0.99129 0.991083 0.991313 
0.11691 0.117926 0.118582 0.111323 0.118899 
0.060739 0.0608851 0.0617435 0.056627 0.0630514 
0.0552399 0.0575911 0.0538065 0.0522682 0.0551787 
0.0249433 0.0271041 0.0240918 0.0230954 0.025458 
343.339 343.311 343.463 344.339 344.147 
CWS-d algorithm
1 1 1 1 1 
0.117143 0.117693 0.11636 0.111026 0.118899 
0.0616562 0.0626806 0.0607504 0.057766 0.0631179 
0.0584215 0.0608076 0.0583166 0.0557818 0.0587623 
0.0263978 0.0285825 0.0261326 0.0250319 0.0265498 
2267 2212.85 2301.19 2240.57 2250.89 
CWAS-d algorithm
0.991893 0.99172 0.99198 0.991723 0.991637 
0.117122 0.118222 0.116317 0.111026 0.118434 
0.0615856 0.0628551 0.0608219 0.057953 0.0629655 
0.0583428 0.0607552 0.0582467 0.0555196 0.0588935 
0.0263038 0.0286287 0.0260427 0.0250103 0.0265737 
2154.28 2110.68 2161.09 2099.53 2175.73 
CWAS_Adap-d algorithm
0.991697 0.99186 0.99171 0.991517 0.992243 
0.117841 0.117778 0.116233 0.111238 0.118497 
0.06179 0.0625854 0.0608391 0.0579392 0.0629075 
0.0582117 0.0607552 0.0581155 0.0555633 0.0587361 
0.026305 0.0286324 0.0260839 0.0249643 0.0265777 
2143.1 2139.84 2145.21 2120.44 2113.13 
CWRS-d algorithm
0.99152 0.99185 0.991993 0.991917 0.992447 
0.116677 0.117989 0.116233 0.110434 0.118455 
0.061472 0.0625457 0.0608547 0.0575144 0.0629892 
0.0581243 0.0604842 0.0581418 0.0556595 0.0589197 
0.0261921 0.0285543 0.0261382 0.025023 0.0266027 
2137.76 2125.63 2145.51 2097.55 2155.04 
AROMA-d algorithm
1 1 1 1 1 
0.129354 0.130603 0.131196 0.123471 0.132593 
0.0690867 0.0686496 0.0708647 0.0644576 0.0720414 
0.0563237 0.0579233 0.0552224 0.05288 0.0556507 
0.0260035 0.0275469 0.0250628 0.0239076 0.0259942 
2227.19 2218.49 2221.09 2210.34 2228.22 
19 query
OASIS algorithm
1 1 1 1 1 
0.117312 0.118392 0.118328 0.110878 0.118159 
0.0607773 0.0610962 0.0615916 0.0564763 0.0630013 
0.0552924 0.0573901 0.053553 0.0521108 0.0549865 
0.0250499 0.0269809 0.0240434 0.0230806 0.0254848 
346.156 342.902 344.173 343.905 342.586 
PAAS algorithm
0.994973 0.995167 0.995387 0.995347 0.995267 
0.117058 0.118349 0.118434 0.110794 0.118349 
0.0606293 0.0609525 0.0615564 0.0565863 0.0628817 
0.0551875 0.0576173 0.0535093 0.0523381 0.05517 
0.0249828 0.0271176 0.0239853 0.0230989 0.0255622 
345.977 345.561 344.47 344.845 344.718 
PARS algorithm
0.99504 0.995117 0.99544 0.995613 0.995373 
0.117291 0.118667 0.118878 0.110561 0.118138 
0.0609677 0.0610029 0.0617565 0.0564647 0.0628645 
0.055371 0.0573988 0.0534569 0.0521633 0.0551176 
0.0250232 0.0269494 0.0239478 0.0231435 0.0255178 
346.55 345.844 345.001 344.841 344.872 
CWS-d algorithm
1 1 1 1 1 
0.117143 0.117693 0.11636 0.111026 0.118899 
0.0616562 0.0626806 0.0607504 0.057766 0.0631179 
0.0584215 0.0608076 0.0583166 0.0557818 0.0587623 
0.0263978 0.0285825 0.0261326 0.0250319 0.0265498 
2267 2212.85 2301.19 2240.57 2250.89 
CWAS-d algorithm
0.995753 0.995427 0.995467 0.99542 0.995607 
0.11727 0.117376 0.116656 0.110582 0.118836 
0.061704 0.062586 0.0606892 0.0576248 0.0630093 
0.0582991 0.0608426 0.0583166 0.0556507 0.058841 
0.0264165 0.0285323 0.0261274 0.0249601 0.0265445 
2139.03 2167.81 2147.12 2141.41 2118.01 
CWAS_Adap-d algorithm
0.995687 0.995623 0.995623 0.995583 0.995627 
0.117206 0.117735 0.116275 0.11128 0.11909 
0.0616623 0.0625697 0.0606996 0.0579752 0.0633309 
0.0582816 0.0606853 0.0581243 0.0556857 0.0587449 
0.0264449 0.0286052 0.0260005 0.0250574 0.0264975 
2142.55 2156.82 2135.4 2122.51 2144.13 
CWRS-d algorithm
0.995497 0.995643 0.995517 0.99583 0.995627 
0.117122 0.117376 0.116635 0.111302 0.118519 
0.061843 0.0624002 0.0609226 0.0577901 0.063017 
0.0586924 0.0608601 0.058133 0.0558081 0.0591032 
0.0264847 0.0285783 0.0260035 0.0250334 0.0266816 
2151.58 2135.87 2118.07 2130.51 2122.98 
AROMA-d algorithm
1 1 1 1 1 
0.129354 0.130603 0.131196 0.123471 0.132593 
0.0690867 0.0686496 0.0708647 0.0644576 0.0720414 
0.0563237 0.0579233 0.0552224 0.05288 0.0556507 
0.0260035 0.0275469 0.0250628 0.0239076 0.0259942 
2227.19 2218.49 2221.09 2210.34 2228.22 
