OASIS que
1.000    1.000    1.000    1.000    1.000    1.000    1.000    1.000    1.000    1.000    1.000    1.000    1.000    1.000    1.000    1.000    1.000    1.000    1.000    1.000    
OASIS std_que
0.000    0.000    0.000    0.000    0.000    0.000    0.000    0.000    0.000    0.000    0.000    0.000    0.000    0.000    0.000    0.000    0.000    0.000    0.000    0.000    
OASIS AP_train
0.117    0.117    0.117    0.117    0.117    0.117    0.117    0.117    0.117    0.117    0.117    0.117    0.117    0.117    0.117    0.117    0.117    0.117    0.117    0.117    
OASIS std_AP_train
0.003    0.003    0.003    0.003    0.003    0.003    0.003    0.003    0.003    0.003    0.003    0.003    0.003    0.003    0.003    0.003    0.003    0.003    0.003    0.003    
OASIS mAP_train
0.061    0.061    0.061    0.061    0.061    0.061    0.061    0.061    0.061    0.061    0.061    0.061    0.061    0.061    0.061    0.061    0.061    0.061    0.061    0.061    
OASIS std_mAP_train
0.002    0.002    0.002    0.002    0.002    0.002    0.002    0.002    0.002    0.002    0.002    0.002    0.002    0.002    0.002    0.002    0.002    0.002    0.002    0.002    
OASIS AP_test
0.055    0.055    0.055    0.055    0.055    0.055    0.055    0.055    0.055    0.055    0.055    0.055    0.055    0.055    0.055    0.055    0.055    0.055    0.055    0.055    
OASIS std_AP_test
0.002    0.002    0.002    0.002    0.002    0.002    0.002    0.002    0.002    0.002    0.002    0.002    0.002    0.002    0.002    0.002    0.002    0.002    0.002    0.002    
OASIS mAP_test
0.025    0.025    0.025    0.025    0.025    0.025    0.025    0.025    0.025    0.025    0.025    0.025    0.025    0.025    0.025    0.025    0.025    0.025    0.025    0.025    
OASIS std_mAP_test
0.001    0.001    0.001    0.001    0.001    0.001    0.001    0.001    0.001    0.001    0.001    0.001    0.001    0.001    0.001    0.001    0.001    0.001    0.001    0.001    
OASIS time
343.944  343.944  343.944  343.944  343.944  343.944  343.944  343.944  343.944  343.944  343.944  343.944  343.944  343.944  343.944  343.944  343.944  343.944  343.944  343.944  
OASIS std_time
1.255    1.255    1.255    1.255    1.255    1.255    1.255    1.255    1.255    1.255    1.255    1.255    1.255    1.255    1.255    1.255    1.255    1.255    1.255    1.255    
PAAS que
0.045    0.062    0.084    0.111    0.147    0.190    0.243    0.307    0.382    0.471    0.570    0.673    0.771    0.851    0.909    0.947    0.970    0.984    0.991    0.995    
PAAS std_que
0.000    0.000    0.001    0.001    0.002    0.002    0.001    0.002    0.003    0.002    0.002    0.002    0.001    0.001    0.001    0.000    0.000    0.000    0.000    0.000    
PAAS AP_train
0.089    0.087    0.091    0.093    0.096    0.099    0.101    0.103    0.106    0.109    0.111    0.112    0.115    0.115    0.116    0.116    0.117    0.117    0.117    0.117    
PAAS std_AP_train
0.003    0.002    0.003    0.004    0.002    0.004    0.003    0.002    0.003    0.002    0.004    0.004    0.003    0.003    0.003    0.003    0.003    0.003    0.003    0.003    
PAAS mAP_train
0.047    0.045    0.046    0.048    0.049    0.051    0.052    0.053    0.054    0.056    0.058    0.058    0.059    0.060    0.060    0.060    0.061    0.061    0.061    0.061    
PAAS std_mAP_train
0.002    0.001    0.002    0.003    0.002    0.003    0.002    0.002    0.003    0.002    0.003    0.002    0.002    0.002    0.002    0.002    0.002    0.002    0.002    0.002    
PAAS AP_test
0.035    0.036    0.039    0.042    0.045    0.047    0.049    0.051    0.052    0.053    0.055    0.054    0.055    0.055    0.054    0.055    0.055    0.055    0.055    0.055    
PAAS std_AP_test
0.002    0.002    0.002    0.001    0.001    0.002    0.002    0.001    0.002    0.001    0.002    0.002    0.002    0.002    0.002    0.002    0.002    0.002    0.002    0.002    
PAAS mAP_test
0.014    0.015    0.017    0.018    0.020    0.021    0.022    0.023    0.023    0.024    0.025    0.025    0.025    0.025    0.025    0.025    0.025    0.025    0.025    0.025    
PAAS std_mAP_test
0.001    0.001    0.001    0.001    0.001    0.001    0.001    0.001    0.001    0.001    0.001    0.001    0.001    0.001    0.001    0.001    0.001    0.001    0.001    0.001    
PAAS time
18.434   24.494   31.751   41.334   53.656   68.479   86.735   107.486  133.274  163.368  196.261  231.374  266.675  292.496  312.393  325.106  334.955  341.545  343.947  345.114  
PAAS std_time
0.158    0.782    0.249    0.345    0.548    0.537    0.482    0.761    0.831    0.700    0.877    0.754    1.728    0.419    0.179    0.086    2.486    0.586    0.677    0.564    
PARS que
0.045    0.061    0.084    0.111    0.147    0.190    0.243    0.307    0.382    0.471    0.571    0.673    0.772    0.851    0.909    0.947    0.970    0.984    0.991    0.995    
PARS std_que
0.001    0.001    0.001    0.001    0.001    0.002    0.001    0.003    0.002    0.002    0.002    0.002    0.001    0.002    0.001    0.000    0.000    0.000    0.000    0.000    
PARS AP_train
0.056    0.059    0.063    0.070    0.075    0.081    0.088    0.093    0.098    0.102    0.106    0.109    0.113    0.114    0.115    0.116    0.116    0.117    0.117    0.117    
PARS std_AP_train
0.002    0.003    0.001    0.003    0.002    0.003    0.003    0.002    0.002    0.002    0.003    0.003    0.004    0.003    0.003    0.003    0.003    0.003    0.003    0.003    
PARS mAP_train
0.028    0.029    0.031    0.035    0.037    0.041    0.045    0.047    0.050    0.053    0.055    0.056    0.058    0.059    0.059    0.060    0.060    0.061    0.061    0.061    
PARS std_mAP_train
0.001    0.001    0.001    0.002    0.002    0.002    0.002    0.001    0.002    0.002    0.002    0.002    0.003    0.002    0.002    0.002    0.002    0.002    0.002    0.002    
PARS AP_test
0.030    0.032    0.034    0.039    0.042    0.045    0.049    0.051    0.052    0.053    0.054    0.055    0.055    0.055    0.055    0.055    0.055    0.055    0.055    0.055    
PARS std_AP_test
0.002    0.002    0.001    0.002    0.002    0.001    0.002    0.001    0.001    0.001    0.002    0.002    0.002    0.002    0.002    0.002    0.002    0.002    0.002    0.002    
PARS mAP_test
0.013    0.014    0.015    0.017    0.018    0.020    0.022    0.023    0.023    0.024    0.024    0.025    0.025    0.025    0.025    0.025    0.025    0.025    0.025    0.025    
PARS std_mAP_test
0.001    0.000    0.001    0.001    0.001    0.001    0.001    0.001    0.001    0.001    0.001    0.001    0.001    0.001    0.001    0.001    0.001    0.001    0.001    0.001    
PARS time
18.428   24.092   31.928   41.313   53.517   68.417   86.731   107.632  133.158  163.386  196.435  231.184  267.198  292.387  312.356  325.073  334.922  341.139  343.720  345.422  
PARS std_time
0.169    0.210    0.359    0.347    0.479    0.525    0.452    0.661    0.812    0.777    0.786    0.699    1.626    0.546    0.339    0.188    2.586    0.263    0.435    0.673    
CWS-d que
1.000    1.000    1.000    1.000    1.000    1.000    1.000    1.000    1.000    1.000    1.000    1.000    1.000    1.000    1.000    1.000    1.000    1.000    1.000    1.000    
CWS-d std_que
0.000    0.000    0.000    0.000    0.000    0.000    0.000    0.000    0.000    0.000    0.000    0.000    0.000    0.000    0.000    0.000    0.000    0.000    0.000    0.000    
CWS-d AP_train
0.116    0.116    0.116    0.116    0.116    0.116    0.116    0.116    0.116    0.116    0.116    0.116    0.116    0.116    0.116    0.116    0.116    0.116    0.116    0.116    
CWS-d std_AP_train
0.003    0.003    0.003    0.003    0.003    0.003    0.003    0.003    0.003    0.003    0.003    0.003    0.003    0.003    0.003    0.003    0.003    0.003    0.003    0.003    
CWS-d mAP_train
0.061    0.061    0.061    0.061    0.061    0.061    0.061    0.061    0.061    0.061    0.061    0.061    0.061    0.061    0.061    0.061    0.061    0.061    0.061    0.061    
CWS-d std_mAP_train
0.002    0.002    0.002    0.002    0.002    0.002    0.002    0.002    0.002    0.002    0.002    0.002    0.002    0.002    0.002    0.002    0.002    0.002    0.002    0.002    
CWS-d AP_test
0.058    0.058    0.058    0.058    0.058    0.058    0.058    0.058    0.058    0.058    0.058    0.058    0.058    0.058    0.058    0.058    0.058    0.058    0.058    0.058    
CWS-d std_AP_test
0.002    0.002    0.002    0.002    0.002    0.002    0.002    0.002    0.002    0.002    0.002    0.002    0.002    0.002    0.002    0.002    0.002    0.002    0.002    0.002    
CWS-d mAP_test
0.027    0.027    0.027    0.027    0.027    0.027    0.027    0.027    0.027    0.027    0.027    0.027    0.027    0.027    0.027    0.027    0.027    0.027    0.027    0.027    
CWS-d std_mAP_test
0.001    0.001    0.001    0.001    0.001    0.001    0.001    0.001    0.001    0.001    0.001    0.001    0.001    0.001    0.001    0.001    0.001    0.001    0.001    0.001    
CWS-d time
2254.500 2254.500 2254.500 2254.500 2254.500 2254.500 2254.500 2254.500 2254.500 2254.500 2254.500 2254.500 2254.500 2254.500 2254.500 2254.500 2254.500 2254.500 2254.500 2254.500 
CWS-d std_time
29.250   29.250   29.250   29.250   29.250   29.250   29.250   29.250   29.250   29.250   29.250   29.250   29.250   29.250   29.250   29.250   29.250   29.250   29.250   29.250   
CWAS-d que
0.047    0.064    0.087    0.117    0.155    0.202    0.259    0.326    0.404    0.494    0.593    0.692    0.784    0.860    0.915    0.951    0.972    0.985    0.992    0.996    
CWAS-d std_que
0.000    0.001    0.001    0.001    0.002    0.001    0.002    0.003    0.002    0.003    0.003    0.003    0.002    0.001    0.001    0.000    0.000    0.000    0.000    0.000    
CWAS-d AP_train
0.091    0.093    0.096    0.101    0.105    0.106    0.107    0.108    0.109    0.111    0.111    0.113    0.114    0.115    0.115    0.116    0.116    0.116    0.116    0.116    
CWAS-d std_AP_train
0.003    0.002    0.004    0.001    0.003    0.001    0.002    0.003    0.002    0.002    0.003    0.003    0.003    0.003    0.003    0.003    0.003    0.003    0.003    0.003    
CWAS-d mAP_train
0.048    0.049    0.050    0.052    0.055    0.056    0.056    0.056    0.057    0.058    0.058    0.059    0.060    0.060    0.060    0.061    0.061    0.061    0.061    0.061    
CWAS-d std_mAP_train
0.001    0.002    0.003    0.001    0.002    0.001    0.002    0.002    0.002    0.002    0.002    0.002    0.002    0.002    0.002    0.002    0.002    0.002    0.002    0.002    
CWAS-d AP_test
0.035    0.038    0.042    0.043    0.048    0.050    0.051    0.053    0.054    0.056    0.056    0.057    0.058    0.058    0.058    0.058    0.058    0.058    0.058    0.058    
CWAS-d std_AP_test
0.002    0.001    0.002    0.001    0.001    0.001    0.002    0.001    0.001    0.001    0.001    0.002    0.002    0.002    0.001    0.002    0.001    0.002    0.002    0.002    
CWAS-d mAP_test
0.015    0.016    0.018    0.019    0.021    0.022    0.023    0.024    0.025    0.025    0.026    0.026    0.026    0.026    0.026    0.026    0.026    0.027    0.027    0.027    
CWAS-d std_mAP_test
0.001    0.000    0.001    0.001    0.001    0.001    0.001    0.001    0.001    0.001    0.001    0.001    0.001    0.001    0.001    0.001    0.001    0.001    0.001    0.001    
CWAS-d time
1618.791 1642.140 1638.893 1633.872 1607.977 1646.049 1720.733 1756.254 1800.946 1839.436 1856.510 1928.304 2029.633 2057.915 2101.410 2106.051 2115.941 2125.332 2140.264 2142.673 
CWAS-d std_time
11.724   28.275   29.423   21.667   21.831   22.656   30.196   35.614   17.909   23.110   26.459   14.653   23.250   21.452   23.627   19.915   29.504   16.719   29.739   15.968   
CWAS_Adap-d que
0.051    0.067    0.090    0.119    0.157    0.205    0.260    0.327    0.406    0.495    0.593    0.692    0.785    0.861    0.915    0.951    0.972    0.985    0.992    0.996    
CWAS_Adap-d std_que
0.001    0.001    0.001    0.001    0.001    0.002    0.001    0.003    0.003    0.003    0.003    0.003    0.002    0.001    0.001    0.000    0.000    0.000    0.000    0.000    
CWAS_Adap-d AP_train
0.092    0.094    0.099    0.101    0.104    0.106    0.108    0.109    0.110    0.110    0.111    0.113    0.114    0.115    0.115    0.116    0.116    0.116    0.116    0.116    
CWAS_Adap-d std_AP_train
0.002    0.001    0.002    0.001    0.003    0.002    0.003    0.003    0.003    0.002    0.002    0.003    0.003    0.003    0.003    0.003    0.003    0.003    0.003    0.003    
CWAS_Adap-d mAP_train
0.049    0.049    0.052    0.053    0.054    0.055    0.056    0.057    0.057    0.057    0.058    0.059    0.060    0.060    0.061    0.061    0.061    0.061    0.061    0.061    
CWAS_Adap-d std_mAP_train
0.002    0.001    0.002    0.001    0.003    0.001    0.002    0.002    0.002    0.002    0.002    0.002    0.002    0.002    0.002    0.002    0.002    0.002    0.002    0.002    
CWAS_Adap-d AP_test
0.035    0.038    0.042    0.045    0.047    0.050    0.051    0.054    0.054    0.055    0.056    0.057    0.058    0.058    0.058    0.058    0.058    0.058    0.058    0.058    
CWAS_Adap-d std_AP_test
0.001    0.001    0.001    0.001    0.002    0.001    0.001    0.001    0.001    0.002    0.002    0.001    0.002    0.002    0.002    0.002    0.001    0.002    0.002    0.002    
CWAS_Adap-d mAP_test
0.015    0.016    0.018    0.019    0.020    0.022    0.023    0.024    0.024    0.025    0.025    0.026    0.026    0.026    0.026    0.026    0.027    0.026    0.027    0.027    
CWAS_Adap-d std_mAP_test
0.001    0.001    0.001    0.001    0.001    0.001    0.001    0.001    0.001    0.001    0.001    0.001    0.001    0.001    0.001    0.001    0.001    0.001    0.001    0.001    
CWAS_Adap-d time
1637.582 1674.747 1628.688 1587.854 1614.359 1660.698 1721.142 1763.925 1790.976 1842.968 1869.539 1945.130 2013.486 2060.489 2089.802 2102.311 2099.032 2122.921 2132.346 2140.281 
CWAS_Adap-d std_time
8.376    11.874   16.834   51.198   28.532   17.198   32.504   32.607   20.058   24.458   20.203   32.825   20.473   31.036   21.543   20.401   14.386   23.495   13.026   11.255   
CWRS-d que
0.051    0.067    0.090    0.119    0.157    0.205    0.259    0.327    0.407    0.495    0.593    0.693    0.785    0.860    0.915    0.951    0.972    0.985    0.992    0.996    
CWRS-d std_que
0.001    0.001    0.001    0.001    0.001    0.002    0.002    0.004    0.003    0.004    0.003    0.002    0.001    0.002    0.002    0.000    0.000    0.000    0.000    0.000    
CWRS-d AP_train
0.059    0.062    0.064    0.069    0.075    0.080    0.085    0.091    0.097    0.101    0.105    0.108    0.111    0.113    0.114    0.115    0.116    0.116    0.116    0.116    
CWRS-d std_AP_train
0.001    0.002    0.003    0.002    0.002    0.002    0.002    0.002    0.003    0.002    0.002    0.003    0.002    0.002    0.003    0.003    0.003    0.003    0.003    0.003    
CWRS-d mAP_train
0.030    0.031    0.032    0.034    0.037    0.040    0.043    0.046    0.049    0.052    0.054    0.056    0.058    0.059    0.060    0.060    0.061    0.061    0.061    0.061    
CWRS-d std_mAP_train
0.001    0.001    0.002    0.001    0.002    0.002    0.002    0.002    0.003    0.002    0.002    0.002    0.002    0.002    0.002    0.002    0.002    0.002    0.002    0.002    
CWRS-d AP_test
0.031    0.033    0.035    0.038    0.041    0.044    0.047    0.050    0.052    0.054    0.056    0.056    0.057    0.058    0.058    0.058    0.058    0.058    0.058    0.059    
CWRS-d std_AP_test
0.001    0.001    0.001    0.001    0.001    0.001    0.002    0.001    0.002    0.001    0.002    0.001    0.001    0.001    0.002    0.002    0.002    0.002    0.002    0.002    
CWRS-d mAP_test
0.013    0.014    0.015    0.016    0.018    0.019    0.021    0.022    0.023    0.024    0.025    0.025    0.026    0.026    0.026    0.026    0.026    0.026    0.027    0.027    
CWRS-d std_mAP_test
0.001    0.000    0.001    0.001    0.001    0.001    0.001    0.001    0.001    0.001    0.001    0.001    0.001    0.001    0.001    0.001    0.001    0.001    0.001    0.001    
CWRS-d time
1627.304 1674.890 1634.078 1594.243 1595.334 1650.132 1715.157 1729.387 1783.990 1799.187 1832.864 1898.111 1979.544 2026.182 2088.565 2095.188 2100.624 2123.603 2132.299 2131.803 
CWRS-d std_time
24.736   7.913    12.587   21.023   35.409   9.486    34.348   27.686   18.842   15.519   30.835   23.495   25.193   18.355   22.064   22.957   33.280   23.228   19.868   11.624   
AROMA-d que
1.000    1.000    1.000    1.000    1.000    1.000    1.000    1.000    1.000    1.000    1.000    1.000    1.000    1.000    1.000    1.000    1.000    1.000    1.000    1.000    
AROMA-d std_que
0.000    0.000    0.000    0.000    0.000    0.000    0.000    0.000    0.000    0.000    0.000    0.000    0.000    0.000    0.000    0.000    0.000    0.000    0.000    0.000    
AROMA-d AP_train
0.129    0.129    0.129    0.129    0.129    0.129    0.129    0.129    0.129    0.129    0.129    0.129    0.129    0.129    0.129    0.129    0.129    0.129    0.129    0.129    
AROMA-d std_AP_train
0.003    0.003    0.003    0.003    0.003    0.003    0.003    0.003    0.003    0.003    0.003    0.003    0.003    0.003    0.003    0.003    0.003    0.003    0.003    0.003    
AROMA-d mAP_train
0.069    0.069    0.069    0.069    0.069    0.069    0.069    0.069    0.069    0.069    0.069    0.069    0.069    0.069    0.069    0.069    0.069    0.069    0.069    0.069    
AROMA-d std_mAP_train
0.003    0.003    0.003    0.003    0.003    0.003    0.003    0.003    0.003    0.003    0.003    0.003    0.003    0.003    0.003    0.003    0.003    0.003    0.003    0.003    
AROMA-d AP_test
0.056    0.056    0.056    0.056    0.056    0.056    0.056    0.056    0.056    0.056    0.056    0.056    0.056    0.056    0.056    0.056    0.056    0.056    0.056    0.056    
AROMA-d std_AP_test
0.002    0.002    0.002    0.002    0.002    0.002    0.002    0.002    0.002    0.002    0.002    0.002    0.002    0.002    0.002    0.002    0.002    0.002    0.002    0.002    
AROMA-d mAP_test
0.026    0.026    0.026    0.026    0.026    0.026    0.026    0.026    0.026    0.026    0.026    0.026    0.026    0.026    0.026    0.026    0.026    0.026    0.026    0.026    
AROMA-d std_mAP_test
0.001    0.001    0.001    0.001    0.001    0.001    0.001    0.001    0.001    0.001    0.001    0.001    0.001    0.001    0.001    0.001    0.001    0.001    0.001    0.001    
AROMA-d time
2221.065 2221.065 2221.065 2221.065 2221.065 2221.065 2221.065 2221.065 2221.065 2221.065 2221.065 2221.065 2221.065 2221.065 2221.065 2221.065 2221.065 2221.065 2221.065 2221.065 
AROMA-d std_time
6.488    6.488    6.488    6.488    6.488    6.488    6.488    6.488    6.488    6.488    6.488    6.488    6.488    6.488    6.488    6.488    6.488    6.488    6.488    6.488    
