OASIS que
1.000    1.000    1.000    1.000    1.000    1.000    1.000    1.000    1.000    1.000    1.000    1.000    1.000    1.000    1.000    1.000    1.000    1.000    1.000    1.000    
OASIS std_que
0.000    0.000    0.000    0.000    0.000    0.000    0.000    0.000    0.000    0.000    0.000    0.000    0.000    0.000    0.000    0.000    0.000    0.000    0.000    0.000    
OASIS AP_train
0.549    0.549    0.549    0.549    0.549    0.549    0.549    0.549    0.549    0.549    0.549    0.549    0.549    0.549    0.549    0.549    0.549    0.549    0.549    0.549    
OASIS std_AP_train
0.080    0.080    0.080    0.080    0.080    0.080    0.080    0.080    0.080    0.080    0.080    0.080    0.080    0.080    0.080    0.080    0.080    0.080    0.080    0.080    
OASIS mAP_train
0.437    0.437    0.437    0.437    0.437    0.437    0.437    0.437    0.437    0.437    0.437    0.437    0.437    0.437    0.437    0.437    0.437    0.437    0.437    0.437    
OASIS std_mAP_train
0.080    0.080    0.080    0.080    0.080    0.080    0.080    0.080    0.080    0.080    0.080    0.080    0.080    0.080    0.080    0.080    0.080    0.080    0.080    0.080    
OASIS AP_test
0.544    0.544    0.544    0.544    0.544    0.544    0.544    0.544    0.544    0.544    0.544    0.544    0.544    0.544    0.544    0.544    0.544    0.544    0.544    0.544    
OASIS std_AP_test
0.048    0.048    0.048    0.048    0.048    0.048    0.048    0.048    0.048    0.048    0.048    0.048    0.048    0.048    0.048    0.048    0.048    0.048    0.048    0.048    
OASIS mAP_test
0.454    0.454    0.454    0.454    0.454    0.454    0.454    0.454    0.454    0.454    0.454    0.454    0.454    0.454    0.454    0.454    0.454    0.454    0.454    0.454    
OASIS std_mAP_test
0.050    0.050    0.050    0.050    0.050    0.050    0.050    0.050    0.050    0.050    0.050    0.050    0.050    0.050    0.050    0.050    0.050    0.050    0.050    0.050    
OASIS time
0.021    0.021    0.021    0.021    0.021    0.021    0.021    0.021    0.021    0.021    0.021    0.021    0.021    0.021    0.021    0.021    0.021    0.021    0.021    0.021    
OASIS std_time
0.001    0.001    0.001    0.001    0.001    0.001    0.001    0.001    0.001    0.001    0.001    0.001    0.001    0.001    0.001    0.001    0.001    0.001    0.001    0.001    
PAAS que
0.010    0.021    0.042    0.072    0.131    0.214    0.340    0.525    0.712    0.860    0.943    0.980    0.992    0.997    0.999    1.000    1.000    1.000    1.000    1.000    
PAAS std_que
0.002    0.002    0.001    0.003    0.005    0.007    0.010    0.020    0.022    0.015    0.005    0.003    0.001    0.001    0.000    0.000    0.000    0.000    0.000    0.000    
PAAS AP_train
0.309    0.431    0.476    0.529    0.547    0.571    0.548    0.550    0.548    0.543    0.546    0.546    0.549    0.551    0.549    0.549    0.549    0.549    0.548    0.549    
PAAS std_AP_train
0.080    0.085    0.057    0.053    0.072    0.048    0.037    0.051    0.049    0.083    0.079    0.079    0.081    0.075    0.081    0.080    0.080    0.080    0.080    0.080    
PAAS mAP_train
0.208    0.316    0.340    0.391    0.433    0.457    0.415    0.438    0.431    0.433    0.434    0.436    0.438    0.438    0.437    0.437    0.437    0.437    0.437    0.437    
PAAS std_mAP_train
0.055    0.087    0.061    0.059    0.071    0.074    0.040    0.061    0.053    0.083    0.076    0.079    0.082    0.078    0.080    0.080    0.080    0.080    0.080    0.080    
PAAS AP_test
0.284    0.395    0.448    0.490    0.541    0.539    0.503    0.535    0.529    0.540    0.542    0.543    0.542    0.545    0.545    0.544    0.544    0.544    0.544    0.545    
PAAS std_AP_test
0.069    0.083    0.053    0.046    0.049    0.056    0.045    0.049    0.040    0.053    0.051    0.047    0.046    0.047    0.048    0.048    0.048    0.048    0.048    0.048    
PAAS mAP_test
0.199    0.286    0.313    0.377    0.434    0.444    0.408    0.440    0.436    0.452    0.450    0.454    0.451    0.455    0.454    0.454    0.454    0.454    0.453    0.454    
PAAS std_mAP_test
0.052    0.072    0.038    0.054    0.049    0.062    0.044    0.066    0.040    0.057    0.050    0.050    0.045    0.049    0.050    0.050    0.050    0.050    0.050    0.050    
PAAS time
0.003    0.004    0.004    0.005    0.006    0.008    0.009    0.015    0.016    0.018    0.019    0.020    0.020    0.020    0.020    0.020    0.020    0.020    0.020    0.020    
PAAS std_time
0.000    0.000    0.000    0.000    0.000    0.000    0.000    0.004    0.001    0.001    0.000    0.001    0.000    0.000    0.001    0.000    0.000    0.001    0.000    0.001    
PARS que
0.010    0.021    0.044    0.071    0.131    0.215    0.339    0.527    0.710    0.860    0.944    0.980    0.992    0.998    0.999    0.999    1.000    1.000    1.000    1.000    
PARS std_que
0.002    0.002    0.002    0.002    0.008    0.009    0.010    0.024    0.027    0.016    0.005    0.003    0.002    0.001    0.001    0.001    0.000    0.000    0.000    0.000    
PARS AP_train
0.304    0.343    0.380    0.389    0.427    0.477    0.489    0.529    0.520    0.559    0.550    0.546    0.547    0.552    0.550    0.547    0.548    0.549    0.548    0.549    
PARS std_AP_train
0.075    0.039    0.051    0.051    0.084    0.073    0.066    0.039    0.016    0.057    0.063    0.080    0.080    0.076    0.081    0.078    0.080    0.080    0.081    0.080    
PARS mAP_train
0.217    0.243    0.277    0.277    0.314    0.369    0.367    0.412    0.395    0.439    0.431    0.436    0.435    0.440    0.440    0.436    0.437    0.437    0.437    0.437    
PARS std_mAP_train
0.054    0.026    0.029    0.036    0.059    0.073    0.060    0.038    0.019    0.063    0.067    0.079    0.079    0.080    0.081    0.079    0.080    0.080    0.080    0.080    
PARS AP_test
0.283    0.321    0.367    0.360    0.411    0.442    0.457    0.516    0.506    0.546    0.546    0.542    0.541    0.544    0.546    0.545    0.544    0.544    0.544    0.545    
PARS std_AP_test
0.070    0.022    0.017    0.032    0.050    0.067    0.071    0.047    0.018    0.051    0.045    0.050    0.049    0.044    0.047    0.049    0.049    0.048    0.048    0.049    
PARS mAP_test
0.205    0.225    0.262    0.252    0.299    0.351    0.348    0.419    0.410    0.456    0.455    0.453    0.449    0.454    0.457    0.454    0.454    0.454    0.453    0.454    
PARS std_mAP_test
0.057    0.038    0.032    0.025    0.027    0.072    0.067    0.055    0.027    0.050    0.048    0.054    0.047    0.046    0.048    0.051    0.050    0.050    0.050    0.050    
PARS time
0.004    0.004    0.004    0.004    0.005    0.007    0.010    0.013    0.017    0.018    0.019    0.020    0.020    0.020    0.020    0.020    0.020    0.020    0.021    0.020    
PARS std_time
0.000    0.001    0.001    0.000    0.000    0.000    0.002    0.001    0.001    0.001    0.001    0.001    0.001    0.000    0.000    0.000    0.000    0.000    0.000    0.000    
CWS que
1.000    1.000    1.000    1.000    1.000    1.000    1.000    1.000    1.000    1.000    1.000    1.000    1.000    1.000    1.000    1.000    1.000    1.000    1.000    1.000    
CWS std_que
0.000    0.000    0.000    0.000    0.000    0.000    0.000    0.000    0.000    0.000    0.000    0.000    0.000    0.000    0.000    0.000    0.000    0.000    0.000    0.000    
CWS AP_train
0.733    0.733    0.733    0.733    0.733    0.733    0.733    0.733    0.733    0.733    0.733    0.733    0.733    0.733    0.733    0.733    0.733    0.733    0.733    0.733    
CWS std_AP_train
0.072    0.072    0.072    0.072    0.072    0.072    0.072    0.072    0.072    0.072    0.072    0.072    0.072    0.072    0.072    0.072    0.072    0.072    0.072    0.072    
CWS mAP_train
0.658    0.658    0.658    0.658    0.658    0.658    0.658    0.658    0.658    0.658    0.658    0.658    0.658    0.658    0.658    0.658    0.658    0.658    0.658    0.658    
CWS std_mAP_train
0.078    0.078    0.078    0.078    0.078    0.078    0.078    0.078    0.078    0.078    0.078    0.078    0.078    0.078    0.078    0.078    0.078    0.078    0.078    0.078    
CWS AP_test
0.696    0.696    0.696    0.696    0.696    0.696    0.696    0.696    0.696    0.696    0.696    0.696    0.696    0.696    0.696    0.696    0.696    0.696    0.696    0.696    
CWS std_AP_test
0.051    0.051    0.051    0.051    0.051    0.051    0.051    0.051    0.051    0.051    0.051    0.051    0.051    0.051    0.051    0.051    0.051    0.051    0.051    0.051    
CWS mAP_test
0.614    0.614    0.614    0.614    0.614    0.614    0.614    0.614    0.614    0.614    0.614    0.614    0.614    0.614    0.614    0.614    0.614    0.614    0.614    0.614    
CWS std_mAP_test
0.057    0.057    0.057    0.057    0.057    0.057    0.057    0.057    0.057    0.057    0.057    0.057    0.057    0.057    0.057    0.057    0.057    0.057    0.057    0.057    
CWS time
113.979  113.979  113.979  113.979  113.979  113.979  113.979  113.979  113.979  113.979  113.979  113.979  113.979  113.979  113.979  113.979  113.979  113.979  113.979  113.979  
CWS std_time
7.204    7.204    7.204    7.204    7.204    7.204    7.204    7.204    7.204    7.204    7.204    7.204    7.204    7.204    7.204    7.204    7.204    7.204    7.204    7.204    
CWAS que
0.001    0.001    0.003    0.005    0.014    0.035    0.104    0.226    0.473    0.708    0.863    0.939    0.974    0.991    0.997    0.999    0.999    1.000    1.000    1.000    
CWAS std_que
0.000    0.000    0.000    0.001    0.003    0.007    0.019    0.040    0.041    0.031    0.011    0.013    0.007    0.003    0.001    0.000    0.000    0.000    0.000    0.000    
CWAS AP_train
0.189    0.185    0.193    0.346    0.367    0.521    0.698    0.713    0.767    0.764    0.769    0.744    0.736    0.736    0.748    0.733    0.733    0.733    0.733    0.733    
CWAS std_AP_train
0.070    0.025    0.068    0.081    0.126    0.055    0.033    0.081    0.024    0.026    0.025    0.060    0.075    0.070    0.053    0.071    0.069    0.072    0.072    0.072    
CWAS mAP_train
0.129    0.137    0.129    0.229    0.267    0.395    0.600    0.634    0.694    0.693    0.693    0.672    0.661    0.664    0.674    0.659    0.658    0.658    0.658    0.658    
CWAS std_mAP_train
0.058    0.027    0.054    0.057    0.123    0.074    0.044    0.094    0.031    0.035    0.028    0.063    0.081    0.077    0.058    0.078    0.076    0.078    0.078    0.078    
CWAS AP_test
0.222    0.196    0.189    0.306    0.348    0.474    0.657    0.665    0.706    0.711    0.708    0.698    0.696    0.702    0.710    0.694    0.699    0.696    0.697    0.696    
CWAS std_AP_test
0.088    0.043    0.041    0.071    0.105    0.061    0.023    0.077    0.017    0.017    0.021    0.057    0.048    0.046    0.035    0.049    0.046    0.051    0.051    0.051    
CWAS mAP_test
0.148    0.149    0.131    0.211    0.261    0.367    0.562    0.577    0.614    0.623    0.622    0.617    0.613    0.621    0.628    0.612    0.617    0.614    0.614    0.614    
CWAS std_mAP_test
0.067    0.040    0.033    0.049    0.090    0.065    0.033    0.081    0.021    0.025    0.024    0.052    0.049    0.048    0.039    0.054    0.051    0.057    0.056    0.057    
CWAS time
81.776   85.630   81.934   79.532   80.472   90.917   107.107  100.843  108.445  106.051  107.034  109.142  109.357  109.832  108.728  110.013  109.954  110.055  110.351  110.090  
CWAS std_time
2.858    0.843    3.411    0.144    0.352    5.986    2.014    1.617    4.060    5.459    3.367    6.586    6.466    6.996    5.632    7.084    6.999    7.130    7.139    7.044    
CWAS_Adap que
0.050    0.050    0.050    0.050    0.050    0.050    0.049    0.050    0.052    0.052    0.060    0.075    0.115    0.213    0.394    0.602    0.776    0.903    0.961    0.984    
CWAS_Adap std_que
0.005    0.004    0.005    0.005    0.004    0.003    0.003    0.005    0.004    0.005    0.007    0.007    0.015    0.021    0.022    0.032    0.018    0.026    0.008    0.004    
CWAS_Adap AP_train
0.730    0.730    0.730    0.729    0.732    0.726    0.731    0.739    0.738    0.726    0.745    0.733    0.730    0.751    0.763    0.766    0.767    0.756    0.748    0.719    
CWAS_Adap std_AP_train
0.035    0.035    0.035    0.034    0.034    0.030    0.030    0.035    0.038    0.036    0.035    0.026    0.043    0.033    0.026    0.027    0.025    0.047    0.052    0.073    
CWAS_Adap mAP_train
0.644    0.644    0.644    0.642    0.644    0.633    0.644    0.656    0.655    0.642    0.669    0.648    0.642    0.674    0.683    0.696    0.696    0.687    0.678    0.645    
CWAS_Adap std_mAP_train
0.043    0.043    0.043    0.042    0.044    0.035    0.033    0.040    0.039    0.044    0.044    0.021    0.053    0.033    0.028    0.034    0.028    0.049    0.055    0.083    
CWAS_Adap AP_test
0.681    0.681    0.681    0.682    0.681    0.678    0.681    0.687    0.692    0.663    0.687    0.681    0.678    0.696    0.714    0.712    0.721    0.716    0.706    0.674    
CWAS_Adap std_AP_test
0.025    0.025    0.025    0.025    0.025    0.016    0.018    0.021    0.025    0.025    0.014    0.013    0.035    0.013    0.017    0.021    0.009    0.029    0.033    0.055    
CWAS_Adap mAP_test
0.589    0.589    0.589    0.588    0.586    0.582    0.591    0.592    0.597    0.570    0.600    0.583    0.586    0.604    0.627    0.625    0.637    0.636    0.627    0.593    
CWAS_Adap std_mAP_test
0.023    0.023    0.023    0.023    0.024    0.015    0.020    0.020    0.034    0.035    0.019    0.018    0.034    0.017    0.018    0.030    0.008    0.027    0.036    0.064    
CWAS_Adap time
88.526   92.526   86.669   84.824   84.855   95.760   105.092  92.171   92.607   86.285   86.160   87.220   89.476   93.694   99.046   103.224  104.442  108.538  108.529  110.643  
CWAS_Adap std_time
2.066    0.762    3.291    0.680    0.607    6.552    0.776    1.258    1.177    1.162    0.670    0.784    1.339    2.026    2.528    3.733    3.597    6.180    5.794    7.100    
CWRS que
0.001    0.001    0.003    0.005    0.015    0.034    0.104    0.225    0.472    0.707    0.864    0.939    0.973    0.992    0.997    0.999    0.999    1.000    1.000    1.000    
CWRS std_que
0.000    0.000    0.001    0.001    0.004    0.007    0.019    0.040    0.037    0.030    0.011    0.013    0.008    0.004    0.001    0.000    0.000    0.000    0.000    0.000    
CWRS AP_train
0.227    0.284    0.188    0.257    0.237    0.386    0.597    0.615    0.738    0.743    0.739    0.732    0.737    0.735    0.738    0.735    0.731    0.733    0.733    0.734    
CWRS std_AP_train
0.071    0.106    0.071    0.055    0.092    0.068    0.071    0.121    0.029    0.040    0.047    0.074    0.070    0.070    0.070    0.072    0.070    0.072    0.072    0.072    
CWRS mAP_train
0.172    0.186    0.115    0.157    0.173    0.276    0.482    0.521    0.654    0.664    0.667    0.653    0.663    0.661    0.663    0.663    0.655    0.658    0.658    0.660    
CWRS std_mAP_train
0.054    0.084    0.054    0.040    0.079    0.076    0.091    0.110    0.042    0.047    0.050    0.076    0.074    0.075    0.078    0.079    0.076    0.078    0.078    0.079    
CWRS AP_test
0.237    0.268    0.171    0.260    0.238    0.338    0.530    0.563    0.683    0.693    0.690    0.694    0.700    0.701    0.696    0.698    0.694    0.696    0.696    0.698    
CWRS std_AP_test
0.085    0.103    0.045    0.047    0.091    0.092    0.064    0.113    0.020    0.020    0.038    0.045    0.040    0.038    0.052    0.049    0.050    0.051    0.051    0.053    
CWRS mAP_test
0.192    0.195    0.107    0.173    0.176    0.250    0.437    0.467    0.586    0.605    0.607    0.611    0.614    0.618    0.613    0.616    0.612    0.614    0.614    0.616    
CWRS std_mAP_test
0.076    0.082    0.037    0.034    0.076    0.092    0.062    0.105    0.031    0.021    0.043    0.046    0.041    0.047    0.057    0.054    0.054    0.057    0.056    0.058    
CWRS time
81.957   85.853   80.371   79.192   79.890   93.148   101.817  95.326   100.973  101.368  107.944  108.023  108.840  110.203  109.547  109.926  110.134  110.160  110.202  110.120  
CWRS std_time
1.944    0.119    2.705    0.032    0.268    5.039    0.858    3.003    2.512    3.844    6.799    6.608    7.017    7.235    6.793    7.161    7.005    7.111    7.116    7.030    
AROMA que
1.000    1.000    1.000    1.000    1.000    1.000    1.000    1.000    1.000    1.000    1.000    1.000    1.000    1.000    1.000    1.000    1.000    1.000    1.000    1.000    
AROMA std_que
0.000    0.000    0.000    0.000    0.000    0.000    0.000    0.000    0.000    0.000    0.000    0.000    0.000    0.000    0.000    0.000    0.000    0.000    0.000    0.000    
AROMA AP_train
0.774    0.774    0.774    0.774    0.774    0.774    0.774    0.774    0.774    0.774    0.774    0.774    0.774    0.774    0.774    0.774    0.774    0.774    0.774    0.774    
AROMA std_AP_train
0.023    0.023    0.023    0.023    0.023    0.023    0.023    0.023    0.023    0.023    0.023    0.023    0.023    0.023    0.023    0.023    0.023    0.023    0.023    0.023    
AROMA mAP_train
0.704    0.704    0.704    0.704    0.704    0.704    0.704    0.704    0.704    0.704    0.704    0.704    0.704    0.704    0.704    0.704    0.704    0.704    0.704    0.704    
AROMA std_mAP_train
0.019    0.019    0.019    0.019    0.019    0.019    0.019    0.019    0.019    0.019    0.019    0.019    0.019    0.019    0.019    0.019    0.019    0.019    0.019    0.019    
AROMA AP_test
0.726    0.726    0.726    0.726    0.726    0.726    0.726    0.726    0.726    0.726    0.726    0.726    0.726    0.726    0.726    0.726    0.726    0.726    0.726    0.726    
AROMA std_AP_test
0.009    0.009    0.009    0.009    0.009    0.009    0.009    0.009    0.009    0.009    0.009    0.009    0.009    0.009    0.009    0.009    0.009    0.009    0.009    0.009    
AROMA mAP_test
0.653    0.653    0.653    0.653    0.653    0.653    0.653    0.653    0.653    0.653    0.653    0.653    0.653    0.653    0.653    0.653    0.653    0.653    0.653    0.653    
AROMA std_mAP_test
0.006    0.006    0.006    0.006    0.006    0.006    0.006    0.006    0.006    0.006    0.006    0.006    0.006    0.006    0.006    0.006    0.006    0.006    0.006    0.006    
AROMA time
70.565   70.565   70.565   70.565   70.565   70.565   70.565   70.565   70.565   70.565   70.565   70.565   70.565   70.565   70.565   70.565   70.565   70.565   70.565   70.565   
AROMA std_time
2.907    2.907    2.907    2.907    2.907    2.907    2.907    2.907    2.907    2.907    2.907    2.907    2.907    2.907    2.907    2.907    2.907    2.907    2.907    2.907    
