0 query
OASIS algorithm
1 1 1 1 1 
0.524812 0.545865 0.669925 0.423308 0.578947 
0.428844 0.435942 0.561116 0.309271 0.449137 
0.529193 0.571429 0.618944 0.474845 0.527329 
0.403903 0.491539 0.531747 0.408916 0.43267 
0.021 0.02 0.02 0.023 0.019 
PAAS algorithm
0.0112 0.009 0.0077 0.0098 0.0129 
0.335338 0.336842 0.15188 0.346617 0.372932 
0.221289 0.242676 0.099178 0.235108 0.241861 
0.293168 0.313354 0.150932 0.346894 0.317391 
0.240614 0.225486 0.0989305 0.23539 0.196328 
0.003 0.003 0.003 0.003 0.003 
PARS algorithm
0.0124 0.0088 0.0076 0.0101 0.011 
0.356391 0.271429 0.170677 0.376692 0.342857 
0.252474 0.213791 0.113576 0.256566 0.250663 
0.326087 0.21646 0.179814 0.351242 0.339441 
0.249872 0.149808 0.122025 0.253748 0.249112 
0.004 0.004 0.004 0.003 0.004 
CWS algorithm
1 1 1 1 1 
0.760902 0.710526 0.806015 0.603759 0.781955 
0.667853 0.646286 0.747708 0.518187 0.709791 
0.719876 0.717391 0.724224 0.593478 0.725776 
0.626334 0.639244 0.655157 0.502618 0.64724 
108.512 116.22 106.779 126.886 111.496 
CWAS algorithm
0.0008 0.0007 0.0014 0.0003 0.0005 
0.167669 0.138346 0.17594 0.138346 0.325564 
0.112143 0.0823362 0.124222 0.0861794 0.241563 
0.203106 0.134472 0.252795 0.142857 0.374845 
0.148365 0.0788357 0.170388 0.0810891 0.259814 
79.195 78.945 85.446 85.013 80.283 
CWAS_Adap algorithm
0.0537 0.0501 0.0445 0.0556 0.0447 
0.740602 0.669173 0.754135 0.718045 0.767669 
0.657917 0.562645 0.650684 0.657634 0.689616 
0.69441 0.68354 0.65 0.659938 0.718944 
0.596771 0.590722 0.557412 0.574363 0.625811 
86.223 86.796 91.075 90.919 87.615 
CWRS algorithm
0.0009 0.0002 0.0013 0 0.0002 
0.249624 0.289474 0.309774 0.142857 0.142857 
0.15931 0.213574 0.24881 0.142857 0.0941488 
0.256211 0.27764 0.365217 0.142857 0.142857 
0.183027 0.202467 0.328223 0.142857 0.102785 
79.433 82.057 85.372 81.034 81.889 
AROMA algorithm
1 1 1 1 1 
0.767669 0.744361 0.809023 0.759398 0.790226 
0.689699 0.680161 0.720773 0.697812 0.729355 
0.737267 0.73323 0.718323 0.714907 0.725466 
0.652577 0.650339 0.645236 0.653332 0.664489 
67.306 73.133 66.993 73.959 71.436 
1 query
OASIS algorithm
1 1 1 1 1 
0.524812 0.545865 0.669925 0.423308 0.578947 
0.428844 0.435942 0.561116 0.309271 0.449137 
0.529193 0.571429 0.618944 0.474845 0.527329 
0.403903 0.491539 0.531747 0.408916 0.43267 
0.021 0.02 0.02 0.023 0.019 
PAAS algorithm
0.0233 0.0195 0.0221 0.0225 0.0194 
0.465414 0.312782 0.530827 0.494737 0.348872 
0.344401 0.186073 0.434664 0.363405 0.252155 
0.443789 0.264907 0.472981 0.464907 0.329814 
0.284797 0.184028 0.382511 0.346811 0.232893 
0.003 0.004 0.004 0.003 0.004 
PARS algorithm
0.0241 0.0188 0.0225 0.0217 0.0196 
0.330075 0.314286 0.410526 0.357143 0.300752 
0.215778 0.249487 0.290374 0.232137 0.227729 
0.30559 0.345963 0.343789 0.319876 0.28913 
0.186118 0.2696 0.272517 0.192779 0.203157 
0.005 0.003 0.004 0.004 0.003 
CWS algorithm
1 1 1 1 1 
0.760902 0.710526 0.806015 0.603759 0.781955 
0.667853 0.646286 0.747708 0.518187 0.709791 
0.719876 0.717391 0.724224 0.593478 0.725776 
0.626334 0.639244 0.655157 0.502618 0.64724 
108.512 116.22 106.779 126.886 111.496 
CWAS algorithm
0.0018 0.0009 0.0012 0.0009 0.0008 
0.17218 0.206767 0.14812 0.181955 0.216541 
0.138183 0.149563 0.107093 0.112262 0.180206 
0.125466 0.228261 0.16646 0.227019 0.230435 
0.0853717 0.157168 0.137811 0.15816 0.208672 
83.965 86.167 85.937 85.868 86.212 
CWAS_Adap algorithm
0.0536 0.0501 0.0445 0.0556 0.0448 
0.740602 0.669173 0.754135 0.718045 0.767669 
0.657917 0.562645 0.650684 0.657634 0.689616 
0.69441 0.68354 0.65 0.659938 0.718944 
0.596771 0.590722 0.557412 0.574363 0.625811 
92.962 92.51 91.695 93.716 91.745 
CWRS algorithm
0.0018 0.0008 0.0016 0.0012 0.0008 
0.471429 0.216541 0.290977 0.284211 0.154887 
0.335188 0.12498 0.186325 0.191788 0.0901101 
0.431988 0.179193 0.292547 0.298137 0.13882 
0.3289 0.134012 0.188519 0.229294 0.0927947 
86.016 85.763 85.739 85.767 85.978 
AROMA algorithm
1 1 1 1 1 
0.767669 0.744361 0.809023 0.759398 0.790226 
0.689699 0.680161 0.720773 0.697812 0.729355 
0.737267 0.73323 0.718323 0.714907 0.725466 
0.652577 0.650339 0.645236 0.653332 0.664489 
67.306 73.133 66.993 73.959 71.436 
2 query
OASIS algorithm
1 1 1 1 1 
0.524812 0.545865 0.669925 0.423308 0.578947 
0.428844 0.435942 0.561116 0.309271 0.449137 
0.529193 0.571429 0.618944 0.474845 0.527329 
0.403903 0.491539 0.531747 0.408916 0.43267 
0.021 0.02 0.02 0.023 0.019 
PAAS algorithm
0.0398 0.0412 0.0435 0.0433 0.0427 
0.556391 0.459398 0.525564 0.400752 0.43609 
0.435233 0.317374 0.382349 0.261553 0.305854 
0.513043 0.489752 0.461801 0.409006 0.368012 
0.353695 0.353643 0.320491 0.281414 0.258229 
0.004 0.004 0.004 0.004 0.004 
PARS algorithm
0.0422 0.0424 0.0436 0.0469 0.0457 
0.333835 0.382707 0.472932 0.380451 0.330827 
0.246375 0.26866 0.323763 0.294314 0.251826 
0.351863 0.378571 0.375155 0.386335 0.340683 
0.230313 0.248975 0.240833 0.321828 0.265884 
0.004 0.004 0.005 0.003 0.004 
CWS algorithm
1 1 1 1 1 
0.760902 0.710526 0.806015 0.603759 0.781955 
0.667853 0.646286 0.747708 0.518187 0.709791 
0.719876 0.717391 0.724224 0.593478 0.725776 
0.626334 0.639244 0.655157 0.502618 0.64724 
108.512 116.22 106.779 126.886 111.496 
CWAS algorithm
0.0025 0.0029 0.0027 0.0024 0.0033 
0.26391 0.154887 0.213534 0.0796992 0.252632 
0.186074 0.0787 0.127405 0.059161 0.191262 
0.214286 0.188509 0.186646 0.117081 0.23913 
0.171843 0.116318 0.123451 0.0806406 0.162355 
86.061 86.16 79.135 79.104 79.208 
CWAS_Adap algorithm
0.0536 0.0501 0.0445 0.0557 0.0447 
0.740602 0.669173 0.754135 0.718045 0.767669 
0.657917 0.562645 0.650684 0.657634 0.689616 
0.69441 0.68354 0.65 0.659938 0.718944 
0.596771 0.590722 0.557412 0.574363 0.625811 
92.921 86.707 83.98 85.689 84.047 
CWRS algorithm
0.0023 0.0039 0.003 0.0022 0.0029 
0.189474 0.274436 0.257143 0.109023 0.107519 
0.118669 0.1949 0.148417 0.0472664 0.0657993 
0.187578 0.210248 0.22205 0.112112 0.125466 
0.128624 0.120072 0.15556 0.052104 0.0767717 
85.779 79.15 78.936 78.927 79.062 
AROMA algorithm
1 1 1 1 1 
0.767669 0.744361 0.809023 0.759398 0.790226 
0.689699 0.680161 0.720773 0.697812 0.729355 
0.737267 0.73323 0.718323 0.714907 0.725466 
0.652577 0.650339 0.645236 0.653332 0.664489 
67.306 73.133 66.993 73.959 71.436 
3 query
OASIS algorithm
1 1 1 1 1 
0.524812 0.545865 0.669925 0.423308 0.578947 
0.428844 0.435942 0.561116 0.309271 0.449137 
0.529193 0.571429 0.618944 0.474845 0.527329 
0.403903 0.491539 0.531747 0.408916 0.43267 
0.021 0.02 0.02 0.023 0.019 
PAAS algorithm
0.0775 0.0683 0.0704 0.074 0.0711 
0.608271 0.467669 0.569173 0.521805 0.478947 
0.478667 0.354404 0.441355 0.358631 0.321631 
0.528261 0.473602 0.513354 0.527329 0.406832 
0.436775 0.36455 0.386745 0.414382 0.280257 
0.005 0.004 0.005 0.005 0.004 
PARS algorithm
0.0736 0.0691 0.0698 0.0723 0.0683 
0.392481 0.315038 0.47594 0.380451 0.381203 
0.268231 0.240391 0.345442 0.26196 0.267492 
0.345342 0.34441 0.420497 0.330435 0.361801 
0.224664 0.256959 0.297443 0.246702 0.232641 
0.004 0.004 0.004 0.004 0.004 
CWS algorithm
1 1 1 1 1 
0.760902 0.710526 0.806015 0.603759 0.781955 
0.667853 0.646286 0.747708 0.518187 0.709791 
0.719876 0.717391 0.724224 0.593478 0.725776 
0.626334 0.639244 0.655157 0.502618 0.64724 
108.512 116.22 106.779 126.886 111.496 
CWAS algorithm
0.0076 0.0051 0.0052 0.0042 0.0051 
0.318797 0.269925 0.278195 0.491729 0.370677 
0.208963 0.178351 0.185116 0.334985 0.239476 
0.347205 0.210559 0.232609 0.389441 0.351553 
0.248505 0.156724 0.145568 0.252839 0.253383 
79.728 79.506 79.483 79.305 79.636 
CWAS_Adap algorithm
0.0538 0.0502 0.0445 0.0557 0.0447 
0.733835 0.669173 0.754135 0.718045 0.767669 
0.649809 0.562645 0.650684 0.657634 0.689616 
0.696894 0.68354 0.65 0.659938 0.718944 
0.593638 0.590722 0.557412 0.574363 0.625811 
85.279 84.69 84.099 85.886 84.165 
CWRS algorithm
0.0068 0.006 0.0052 0.0029 0.0063 
0.251128 0.16391 0.335338 0.254887 0.277444 
0.146748 0.110709 0.220288 0.124549 0.18421 
0.249068 0.175155 0.293168 0.307764 0.27236 
0.151692 0.123905 0.20865 0.165785 0.213006 
79.217 79.223 79.195 79.133 79.192 
AROMA algorithm
1 1 1 1 1 
0.767669 0.744361 0.809023 0.759398 0.790226 
0.689699 0.680161 0.720773 0.697812 0.729355 
0.737267 0.73323 0.718323 0.714907 0.725466 
0.652577 0.650339 0.645236 0.653332 0.664489 
67.306 73.133 66.993 73.959 71.436 
4 query
OASIS algorithm
1 1 1 1 1 
0.524812 0.545865 0.669925 0.423308 0.578947 
0.428844 0.435942 0.561116 0.309271 0.449137 
0.529193 0.571429 0.618944 0.474845 0.527329 
0.403903 0.491539 0.531747 0.408916 0.43267 
0.021 0.02 0.02 0.023 0.019 
PAAS algorithm
0.137 0.1288 0.1221 0.1316 0.1334 
0.588722 0.517293 0.62406 0.420301 0.582707 
0.467317 0.398319 0.515291 0.313617 0.471191 
0.581988 0.509006 0.602795 0.466149 0.545652 
0.463238 0.362217 0.50391 0.404116 0.434541 
0.006 0.005 0.006 0.005 0.006 
PARS algorithm
0.1405 0.1269 0.1174 0.132 0.1362 
0.482707 0.455639 0.518797 0.278947 0.400752 
0.358493 0.316675 0.384702 0.212287 0.299335 
0.428571 0.485093 0.424224 0.332919 0.385714 
0.333448 0.32585 0.290529 0.260846 0.283487 
0.005 0.005 0.005 0.005 0.006 
CWS algorithm
1 1 1 1 1 
0.760902 0.710526 0.806015 0.603759 0.781955 
0.667853 0.646286 0.747708 0.518187 0.709791 
0.719876 0.717391 0.724224 0.593478 0.725776 
0.626334 0.639244 0.655157 0.502618 0.64724 
108.512 116.22 106.779 126.886 111.496 
CWAS algorithm
0.0127 0.0153 0.0138 0.0192 0.011 
0.245113 0.291729 0.602256 0.384211 0.311278 
0.147868 0.193819 0.49301 0.295666 0.206193 
0.231677 0.329503 0.545963 0.320807 0.313975 
0.181594 0.214219 0.435492 0.236326 0.236445 
80.106 80.782 80.412 80.966 80.094 
CWAS_Adap algorithm
0.0534 0.0501 0.0445 0.0549 0.0447 
0.731579 0.669173 0.754135 0.737594 0.767669 
0.644733 0.562645 0.650684 0.671071 0.689616 
0.693478 0.68354 0.65 0.658696 0.718944 
0.592535 0.590722 0.557412 0.564487 0.625811 
85.346 84.81 84.212 85.717 84.189 
CWRS algorithm
0.0131 0.0161 0.0156 0.0215 0.0092 
0.190226 0.409023 0.139098 0.211278 0.235338 
0.120486 0.320695 0.090191 0.164994 0.170796 
0.21118 0.409317 0.158696 0.168634 0.241615 
0.128422 0.319095 0.107637 0.13719 0.185975 
79.693 80.013 80.158 80.121 79.466 
AROMA algorithm
1 1 1 1 1 
0.767669 0.744361 0.809023 0.759398 0.790226 
0.689699 0.680161 0.720773 0.697812 0.729355 
0.737267 0.73323 0.718323 0.714907 0.725466 
0.652577 0.650339 0.645236 0.653332 0.664489 
67.306 73.133 66.993 73.959 71.436 
5 query
OASIS algorithm
1 1 1 1 1 
0.524812 0.545865 0.669925 0.423308 0.578947 
0.428844 0.435942 0.561116 0.309271 0.449137 
0.529193 0.571429 0.618944 0.474845 0.527329 
0.403903 0.491539 0.531747 0.408916 0.43267 
0.021 0.02 0.02 0.023 0.019 
PAAS algorithm
0.2188 0.2115 0.2044 0.2237 0.2115 
0.57218 0.521805 0.66015 0.536842 0.565414 
0.477531 0.404158 0.590823 0.38244 0.428297 
0.58354 0.46118 0.606211 0.558696 0.486025 
0.477709 0.365904 0.540767 0.44384 0.393601 
0.008 0.008 0.007 0.007 0.008 
PARS algorithm
0.2242 0.2113 0.2076 0.2262 0.2048 
0.506767 0.498496 0.583459 0.37594 0.418797 
0.386483 0.387338 0.484947 0.268554 0.319033 
0.465839 0.440062 0.554658 0.382298 0.36646 
0.367264 0.344367 0.478716 0.284465 0.280233 
0.007 0.007 0.007 0.007 0.006 
CWS algorithm
1 1 1 1 1 
0.760902 0.710526 0.806015 0.603759 0.781955 
0.667853 0.646286 0.747708 0.518187 0.709791 
0.719876 0.717391 0.724224 0.593478 0.725776 
0.626334 0.639244 0.655157 0.502618 0.64724 
108.512 116.22 106.779 126.886 111.496 
CWAS algorithm
0.0363 0.0469 0.0323 0.0298 0.0287 
0.506767 0.438346 0.548872 0.606767 0.506015 
0.34528 0.288763 0.43045 0.504777 0.40533 
0.497205 0.377329 0.475155 0.565217 0.454037 
0.376011 0.25542 0.39404 0.455123 0.353339 
82.326 90.407 88.617 100.788 92.447 
CWAS_Adap algorithm
0.0537 0.0503 0.0446 0.053 0.0499 
0.740602 0.669173 0.754135 0.729323 0.736842 
0.657917 0.562645 0.650684 0.645912 0.648705 
0.69441 0.68354 0.65 0.691925 0.669876 
0.596771 0.590722 0.557412 0.59319 0.570081 
89.188 91.825 90.918 106.15 100.718 
CWRS algorithm
0.0357 0.0467 0.0318 0.0309 0.0273 
0.338346 0.475188 0.384962 0.28797 0.441353 
0.222644 0.401639 0.273865 0.178856 0.305028 
0.282298 0.456832 0.315528 0.208075 0.42795 
0.183218 0.378357 0.248265 0.121327 0.317768 
87.398 87.929 92.606 99.133 98.673 
AROMA algorithm
1 1 1 1 1 
0.767669 0.744361 0.809023 0.759398 0.790226 
0.689699 0.680161 0.720773 0.697812 0.729355 
0.737267 0.73323 0.718323 0.714907 0.725466 
0.652577 0.650339 0.645236 0.653332 0.664489 
67.306 73.133 66.993 73.959 71.436 
6 query
OASIS algorithm
1 1 1 1 1 
0.524812 0.545865 0.669925 0.423308 0.578947 
0.428844 0.435942 0.561116 0.309271 0.449137 
0.529193 0.571429 0.618944 0.474845 0.527329 
0.403903 0.491539 0.531747 0.408916 0.43267 
0.021 0.02 0.02 0.023 0.019 
PAAS algorithm
0.3398 0.3477 0.3225 0.3503 0.3411 
0.520301 0.531579 0.621053 0.527068 0.542105 
0.404941 0.414816 0.490271 0.380132 0.385598 
0.501553 0.481677 0.587888 0.492857 0.453416 
0.398415 0.378319 0.491224 0.402593 0.367782 
0.01 0.009 0.009 0.009 0.009 
PARS algorithm
0.3336 0.346 0.3238 0.353 0.3408 
0.418045 0.481955 0.590977 0.531579 0.420301 
0.31704 0.352201 0.470933 0.387997 0.304667 
0.390062 0.441615 0.568323 0.50559 0.380124 
0.291809 0.321897 0.452838 0.399462 0.275775 
0.009 0.009 0.008 0.009 0.013 
CWS algorithm
1 1 1 1 1 
0.760902 0.710526 0.806015 0.603759 0.781955 
0.667853 0.646286 0.747708 0.518187 0.709791 
0.719876 0.717391 0.724224 0.593478 0.725776 
0.626334 0.639244 0.655157 0.502618 0.64724 
108.512 116.22 106.779 126.886 111.496 
CWAS algorithm
0.0745 0.1195 0.1086 0.0914 0.1279 
0.673684 0.683459 0.733083 0.658647 0.742857 
0.570862 0.585454 0.614387 0.552882 0.677597 
0.615528 0.676708 0.650621 0.659938 0.680745 
0.507135 0.598962 0.555153 0.555379 0.594181 
104.705 109.22 105.849 105.973 109.786 
CWAS_Adap algorithm
0.0531 0.0502 0.0453 0.0528 0.0454 
0.728571 0.685714 0.765414 0.712782 0.762406 
0.649963 0.587016 0.655062 0.636869 0.689168 
0.684783 0.68882 0.648758 0.682919 0.701863 
0.591132 0.595988 0.554743 0.599543 0.61419 
105.562 104.78 104.438 106.375 104.306 
CWRS algorithm
0.08 0.12 0.0989 0.0877 0.1312 
0.510526 0.54812 0.706767 0.570677 0.648872 
0.359481 0.434701 0.619404 0.45102 0.54765 
0.419876 0.575776 0.578261 0.494099 0.584161 
0.328767 0.473743 0.48023 0.407447 0.49431 
100.939 102.289 100.66 102.352 102.846 
AROMA algorithm
1 1 1 1 1 
0.767669 0.744361 0.809023 0.759398 0.790226 
0.689699 0.680161 0.720773 0.697812 0.729355 
0.737267 0.73323 0.718323 0.714907 0.725466 
0.652577 0.650339 0.645236 0.653332 0.664489 
67.306 73.133 66.993 73.959 71.436 
7 query
OASIS algorithm
1 1 1 1 1 
0.524812 0.545865 0.669925 0.423308 0.578947 
0.428844 0.435942 0.561116 0.309271 0.449137 
0.529193 0.571429 0.618944 0.474845 0.527329 
0.403903 0.491539 0.531747 0.408916 0.43267 
0.021 0.02 0.02 0.023 0.019 
PAAS algorithm
0.5472 0.5271 0.4883 0.5374 0.5265 
0.498496 0.532331 0.645113 0.55188 0.521805 
0.405024 0.417007 0.553996 0.433498 0.38046 
0.542236 0.510559 0.593478 0.573292 0.453416 
0.419342 0.422742 0.520673 0.502734 0.335796 
0.022 0.014 0.012 0.013 0.013 
PARS algorithm
0.5528 0.5299 0.484 0.5427 0.5266 
0.51203 0.512782 0.597744 0.538346 0.482707 
0.428241 0.402074 0.469597 0.405377 0.352418 
0.527329 0.476398 0.578571 0.546584 0.449689 
0.431457 0.399115 0.472787 0.46775 0.323849 
0.015 0.013 0.013 0.012 0.012 
CWS algorithm
1 1 1 1 1 
0.760902 0.710526 0.806015 0.603759 0.781955 
0.667853 0.646286 0.747708 0.518187 0.709791 
0.719876 0.717391 0.724224 0.593478 0.725776 
0.626334 0.639244 0.655157 0.502618 0.64724 
108.512 116.22 106.779 126.886 111.496 
CWAS algorithm
0.1498 0.2602 0.2355 0.2563 0.2298 
0.559398 0.721805 0.788722 0.726316 0.769173 
0.455986 0.647259 0.72335 0.640531 0.702585 
0.517081 0.705901 0.712422 0.663665 0.726087 
0.426892 0.61216 0.636266 0.561564 0.648014 
99.201 103.307 98.985 101.763 100.959 
CWAS_Adap algorithm
0.0542 0.0505 0.0445 0.0576 0.045 
0.73985 0.683459 0.783459 0.721053 0.767669 
0.651057 0.585645 0.700546 0.655548 0.689616 
0.695342 0.687888 0.678571 0.65528 0.718944 
0.586511 0.596146 0.587333 0.563849 0.625811 
90.51 92.729 91.854 94.246 91.515 
CWRS algorithm
0.148 0.2629 0.2298 0.2519 0.2314 
0.643609 0.661654 0.721805 0.377444 0.669173 
0.547344 0.585402 0.602437 0.304702 0.565035 
0.571429 0.63913 0.612422 0.34441 0.648137 
0.457345 0.561654 0.504017 0.269262 0.542369 
92.091 95.345 93.105 100.774 95.315 
AROMA algorithm
1 1 1 1 1 
0.767669 0.744361 0.809023 0.759398 0.790226 
0.689699 0.680161 0.720773 0.697812 0.729355 
0.737267 0.73323 0.718323 0.714907 0.725466 
0.652577 0.650339 0.645236 0.653332 0.664489 
67.306 73.133 66.993 73.959 71.436 
8 query
OASIS algorithm
1 1 1 1 1 
0.524812 0.545865 0.669925 0.423308 0.578947 
0.428844 0.435942 0.561116 0.309271 0.449137 
0.529193 0.571429 0.618944 0.474845 0.527329 
0.403903 0.491539 0.531747 0.408916 0.43267 
0.021 0.02 0.02 0.023 0.019 
PAAS algorithm
0.7255 0.7194 0.6696 0.7172 0.7301 
0.524812 0.533083 0.62782 0.483459 0.572932 
0.435732 0.418655 0.510009 0.343696 0.447228 
0.54472 0.515839 0.6 0.488509 0.497826 
0.429271 0.430649 0.506957 0.428135 0.383401 
0.016 0.017 0.014 0.016 0.017 
PARS algorithm
0.7294 0.7143 0.6602 0.7096 0.7355 
0.499248 0.519549 0.538346 0.505263 0.53609 
0.395296 0.400687 0.412524 0.358372 0.40641 
0.524534 0.487578 0.524534 0.510559 0.481677 
0.414647 0.405654 0.423972 0.443874 0.361744 
0.017 0.016 0.016 0.016 0.018 
CWS algorithm
1 1 1 1 1 
0.760902 0.710526 0.806015 0.603759 0.781955 
0.667853 0.646286 0.747708 0.518187 0.709791 
0.719876 0.717391 0.724224 0.593478 0.725776 
0.626334 0.639244 0.655157 0.502618 0.64724 
108.512 116.22 106.779 126.886 111.496 
CWAS algorithm
0.5133 0.4912 0.3986 0.4994 0.4628 
0.755639 0.735338 0.804511 0.755639 0.784211 
0.662064 0.658306 0.739713 0.693357 0.714266 
0.699068 0.715839 0.711801 0.676708 0.726087 
0.58353 0.618398 0.639233 0.595656 0.631566 
111.709 109.603 101.437 112.734 106.741 
CWAS_Adap algorithm
0.0562 0.0537 0.0468 0.055 0.0459 
0.728571 0.703008 0.800752 0.698496 0.758647 
0.630989 0.624082 0.716654 0.61637 0.685373 
0.682919 0.720497 0.687578 0.652795 0.715528 
0.567522 0.632271 0.596234 0.55217 0.636116 
93.71 93.258 92.182 93.396 90.491 
CWRS algorithm
0.5133 0.4841 0.4075 0.4954 0.4607 
0.697744 0.713534 0.77594 0.73985 0.761654 
0.591834 0.619418 0.696957 0.66796 0.693218 
0.650311 0.707764 0.685714 0.674534 0.695031 
0.53302 0.626233 0.597063 0.573057 0.599468 
102.576 102.954 96.222 102.508 100.604 
AROMA algorithm
1 1 1 1 1 
0.767669 0.744361 0.809023 0.759398 0.790226 
0.689699 0.680161 0.720773 0.697812 0.729355 
0.737267 0.73323 0.718323 0.714907 0.725466 
0.652577 0.650339 0.645236 0.653332 0.664489 
67.306 73.133 66.993 73.959 71.436 
9 query
OASIS algorithm
1 1 1 1 1 
0.524812 0.545865 0.669925 0.423308 0.578947 
0.428844 0.435942 0.561116 0.309271 0.449137 
0.529193 0.571429 0.618944 0.474845 0.527329 
0.403903 0.491539 0.531747 0.408916 0.43267 
0.021 0.02 0.02 0.023 0.019 
PAAS algorithm
0.8644 0.8662 0.8313 0.8766 0.863 
0.530075 0.543609 0.665414 0.407519 0.568421 
0.433536 0.432996 0.567091 0.304866 0.428329 
0.540373 0.581988 0.612422 0.468323 0.499379 
0.419334 0.509606 0.531195 0.401727 0.395996 
0.019 0.018 0.017 0.019 0.019 
PARS algorithm
0.8599 0.8686 0.8325 0.8817 0.8569 
0.530827 0.540602 0.664662 0.495489 0.561654 
0.428966 0.428625 0.553671 0.359329 0.425608 
0.546273 0.568944 0.628571 0.491615 0.495963 
0.429885 0.493078 0.533248 0.423374 0.399433 
0.017 0.019 0.016 0.019 0.017 
CWS algorithm
1 1 1 1 1 
0.760902 0.710526 0.806015 0.603759 0.781955 
0.667853 0.646286 0.747708 0.518187 0.709791 
0.719876 0.717391 0.724224 0.593478 0.725776 
0.626334 0.639244 0.655157 0.502618 0.64724 
108.512 116.22 106.779 126.886 111.496 
CWAS algorithm
0.729 0.7568 0.669 0.6999 0.686 
0.751128 0.733835 0.808271 0.75188 0.776692 
0.657591 0.654509 0.748505 0.69782 0.707057 
0.706522 0.728571 0.710248 0.681677 0.726708 
0.60288 0.651984 0.628373 0.586888 0.645122 
110.676 112.405 97.372 107.054 102.749 
CWAS_Adap algorithm
0.0555 0.0535 0.044 0.0582 0.048 
0.720301 0.666917 0.77594 0.721805 0.745113 
0.629555 0.566265 0.691796 0.646214 0.676522 
0.663665 0.665528 0.627019 0.654348 0.703416 
0.563982 0.584727 0.510984 0.569398 0.620506 
87.69 87.075 84.706 86.836 85.119 
CWRS algorithm
0.7292 0.7521 0.675 0.7015 0.6779 
0.76015 0.712782 0.796992 0.682707 0.762406 
0.660285 0.634153 0.736423 0.598343 0.691116 
0.706211 0.702795 0.701242 0.651863 0.700932 
0.597579 0.613802 0.634052 0.571106 0.610755 
103.667 101.638 93.936 104.655 102.944 
AROMA algorithm
1 1 1 1 1 
0.767669 0.744361 0.809023 0.759398 0.790226 
0.689699 0.680161 0.720773 0.697812 0.729355 
0.737267 0.73323 0.718323 0.714907 0.725466 
0.652577 0.650339 0.645236 0.653332 0.664489 
67.306 73.133 66.993 73.959 71.436 
10 query
OASIS algorithm
1 1 1 1 1 
0.524812 0.545865 0.669925 0.423308 0.578947 
0.428844 0.435942 0.561116 0.309271 0.449137 
0.529193 0.571429 0.618944 0.474845 0.527329 
0.403903 0.491539 0.531747 0.408916 0.43267 
0.021 0.02 0.02 0.023 0.019 
PAAS algorithm
0.9464 0.9433 0.9335 0.9487 0.944 
0.524812 0.540602 0.66015 0.419549 0.585714 
0.43061 0.432886 0.547173 0.307757 0.452063 
0.526398 0.569255 0.619565 0.467391 0.52795 
0.403485 0.48747 0.529028 0.400511 0.431824 
0.019 0.02 0.019 0.019 0.02 
PARS algorithm
0.9468 0.9428 0.9351 0.9495 0.945 
0.523308 0.542857 0.652632 0.459398 0.570677 
0.420556 0.431572 0.53935 0.327532 0.434222 
0.536335 0.570497 0.615839 0.480435 0.524534 
0.407464 0.48962 0.531649 0.421754 0.424708 
0.019 0.02 0.018 0.02 0.02 
CWS algorithm
1 1 1 1 1 
0.760902 0.710526 0.806015 0.603759 0.781955 
0.667853 0.646286 0.747708 0.518187 0.709791 
0.719876 0.717391 0.724224 0.593478 0.725776 
0.626334 0.639244 0.655157 0.502618 0.64724 
108.512 116.22 106.779 126.886 111.496 
CWAS algorithm
0.8647 0.8756 0.8614 0.8717 0.8436 
0.757895 0.742105 0.81203 0.754135 0.781203 
0.667033 0.667377 0.738962 0.678308 0.711296 
0.711801 0.718012 0.715528 0.667081 0.727329 
0.608078 0.634061 0.640345 0.580616 0.646697 
107.953 110.185 100.686 109.401 106.943 
CWAS_Adap algorithm
0.0704 0.0532 0.0592 0.0626 0.0525 
0.746617 0.690226 0.78797 0.724812 0.775188 
0.66033 0.604623 0.720772 0.643881 0.714369 
0.691925 0.686335 0.66118 0.687267 0.705901 
0.594158 0.594618 0.573458 0.606715 0.632305 
87.354 85.558 86.24 86.16 85.488 
CWRS algorithm
0.8709 0.8701 0.8597 0.8754 0.8437 
0.763158 0.726316 0.818797 0.702256 0.686466 
0.681921 0.652016 0.757435 0.62766 0.616633 
0.698758 0.730745 0.726087 0.662422 0.630745 
0.598363 0.655179 0.657764 0.548415 0.574802 
105.358 112.597 96.75 116.742 108.274 
AROMA algorithm
1 1 1 1 1 
0.767669 0.744361 0.809023 0.759398 0.790226 
0.689699 0.680161 0.720773 0.697812 0.729355 
0.737267 0.73323 0.718323 0.714907 0.725466 
0.652577 0.650339 0.645236 0.653332 0.664489 
67.306 73.133 66.993 73.959 71.436 
11 query
OASIS algorithm
1 1 1 1 1 
0.524812 0.545865 0.669925 0.423308 0.578947 
0.428844 0.435942 0.561116 0.309271 0.449137 
0.529193 0.571429 0.618944 0.474845 0.527329 
0.403903 0.491539 0.531747 0.408916 0.43267 
0.021 0.02 0.02 0.023 0.019 
PAAS algorithm
0.9832 0.9799 0.9741 0.9812 0.98 
0.523308 0.545865 0.663158 0.419549 0.579699 
0.429425 0.434876 0.556328 0.307916 0.451651 
0.529503 0.571429 0.615528 0.473913 0.527019 
0.402521 0.491724 0.530252 0.407741 0.43697 
0.02 0.019 0.02 0.021 0.02 
PARS algorithm
0.9827 0.9802 0.9751 0.9808 0.982 
0.524812 0.549624 0.666165 0.417293 0.57218 
0.431439 0.437884 0.557418 0.308208 0.444889 
0.52764 0.575776 0.615528 0.467081 0.525776 
0.399743 0.498777 0.532076 0.400288 0.433543 
0.02 0.02 0.021 0.019 0.019 
CWS algorithm
1 1 1 1 1 
0.760902 0.710526 0.806015 0.603759 0.781955 
0.667853 0.646286 0.747708 0.518187 0.709791 
0.719876 0.717391 0.724224 0.593478 0.725776 
0.626334 0.639244 0.655157 0.502618 0.64724 
108.512 116.22 106.779 126.886 111.496 
CWAS algorithm
0.9509 0.9468 0.9319 0.9166 0.9486 
0.765414 0.729323 0.8 0.634586 0.790977 
0.679782 0.661295 0.740192 0.558639 0.721064 
0.727329 0.723602 0.718323 0.585404 0.735714 
0.638951 0.639949 0.63917 0.513646 0.655762 
108.043 116.073 98.735 116.373 106.488 
CWAS_Adap algorithm
0.0787 0.08 0.0617 0.077 0.0785 
0.743609 0.703759 0.775188 0.707519 0.733835 
0.650699 0.627003 0.685496 0.632059 0.643282 
0.68882 0.698758 0.66118 0.671739 0.68323 
0.596802 0.605045 0.555363 0.571999 0.586905 
87.694 87.879 85.693 87.464 87.369 
CWRS algorithm
0.9517 0.946 0.9313 0.9175 0.9492 
0.764662 0.703008 0.808271 0.601504 0.781203 
0.666715 0.63372 0.742698 0.519468 0.704832 
0.718944 0.703727 0.707764 0.606211 0.732298 
0.625904 0.623046 0.63185 0.521995 0.653313 
107.493 114.963 98.361 115.617 103.681 
AROMA algorithm
1 1 1 1 1 
0.767669 0.744361 0.809023 0.759398 0.790226 
0.689699 0.680161 0.720773 0.697812 0.729355 
0.737267 0.73323 0.718323 0.714907 0.725466 
0.652577 0.650339 0.645236 0.653332 0.664489 
67.306 73.133 66.993 73.959 71.436 
12 query
OASIS algorithm
1 1 1 1 1 
0.524812 0.545865 0.669925 0.423308 0.578947 
0.428844 0.435942 0.561116 0.309271 0.449137 
0.529193 0.571429 0.618944 0.474845 0.527329 
0.403903 0.491539 0.531747 0.408916 0.43267 
0.021 0.02 0.02 0.023 0.019 
PAAS algorithm
0.9927 0.9918 0.9918 0.9934 0.991 
0.52406 0.545865 0.672932 0.422556 0.579699 
0.427865 0.435481 0.566724 0.309492 0.449824 
0.528571 0.571429 0.61118 0.474534 0.526708 
0.402938 0.49146 0.515964 0.409126 0.434168 
0.02 0.021 0.02 0.021 0.02 
PARS algorithm
0.9938 0.9923 0.9928 0.9936 0.989 
0.528571 0.542105 0.671429 0.423308 0.569925 
0.431174 0.433318 0.560944 0.310698 0.436742 
0.526398 0.571739 0.618012 0.474534 0.51677 
0.402041 0.494825 0.515664 0.408949 0.422159 
0.021 0.02 0.019 0.02 0.02 
CWS algorithm
1 1 1 1 1 
0.760902 0.710526 0.806015 0.603759 0.781955 
0.667853 0.646286 0.747708 0.518187 0.709791 
0.719876 0.717391 0.724224 0.593478 0.725776 
0.626334 0.639244 0.655157 0.502618 0.64724 
108.512 116.22 106.779 126.886 111.496 
CWAS algorithm
0.9818 0.9794 0.9692 0.9623 0.9779 
0.76015 0.728571 0.806015 0.595489 0.789474 
0.672303 0.656004 0.746771 0.512875 0.717411 
0.718944 0.714596 0.718323 0.600311 0.726087 
0.632298 0.630515 0.643115 0.515462 0.642307 
108.787 115.379 98.934 116.913 106.77 
CWAS_Adap algorithm
0.1328 0.1073 0.0889 0.1243 0.1202 
0.756391 0.674436 0.781955 0.683459 0.754135 
0.669544 0.563586 0.69428 0.594375 0.686239 
0.712112 0.68913 0.671739 0.612733 0.704658 
0.60656 0.593027 0.590024 0.520939 0.619127 
91.151 88.976 87.2 90.28 89.773 
CWRS algorithm
0.9834 0.977 0.9704 0.9608 0.9755 
0.763158 0.708271 0.815038 0.614286 0.781955 
0.672358 0.639167 0.757787 0.537179 0.709296 
0.716149 0.713354 0.719255 0.621739 0.729503 
0.622363 0.627514 0.64721 0.534708 0.64009 
108.702 116.207 97.924 116.427 104.942 
AROMA algorithm
1 1 1 1 1 
0.767669 0.744361 0.809023 0.759398 0.790226 
0.689699 0.680161 0.720773 0.697812 0.729355 
0.737267 0.73323 0.718323 0.714907 0.725466 
0.652577 0.650339 0.645236 0.653332 0.664489 
67.306 73.133 66.993 73.959 71.436 
13 query
OASIS algorithm
1 1 1 1 1 
0.524812 0.545865 0.669925 0.423308 0.578947 
0.428844 0.435942 0.561116 0.309271 0.449137 
0.529193 0.571429 0.618944 0.474845 0.527329 
0.403903 0.491539 0.531747 0.408916 0.43267 
0.021 0.02 0.02 0.023 0.019 
PAAS algorithm
0.9986 0.9971 0.9962 0.9979 0.9975 
0.52406 0.545865 0.666917 0.436842 0.578947 
0.429072 0.435942 0.560532 0.313926 0.449137 
0.529193 0.571429 0.617391 0.47764 0.527329 
0.403962 0.491539 0.531137 0.415314 0.43267 
0.02 0.021 0.02 0.02 0.02 
PARS algorithm
0.9994 0.9967 0.9961 0.9982 0.9974 
0.52406 0.546617 0.665414 0.435338 0.589474 
0.429308 0.435897 0.565533 0.313454 0.457968 
0.529503 0.57205 0.609317 0.476708 0.534161 
0.404177 0.490649 0.52354 0.414131 0.439371 
0.02 0.02 0.02 0.02 0.02 
CWS algorithm
1 1 1 1 1 
0.760902 0.710526 0.806015 0.603759 0.781955 
0.667853 0.646286 0.747708 0.518187 0.709791 
0.719876 0.717391 0.724224 0.593478 0.725776 
0.626334 0.639244 0.655157 0.502618 0.64724 
108.512 116.22 106.779 126.886 111.496 
CWAS algorithm
0.9956 0.992 0.9907 0.9858 0.9929 
0.760902 0.705263 0.807519 0.613534 0.791729 
0.672195 0.638664 0.749646 0.531606 0.726743 
0.725466 0.71118 0.720186 0.612422 0.739752 
0.639483 0.628859 0.646659 0.527737 0.664295 
109.289 115.93 98.951 118.603 106.385 
CWAS_Adap algorithm
0.2219 0.2194 0.1763 0.2069 0.2413 
0.747368 0.717293 0.807519 0.720301 0.763158 
0.656627 0.64284 0.731272 0.646244 0.690542 
0.709938 0.693168 0.708075 0.673292 0.693789 
0.598194 0.598035 0.631471 0.581233 0.610184 
94.398 94.547 89.932 93.635 95.96 
CWRS algorithm
0.9956 0.9923 0.9915 0.9844 0.9943 
0.76391 0.693985 0.81203 0.618797 0.788722 
0.675891 0.618792 0.7506 0.539427 0.718971 
0.718012 0.71118 0.715217 0.626708 0.734161 
0.62865 0.628581 0.64612 0.526118 0.659416 
108.782 116.906 99.225 119.298 106.804 
AROMA algorithm
1 1 1 1 1 
0.767669 0.744361 0.809023 0.759398 0.790226 
0.689699 0.680161 0.720773 0.697812 0.729355 
0.737267 0.73323 0.718323 0.714907 0.725466 
0.652577 0.650339 0.645236 0.653332 0.664489 
67.306 73.133 66.993 73.959 71.436 
14 query
OASIS algorithm
1 1 1 1 1 
0.524812 0.545865 0.669925 0.423308 0.578947 
0.428844 0.435942 0.561116 0.309271 0.449137 
0.529193 0.571429 0.618944 0.474845 0.527329 
0.403903 0.491539 0.531747 0.408916 0.43267 
0.021 0.02 0.02 0.023 0.019 
PAAS algorithm
0.9992 0.999 0.9988 0.9991 0.9985 
0.524812 0.545865 0.670677 0.421805 0.579699 
0.428844 0.435942 0.562032 0.308966 0.449537 
0.529193 0.571429 0.619876 0.474845 0.528261 
0.403903 0.491539 0.532326 0.409258 0.433064 
0.02 0.02 0.02 0.021 0.019 
PARS algorithm
0.9997 0.9994 0.9986 0.9988 0.9983 
0.523308 0.545865 0.668421 0.422556 0.589474 
0.429036 0.435879 0.561431 0.309167 0.462768 
0.528571 0.571739 0.617391 0.475155 0.537888 
0.405227 0.491604 0.531332 0.409566 0.447871 
0.02 0.02 0.02 0.021 0.02 
CWS algorithm
1 1 1 1 1 
0.760902 0.710526 0.806015 0.603759 0.781955 
0.667853 0.646286 0.747708 0.518187 0.709791 
0.719876 0.717391 0.724224 0.593478 0.725776 
0.626334 0.639244 0.655157 0.502618 0.64724 
108.512 116.22 106.779 126.886 111.496 
CWAS algorithm
0.9978 0.998 0.9961 0.9965 0.9967 
0.767669 0.720301 0.806015 0.658647 0.78797 
0.680802 0.642545 0.747708 0.582962 0.71705 
0.721739 0.724534 0.724224 0.640994 0.737267 
0.625822 0.643892 0.655157 0.5537 0.659052 
109.097 114.91 99.047 113.581 107.006 
CWAS_Adap algorithm
0.4264 0.3868 0.358 0.3987 0.398 
0.76015 0.737594 0.806767 0.736842 0.771429 
0.6777 0.661413 0.733011 0.65264 0.688803 
0.733851 0.701863 0.708385 0.692857 0.735093 
0.643718 0.607387 0.628154 0.60604 0.650528 
101.632 99.851 94.198 99.608 99.943 
CWRS algorithm
0.9978 0.9976 0.9949 0.9959 0.9965 
0.762406 0.730075 0.806767 0.606767 0.783459 
0.676605 0.654793 0.748207 0.521046 0.715899 
0.713043 0.723913 0.714596 0.591925 0.734472 
0.618183 0.647589 0.635872 0.502109 0.659321 
109.257 115.268 98.618 117.924 106.668 
AROMA algorithm
1 1 1 1 1 
0.767669 0.744361 0.809023 0.759398 0.790226 
0.689699 0.680161 0.720773 0.697812 0.729355 
0.737267 0.73323 0.718323 0.714907 0.725466 
0.652577 0.650339 0.645236 0.653332 0.664489 
67.306 73.133 66.993 73.959 71.436 
15 query
OASIS algorithm
1 1 1 1 1 
0.524812 0.545865 0.669925 0.423308 0.578947 
0.428844 0.435942 0.561116 0.309271 0.449137 
0.529193 0.571429 0.618944 0.474845 0.527329 
0.403903 0.491539 0.531747 0.408916 0.43267 
0.021 0.02 0.02 0.023 0.019 
PAAS algorithm
0.9996 0.9994 0.999 0.9999 0.9998 
0.524812 0.545865 0.669925 0.423308 0.578947 
0.428844 0.435942 0.561116 0.309271 0.449137 
0.529193 0.571429 0.618944 0.474845 0.527329 
0.403903 0.491539 0.531747 0.408916 0.43267 
0.02 0.021 0.02 0.021 0.02 
PARS algorithm
0.9996 0.9989 0.9983 1 1 
0.524812 0.545113 0.66391 0.423308 0.578947 
0.428844 0.435309 0.559046 0.309271 0.449137 
0.529193 0.571739 0.620497 0.474845 0.527329 
0.403903 0.49085 0.53484 0.408916 0.43267 
0.019 0.02 0.019 0.02 0.02 
CWS algorithm
1 1 1 1 1 
0.760902 0.710526 0.806015 0.603759 0.781955 
0.667853 0.646286 0.747708 0.518187 0.709791 
0.719876 0.717391 0.724224 0.593478 0.725776 
0.626334 0.639244 0.655157 0.502618 0.64724 
108.512 116.22 106.779 126.886 111.496 
CWAS algorithm
0.9991 0.9989 0.9979 0.9986 0.9992 
0.762406 0.709023 0.806015 0.606015 0.781955 
0.67515 0.644504 0.747708 0.518566 0.709791 
0.712112 0.711801 0.724224 0.596894 0.725776 
0.616787 0.632884 0.655157 0.50592 0.64724 
109.04 116.883 99.005 118.422 106.717 
CWAS_Adap algorithm
0.6374 0.6413 0.5593 0.5919 0.5817 
0.754135 0.726316 0.805263 0.756391 0.785714 
0.670881 0.650639 0.742354 0.689712 0.726738 
0.729503 0.707453 0.717702 0.673602 0.731056 
0.633651 0.613939 0.649102 0.573689 0.656172 
106.554 107.212 97.017 103.999 101.34 
CWRS algorithm
0.9992 0.9991 0.9984 0.999 0.9992 
0.760902 0.710526 0.808271 0.606015 0.789474 
0.667853 0.646286 0.754376 0.523865 0.720446 
0.719876 0.717391 0.716149 0.600621 0.736335 
0.626334 0.639244 0.643463 0.511313 0.661076 
109.212 117.117 98.521 117.956 106.822 
AROMA algorithm
1 1 1 1 1 
0.767669 0.744361 0.809023 0.759398 0.790226 
0.689699 0.680161 0.720773 0.697812 0.729355 
0.737267 0.73323 0.718323 0.714907 0.725466 
0.652577 0.650339 0.645236 0.653332 0.664489 
67.306 73.133 66.993 73.959 71.436 
16 query
OASIS algorithm
1 1 1 1 1 
0.524812 0.545865 0.669925 0.423308 0.578947 
0.428844 0.435942 0.561116 0.309271 0.449137 
0.529193 0.571429 0.618944 0.474845 0.527329 
0.403903 0.491539 0.531747 0.408916 0.43267 
0.021 0.02 0.02 0.023 0.019 
PAAS algorithm
0.9999 0.9998 0.9999 0.9999 1 
0.524812 0.545865 0.669925 0.423308 0.578947 
0.428844 0.435942 0.561116 0.309271 0.449137 
0.529193 0.571429 0.618944 0.474845 0.527329 
0.403834 0.491539 0.531747 0.408916 0.43267 
0.02 0.021 0.02 0.02 0.021 
PARS algorithm
0.9998 0.9997 0.9998 1 1 
0.524812 0.543609 0.669925 0.423308 0.578947 
0.428844 0.434586 0.561128 0.309271 0.449137 
0.529193 0.570497 0.620497 0.474845 0.527329 
0.403834 0.491147 0.532646 0.408916 0.43267 
0.02 0.021 0.02 0.02 0.02 
CWS algorithm
1 1 1 1 1 
0.760902 0.710526 0.806015 0.603759 0.781955 
0.667853 0.646286 0.747708 0.518187 0.709791 
0.719876 0.717391 0.724224 0.593478 0.725776 
0.626334 0.639244 0.655157 0.502618 0.64724 
108.512 116.22 106.779 126.886 111.496 
CWAS algorithm
0.9996 0.9994 0.9992 0.9992 0.9999 
0.760902 0.703759 0.806015 0.61203 0.781955 
0.667853 0.636896 0.747708 0.525793 0.709791 
0.719876 0.716149 0.724224 0.606522 0.725776 
0.626334 0.637795 0.655157 0.517118 0.64724 
109.167 116.528 98.976 118.343 106.755 
CWAS_Adap algorithm
0.7814 0.7617 0.7642 0.7629 0.8099 
0.763158 0.72782 0.804511 0.763158 0.77594 
0.678887 0.658466 0.740936 0.695689 0.706401 
0.730745 0.723292 0.709317 0.713043 0.729503 
0.637449 0.640251 0.632591 0.625035 0.650022 
105.086 104.798 97.93 109.01 105.386 
CWRS algorithm
0.9995 0.9994 0.9992 0.9988 0.9999 
0.760902 0.709023 0.797744 0.603759 0.781955 
0.667853 0.643264 0.738112 0.51714 0.709791 
0.719876 0.711801 0.719565 0.593789 0.725776 
0.626334 0.632982 0.648287 0.504329 0.64724 
109.195 117.156 99.143 118.169 107.006 
AROMA algorithm
1 1 1 1 1 
0.767669 0.744361 0.809023 0.759398 0.790226 
0.689699 0.680161 0.720773 0.697812 0.729355 
0.737267 0.73323 0.718323 0.714907 0.725466 
0.652577 0.650339 0.645236 0.653332 0.664489 
67.306 73.133 66.993 73.959 71.436 
17 query
OASIS algorithm
1 1 1 1 1 
0.524812 0.545865 0.669925 0.423308 0.578947 
0.428844 0.435942 0.561116 0.309271 0.449137 
0.529193 0.571429 0.618944 0.474845 0.527329 
0.403903 0.491539 0.531747 0.408916 0.43267 
0.021 0.02 0.02 0.023 0.019 
PAAS algorithm
1 1 0.9999 1 1 
0.524812 0.545865 0.669925 0.423308 0.578947 
0.428844 0.435942 0.561617 0.309271 0.449137 
0.529193 0.571429 0.619255 0.474845 0.527329 
0.403903 0.491539 0.531948 0.408916 0.43267 
0.02 0.022 0.019 0.02 0.02 
PARS algorithm
1 1 0.9998 1 1 
0.524812 0.545865 0.669925 0.423308 0.578947 
0.428844 0.435942 0.561617 0.309271 0.449137 
0.529193 0.571429 0.619255 0.474845 0.527329 
0.403903 0.491539 0.531948 0.408916 0.43267 
0.021 0.02 0.02 0.02 0.02 
CWS algorithm
1 1 1 1 1 
0.760902 0.710526 0.806015 0.603759 0.781955 
0.667853 0.646286 0.747708 0.518187 0.709791 
0.719876 0.717391 0.724224 0.593478 0.725776 
0.626334 0.639244 0.655157 0.502618 0.64724 
108.512 116.22 106.779 126.886 111.496 
CWAS algorithm
0.9999 0.9999 0.9999 0.9999 1 
0.760902 0.710526 0.806015 0.603759 0.781955 
0.667853 0.646286 0.747708 0.518187 0.709791 
0.719876 0.717391 0.724224 0.593478 0.725776 
0.626334 0.639244 0.655157 0.502618 0.64724 
109.23 117.453 98.867 117.972 106.754 
CWAS_Adap algorithm
0.9178 0.93 0.8644 0.8796 0.9257 
0.76391 0.727068 0.817293 0.683459 0.787218 
0.680997 0.659243 0.758938 0.617893 0.719592 
0.736335 0.724845 0.721118 0.659317 0.73913 
0.643611 0.640157 0.652268 0.582915 0.660485 
109.84 116.767 98.123 111.497 106.461 
CWRS algorithm
0.9998 0.9999 1 0.9999 1 
0.760902 0.710526 0.806015 0.603759 0.781955 
0.667853 0.646286 0.747708 0.518187 0.709791 
0.719876 0.717391 0.724224 0.593478 0.725776 
0.626334 0.639244 0.655157 0.502618 0.64724 
109.364 117.267 98.947 118.265 106.958 
AROMA algorithm
1 1 1 1 1 
0.767669 0.744361 0.809023 0.759398 0.790226 
0.689699 0.680161 0.720773 0.697812 0.729355 
0.737267 0.73323 0.718323 0.714907 0.725466 
0.652577 0.650339 0.645236 0.653332 0.664489 
67.306 73.133 66.993 73.959 71.436 
18 query
OASIS algorithm
1 1 1 1 1 
0.524812 0.545865 0.669925 0.423308 0.578947 
0.428844 0.435942 0.561116 0.309271 0.449137 
0.529193 0.571429 0.618944 0.474845 0.527329 
0.403903 0.491539 0.531747 0.408916 0.43267 
0.021 0.02 0.02 0.023 0.019 
PAAS algorithm
0.9999 0.9998 1 0.9999 1 
0.524812 0.545113 0.669925 0.423308 0.578947 
0.428844 0.435531 0.561116 0.309271 0.449137 
0.529193 0.570497 0.618944 0.474845 0.527329 
0.403903 0.489935 0.531747 0.408916 0.43267 
0.02 0.02 0.019 0.02 0.02 
PARS algorithm
0.9999 0.9997 1 0.9997 1 
0.524812 0.545113 0.669925 0.421053 0.578947 
0.428844 0.435531 0.561116 0.308485 0.449137 
0.529193 0.570497 0.618944 0.474845 0.527329 
0.403903 0.489935 0.531747 0.408753 0.43267 
0.021 0.021 0.02 0.02 0.021 
CWS algorithm
1 1 1 1 1 
0.760902 0.710526 0.806015 0.603759 0.781955 
0.667853 0.646286 0.747708 0.518187 0.709791 
0.719876 0.717391 0.724224 0.593478 0.725776 
0.626334 0.639244 0.655157 0.502618 0.64724 
108.512 116.22 106.779 126.886 111.496 
CWAS algorithm
1 0.9998 1 0.9997 0.9999 
0.760902 0.710526 0.806015 0.603759 0.781955 
0.667853 0.646286 0.747708 0.5189 0.709791 
0.719876 0.717391 0.724224 0.595342 0.725776 
0.626334 0.639244 0.655157 0.503319 0.64724 
109.28 117.701 99.239 118.447 107.089 
CWAS_Adap algorithm
0.9697 0.9665 0.9533 0.9496 0.9652 
0.761654 0.725564 0.809774 0.66015 0.782707 
0.678577 0.662498 0.753135 0.586471 0.710922 
0.720186 0.719255 0.72236 0.640062 0.728571 
0.627132 0.643949 0.652858 0.556722 0.653371 
109.754 116.312 98.774 111.176 106.627 
CWRS algorithm
1 1 1 0.9995 0.9998 
0.760902 0.710526 0.806015 0.603759 0.781955 
0.667853 0.646286 0.747708 0.517419 0.709791 
0.719876 0.717391 0.724224 0.593789 0.725776 
0.626334 0.639244 0.655157 0.50344 0.64724 
109.225 117.393 99.093 118.356 106.943 
AROMA algorithm
1 1 1 1 1 
0.767669 0.744361 0.809023 0.759398 0.790226 
0.689699 0.680161 0.720773 0.697812 0.729355 
0.737267 0.73323 0.718323 0.714907 0.725466 
0.652577 0.650339 0.645236 0.653332 0.664489 
67.306 73.133 66.993 73.959 71.436 
19 query
OASIS algorithm
1 1 1 1 1 
0.524812 0.545865 0.669925 0.423308 0.578947 
0.428844 0.435942 0.561116 0.309271 0.449137 
0.529193 0.571429 0.618944 0.474845 0.527329 
0.403903 0.491539 0.531747 0.408916 0.43267 
0.021 0.02 0.02 0.023 0.019 
PAAS algorithm
1 1 0.9999 0.9999 0.9999 
0.524812 0.545865 0.669925 0.423308 0.580451 
0.428844 0.435942 0.561116 0.309271 0.450646 
0.529193 0.571429 0.618944 0.474845 0.528261 
0.403903 0.491539 0.531747 0.408916 0.433724 
0.02 0.02 0.02 0.021 0.019 
PARS algorithm
1 1 0.9997 0.9997 0.9999 
0.524812 0.545865 0.670677 0.423308 0.580451 
0.428844 0.435942 0.561786 0.309271 0.450646 
0.529193 0.571429 0.620497 0.474845 0.528261 
0.403903 0.491539 0.532572 0.408916 0.433724 
0.02 0.021 0.02 0.02 0.021 
CWS algorithm
1 1 1 1 1 
0.760902 0.710526 0.806015 0.603759 0.781955 
0.667853 0.646286 0.747708 0.518187 0.709791 
0.719876 0.717391 0.724224 0.593478 0.725776 
0.626334 0.639244 0.655157 0.502618 0.64724 
108.512 116.22 106.779 126.886 111.496 
CWAS algorithm
1 1 0.9999 0.9999 0.9999 
0.760902 0.710526 0.806015 0.603759 0.781955 
0.667853 0.646286 0.747708 0.518187 0.709791 
0.719876 0.717391 0.724224 0.593478 0.725776 
0.626334 0.639244 0.655157 0.502618 0.64724 
109.29 117.313 99.119 118.047 106.682 
CWAS_Adap algorithm
0.9854 0.9851 0.984 0.9758 0.9876 
0.688722 0.707519 0.809774 0.603759 0.784211 
0.602092 0.644071 0.751228 0.515649 0.713553 
0.624224 0.706832 0.713665 0.593789 0.732919 
0.529027 0.625177 0.641809 0.503982 0.662955 
113.555 116.827 98.922 117.634 106.278 
CWRS algorithm
1 1 0.9997 0.9999 0.9999 
0.760902 0.710526 0.806015 0.603759 0.787218 
0.667853 0.646286 0.747708 0.518187 0.717691 
0.719876 0.717391 0.724224 0.593478 0.736646 
0.626334 0.639244 0.655157 0.502618 0.657986 
109.494 117.203 99.024 118.039 106.842 
AROMA algorithm
1 1 1 1 1 
0.767669 0.744361 0.809023 0.759398 0.790226 
0.689699 0.680161 0.720773 0.697812 0.729355 
0.737267 0.73323 0.718323 0.714907 0.725466 
0.652577 0.650339 0.645236 0.653332 0.664489 
67.306 73.133 66.993 73.959 71.436 
