OASIS que
1.000    1.000    1.000    1.000    1.000    1.000    1.000    1.000    1.000    1.000    1.000    1.000    1.000    1.000    1.000    1.000    1.000    1.000    1.000    1.000    
OASIS std_que
0.000    0.000    0.000    0.000    0.000    0.000    0.000    0.000    0.000    0.000    0.000    0.000    0.000    0.000    0.000    0.000    0.000    0.000    0.000    0.000    
OASIS AP_train
0.351    0.351    0.351    0.351    0.351    0.351    0.351    0.351    0.351    0.351    0.351    0.351    0.351    0.351    0.351    0.351    0.351    0.351    0.351    0.351    
OASIS std_AP_train
0.045    0.045    0.045    0.045    0.045    0.045    0.045    0.045    0.045    0.045    0.045    0.045    0.045    0.045    0.045    0.045    0.045    0.045    0.045    0.045    
OASIS mAP_train
0.307    0.307    0.307    0.307    0.307    0.307    0.307    0.307    0.307    0.307    0.307    0.307    0.307    0.307    0.307    0.307    0.307    0.307    0.307    0.307    
OASIS std_mAP_train
0.045    0.045    0.045    0.045    0.045    0.045    0.045    0.045    0.045    0.045    0.045    0.045    0.045    0.045    0.045    0.045    0.045    0.045    0.045    0.045    
OASIS AP_test
0.347    0.347    0.347    0.347    0.347    0.347    0.347    0.347    0.347    0.347    0.347    0.347    0.347    0.347    0.347    0.347    0.347    0.347    0.347    0.347    
OASIS std_AP_test
0.050    0.050    0.050    0.050    0.050    0.050    0.050    0.050    0.050    0.050    0.050    0.050    0.050    0.050    0.050    0.050    0.050    0.050    0.050    0.050    
OASIS mAP_test
0.291    0.291    0.291    0.291    0.291    0.291    0.291    0.291    0.291    0.291    0.291    0.291    0.291    0.291    0.291    0.291    0.291    0.291    0.291    0.291    
OASIS std_mAP_test
0.047    0.047    0.047    0.047    0.047    0.047    0.047    0.047    0.047    0.047    0.047    0.047    0.047    0.047    0.047    0.047    0.047    0.047    0.047    0.047    
OASIS time
0.015    0.015    0.015    0.015    0.015    0.015    0.015    0.015    0.015    0.015    0.015    0.015    0.015    0.015    0.015    0.015    0.015    0.015    0.015    0.015    
OASIS std_time
0.001    0.001    0.001    0.001    0.001    0.001    0.001    0.001    0.001    0.001    0.001    0.001    0.001    0.001    0.001    0.001    0.001    0.001    0.001    0.001    
PAAS que
0.011    0.017    0.026    0.045    0.079    0.132    0.213    0.296    0.408    0.531    0.647    0.762    0.852    0.915    0.953    0.976    0.987    0.994    0.997    0.998    
PAAS std_que
0.002    0.001    0.001    0.004    0.005    0.007    0.003    0.005    0.004    0.004    0.003    0.004    0.005    0.003    0.002    0.001    0.001    0.001    0.001    0.000    
PAAS AP_train
0.046    0.047    0.059    0.075    0.144    0.182    0.252    0.317    0.316    0.315    0.342    0.361    0.347    0.355    0.354    0.351    0.353    0.353    0.349    0.351    
PAAS std_AP_train
0.007    0.009    0.021    0.033    0.007    0.048    0.067    0.020    0.037    0.055    0.058    0.033    0.039    0.049    0.038    0.046    0.045    0.044    0.043    0.045    
PAAS mAP_train
0.041    0.039    0.049    0.062    0.113    0.153    0.209    0.273    0.277    0.270    0.300    0.315    0.302    0.310    0.311    0.306    0.308    0.308    0.305    0.307    
PAAS std_mAP_train
0.009    0.004    0.015    0.022    0.008    0.033    0.055    0.021    0.039    0.054    0.057    0.036    0.038    0.049    0.038    0.046    0.045    0.044    0.043    0.045    
PAAS AP_test
0.045    0.049    0.054    0.073    0.145    0.183    0.253    0.297    0.310    0.311    0.331    0.354    0.340    0.350    0.349    0.345    0.348    0.347    0.346    0.347    
PAAS std_AP_test
0.003    0.010    0.014    0.031    0.012    0.046    0.061    0.022    0.041    0.057    0.051    0.038    0.039    0.049    0.043    0.049    0.050    0.049    0.048    0.050    
PAAS mAP_test
0.034    0.034    0.038    0.053    0.106    0.141    0.196    0.242    0.260    0.254    0.276    0.295    0.283    0.293    0.293    0.289    0.292    0.292    0.289    0.291    
PAAS std_mAP_test
0.008    0.007    0.006    0.019    0.006    0.031    0.052    0.023    0.039    0.053    0.050    0.037    0.038    0.048    0.039    0.046    0.047    0.045    0.045    0.047    
PAAS time
0.008    0.008    0.007    0.008    0.008    0.008    0.009    0.010    0.010    0.011    0.012    0.013    0.012    0.015    0.014    0.013    0.014    0.013    0.013    0.013    
PAAS std_time
0.001    0.001    0.000    0.001    0.001    0.001    0.001    0.001    0.000    0.001    0.001    0.001    0.000    0.002    0.001    0.000    0.001    0.001    0.001    0.000    
PARS que
0.011    0.017    0.028    0.044    0.079    0.133    0.209    0.295    0.411    0.528    0.643    0.762    0.850    0.914    0.952    0.976    0.988    0.994    0.996    0.998    
PARS std_que
0.002    0.001    0.002    0.005    0.006    0.003    0.004    0.010    0.005    0.006    0.005    0.006    0.005    0.006    0.003    0.002    0.002    0.000    0.001    0.000    
PARS AP_train
0.050    0.056    0.051    0.082    0.107    0.152    0.227    0.271    0.297    0.311    0.303    0.352    0.336    0.346    0.354    0.352    0.352    0.354    0.348    0.350    
PARS std_AP_train
0.016    0.019    0.013    0.031    0.027    0.035    0.038    0.029    0.034    0.028    0.047    0.045    0.046    0.045    0.046    0.041    0.046    0.044    0.044    0.046    
PARS mAP_train
0.039    0.051    0.042    0.068    0.077    0.122    0.190    0.233    0.254    0.267    0.261    0.308    0.293    0.302    0.309    0.308    0.307    0.309    0.303    0.306    
PARS std_mAP_train
0.007    0.015    0.008    0.022    0.030    0.035    0.043    0.031    0.030    0.027    0.045    0.044    0.046    0.044    0.045    0.042    0.046    0.045    0.045    0.046    
PARS AP_test
0.050    0.056    0.051    0.081    0.106    0.149    0.230    0.267    0.296    0.308    0.298    0.342    0.331    0.341    0.348    0.346    0.346    0.349    0.344    0.346    
PARS std_AP_test
0.011    0.015    0.012    0.031    0.031    0.024    0.033    0.021    0.034    0.032    0.045    0.038    0.045    0.046    0.050    0.048    0.051    0.049    0.049    0.051    
PARS mAP_test
0.037    0.043    0.038    0.062    0.066    0.113    0.180    0.214    0.241    0.253    0.244    0.285    0.274    0.284    0.291    0.290    0.290    0.293    0.288    0.290    
PARS std_mAP_test
0.005    0.009    0.009    0.019    0.027    0.021    0.026    0.022    0.030    0.030    0.040    0.039    0.041    0.043    0.046    0.045    0.048    0.046    0.046    0.048    
PARS time
0.007    0.008    0.008    0.007    0.008    0.008    0.009    0.009    0.011    0.011    0.011    0.013    0.013    0.013    0.013    0.013    0.013    0.014    0.012    0.013    
PARS std_time
0.000    0.001    0.001    0.000    0.001    0.001    0.001    0.000    0.001    0.000    0.000    0.001    0.001    0.001    0.000    0.001    0.001    0.001    0.000    0.001    
CWS que
1.000    1.000    1.000    1.000    1.000    1.000    1.000    1.000    1.000    1.000    1.000    1.000    1.000    1.000    1.000    1.000    1.000    1.000    1.000    1.000    
CWS std_que
0.000    0.000    0.000    0.000    0.000    0.000    0.000    0.000    0.000    0.000    0.000    0.000    0.000    0.000    0.000    0.000    0.000    0.000    0.000    0.000    
CWS AP_train
0.468    0.468    0.468    0.468    0.468    0.468    0.468    0.468    0.468    0.468    0.468    0.468    0.468    0.468    0.468    0.468    0.468    0.468    0.468    0.468    
CWS std_AP_train
0.015    0.015    0.015    0.015    0.015    0.015    0.015    0.015    0.015    0.015    0.015    0.015    0.015    0.015    0.015    0.015    0.015    0.015    0.015    0.015    
CWS mAP_train
0.412    0.412    0.412    0.412    0.412    0.412    0.412    0.412    0.412    0.412    0.412    0.412    0.412    0.412    0.412    0.412    0.412    0.412    0.412    0.412    
CWS std_mAP_train
0.017    0.017    0.017    0.017    0.017    0.017    0.017    0.017    0.017    0.017    0.017    0.017    0.017    0.017    0.017    0.017    0.017    0.017    0.017    0.017    
CWS AP_test
0.468    0.468    0.468    0.468    0.468    0.468    0.468    0.468    0.468    0.468    0.468    0.468    0.468    0.468    0.468    0.468    0.468    0.468    0.468    0.468    
CWS std_AP_test
0.014    0.014    0.014    0.014    0.014    0.014    0.014    0.014    0.014    0.014    0.014    0.014    0.014    0.014    0.014    0.014    0.014    0.014    0.014    0.014    
CWS mAP_test
0.399    0.399    0.399    0.399    0.399    0.399    0.399    0.399    0.399    0.399    0.399    0.399    0.399    0.399    0.399    0.399    0.399    0.399    0.399    0.399    
CWS std_mAP_test
0.016    0.016    0.016    0.016    0.016    0.016    0.016    0.016    0.016    0.016    0.016    0.016    0.016    0.016    0.016    0.016    0.016    0.016    0.016    0.016    
CWS time
1.000    1.000    1.000    1.000    1.000    1.000    1.000    1.000    1.000    1.000    1.000    1.000    1.000    1.000    1.000    1.000    1.000    1.000    1.000    1.000    
CWS std_time
0.009    0.009    0.009    0.009    0.009    0.009    0.009    0.009    0.009    0.009    0.009    0.009    0.009    0.009    0.009    0.009    0.009    0.009    0.009    0.009    
CWAS que
0.005    0.011    0.017    0.031    0.053    0.084    0.135    0.197    0.286    0.398    0.513    0.651    0.775    0.862    0.921    0.959    0.980    0.989    0.995    0.997    
CWAS std_que
0.001    0.001    0.002    0.002    0.004    0.002    0.003    0.002    0.005    0.005    0.005    0.004    0.006    0.002    0.002    0.002    0.001    0.001    0.001    0.000    
CWAS AP_train
0.062    0.108    0.173    0.248    0.342    0.381    0.407    0.416    0.441    0.449    0.457    0.455    0.467    0.469    0.465    0.466    0.470    0.468    0.467    0.468    
CWAS std_AP_train
0.018    0.012    0.049    0.035    0.031    0.015    0.014    0.015    0.017    0.012    0.022    0.014    0.016    0.010    0.014    0.014    0.016    0.015    0.015    0.016    
CWAS mAP_train
0.050    0.081    0.144    0.206    0.289    0.325    0.353    0.358    0.384    0.393    0.399    0.398    0.410    0.412    0.407    0.407    0.412    0.411    0.410    0.412    
CWAS std_mAP_train
0.016    0.007    0.042    0.034    0.025    0.013    0.014    0.014    0.017    0.016    0.024    0.016    0.016    0.007    0.015    0.014    0.017    0.016    0.016    0.017    
CWAS AP_test
0.060    0.116    0.172    0.245    0.329    0.382    0.408    0.421    0.442    0.444    0.453    0.457    0.466    0.467    0.466    0.464    0.469    0.468    0.467    0.468    
CWAS std_AP_test
0.017    0.019    0.042    0.035    0.025    0.019    0.015    0.019    0.008    0.012    0.017    0.012    0.015    0.004    0.015    0.011    0.013    0.013    0.013    0.014    
CWAS mAP_test
0.046    0.077    0.133    0.193    0.267    0.313    0.343    0.350    0.371    0.376    0.384    0.387    0.398    0.399    0.398    0.395    0.400    0.400    0.399    0.400    
CWAS std_mAP_test
0.011    0.011    0.036    0.031    0.019    0.019    0.017    0.019    0.009    0.015    0.020    0.013    0.015    0.005    0.016    0.011    0.015    0.015    0.015    0.016    
CWAS time
0.546    0.546    0.555    0.573    0.585    0.603    0.652    0.705    0.760    0.819    0.865    0.920    0.965    0.988    0.988    0.996    0.997    1.011    0.991    0.978    
CWAS std_time
0.006    0.005    0.009    0.008    0.006    0.008    0.007    0.003    0.003    0.012    0.004    0.009    0.009    0.021    0.011    0.016    0.010    0.026    0.026    0.017    
CWAS_Adap que
0.095    0.096    0.096    0.097    0.097    0.098    0.097    0.099    0.108    0.120    0.151    0.215    0.319    0.475    0.667    0.831    0.924    0.971    0.990    0.997    
CWAS_Adap std_que
0.003    0.002    0.003    0.003    0.002    0.003    0.002    0.000    0.003    0.002    0.002    0.006    0.007    0.005    0.007    0.005    0.002    0.001    0.001    0.001    
CWAS_Adap AP_train
0.401    0.403    0.403    0.400    0.412    0.405    0.395    0.400    0.399    0.408    0.426    0.433    0.457    0.457    0.459    0.467    0.469    0.469    0.466    0.468    
CWAS_Adap std_AP_train
0.019    0.020    0.019    0.018    0.011    0.009    0.037    0.010    0.018    0.017    0.034    0.025    0.012    0.018    0.016    0.012    0.013    0.013    0.012    0.015    
CWAS_Adap mAP_train
0.350    0.352    0.352    0.349    0.358    0.350    0.344    0.347    0.347    0.354    0.373    0.383    0.399    0.398    0.401    0.409    0.411    0.412    0.410    0.411    
CWAS_Adap std_mAP_train
0.018    0.020    0.019    0.018    0.013    0.007    0.037    0.008    0.016    0.018    0.032    0.022    0.012    0.012    0.017    0.012    0.013    0.013    0.012    0.017    
CWAS_Adap AP_test
0.406    0.406    0.404    0.402    0.409    0.406    0.399    0.399    0.397    0.409    0.423    0.429    0.453    0.457    0.460    0.465    0.468    0.468    0.467    0.468    
CWAS_Adap std_AP_test
0.019    0.018    0.019    0.018    0.019    0.011    0.029    0.012    0.017    0.021    0.033    0.026    0.008    0.011    0.011    0.011    0.010    0.011    0.011    0.014    
CWAS_Adap mAP_test
0.341    0.341    0.338    0.337    0.343    0.339    0.333    0.334    0.334    0.344    0.356    0.365    0.386    0.388    0.391    0.396    0.398    0.400    0.399    0.399    
CWAS_Adap std_mAP_test
0.020    0.020    0.020    0.019    0.024    0.011    0.031    0.011    0.020    0.025    0.034    0.025    0.009    0.009    0.012    0.013    0.011    0.012    0.013    0.016    
CWAS_Adap time
0.639    0.621    0.634    0.631    0.632    0.624    0.624    0.633    0.643    0.654    0.672    0.729    0.793    0.869    0.931    0.969    0.986    1.019    0.994    0.980    
CWAS_Adap std_time
0.007    0.003    0.014    0.012    0.007    0.004    0.007    0.002    0.003    0.010    0.003    0.014    0.011    0.011    0.013    0.008    0.012    0.015    0.031    0.008    
CWRS que
0.004    0.010    0.016    0.031    0.053    0.084    0.136    0.192    0.288    0.398    0.515    0.651    0.773    0.860    0.921    0.959    0.980    0.988    0.995    0.997    
CWRS std_que
0.001    0.002    0.001    0.002    0.006    0.002    0.007    0.002    0.008    0.007    0.003    0.008    0.006    0.003    0.003    0.003    0.002    0.001    0.001    0.001    
CWRS AP_train
0.052    0.110    0.136    0.161    0.242    0.316    0.322    0.394    0.412    0.416    0.444    0.454    0.466    0.465    0.460    0.462    0.463    0.472    0.468    0.468    
CWRS std_AP_train
0.007    0.016    0.024    0.019    0.039    0.038    0.016    0.027    0.024    0.012    0.018    0.014    0.020    0.016    0.012    0.007    0.015    0.013    0.015    0.016    
CWRS mAP_train
0.040    0.083    0.108    0.129    0.202    0.268    0.273    0.345    0.358    0.364    0.389    0.400    0.410    0.408    0.403    0.404    0.405    0.415    0.410    0.411    
CWRS std_mAP_train
0.004    0.012    0.022    0.010    0.034    0.036    0.016    0.028    0.022    0.010    0.015    0.014    0.020    0.015    0.012    0.009    0.016    0.015    0.016    0.017    
CWRS AP_test
0.052    0.115    0.129    0.164    0.238    0.310    0.326    0.396    0.409    0.412    0.437    0.453    0.460    0.463    0.460    0.460    0.462    0.471    0.467    0.467    
CWRS std_AP_test
0.007    0.012    0.020    0.028    0.034    0.027    0.024    0.019    0.024    0.011    0.018    0.005    0.017    0.017    0.010    0.009    0.013    0.012    0.012    0.015    
CWRS mAP_test
0.035    0.081    0.092    0.119    0.187    0.252    0.263    0.331    0.344    0.347    0.371    0.387    0.393    0.396    0.391    0.392    0.393    0.403    0.398    0.399    
CWRS std_mAP_test
0.007    0.013    0.016    0.019    0.029    0.026    0.020    0.022    0.020    0.011    0.015    0.005    0.019    0.019    0.012    0.012    0.014    0.013    0.014    0.017    
CWRS time
0.549    0.546    0.555    0.562    0.574    0.586    0.619    0.658    0.698    0.741    0.796    0.859    0.910    0.944    0.973    0.984    0.990    1.017    0.992    0.981    
CWRS std_time
0.006    0.009    0.011    0.004    0.005    0.006    0.009    0.004    0.008    0.012    0.005    0.012    0.007    0.018    0.014    0.017    0.007    0.016    0.028    0.011    
AROMA que
1.000    1.000    1.000    1.000    1.000    1.000    1.000    1.000    1.000    1.000    1.000    1.000    1.000    1.000    1.000    1.000    1.000    1.000    1.000    1.000    
AROMA std_que
0.000    0.000    0.000    0.000    0.000    0.000    0.000    0.000    0.000    0.000    0.000    0.000    0.000    0.000    0.000    0.000    0.000    0.000    0.000    0.000    
AROMA AP_train
0.474    0.474    0.474    0.474    0.474    0.474    0.474    0.474    0.474    0.474    0.474    0.474    0.474    0.474    0.474    0.474    0.474    0.474    0.474    0.474    
AROMA std_AP_train
0.012    0.012    0.012    0.012    0.012    0.012    0.012    0.012    0.012    0.012    0.012    0.012    0.012    0.012    0.012    0.012    0.012    0.012    0.012    0.012    
AROMA mAP_train
0.415    0.415    0.415    0.415    0.415    0.415    0.415    0.415    0.415    0.415    0.415    0.415    0.415    0.415    0.415    0.415    0.415    0.415    0.415    0.415    
AROMA std_mAP_train
0.012    0.012    0.012    0.012    0.012    0.012    0.012    0.012    0.012    0.012    0.012    0.012    0.012    0.012    0.012    0.012    0.012    0.012    0.012    0.012    
AROMA AP_test
0.476    0.476    0.476    0.476    0.476    0.476    0.476    0.476    0.476    0.476    0.476    0.476    0.476    0.476    0.476    0.476    0.476    0.476    0.476    0.476    
AROMA std_AP_test
0.013    0.013    0.013    0.013    0.013    0.013    0.013    0.013    0.013    0.013    0.013    0.013    0.013    0.013    0.013    0.013    0.013    0.013    0.013    0.013    
AROMA mAP_test
0.406    0.406    0.406    0.406    0.406    0.406    0.406    0.406    0.406    0.406    0.406    0.406    0.406    0.406    0.406    0.406    0.406    0.406    0.406    0.406    
AROMA std_mAP_test
0.014    0.014    0.014    0.014    0.014    0.014    0.014    0.014    0.014    0.014    0.014    0.014    0.014    0.014    0.014    0.014    0.014    0.014    0.014    0.014    
AROMA time
0.603    0.603    0.603    0.603    0.603    0.603    0.603    0.603    0.603    0.603    0.603    0.603    0.603    0.603    0.603    0.603    0.603    0.603    0.603    0.603    
AROMA std_time
0.014    0.014    0.014    0.014    0.014    0.014    0.014    0.014    0.014    0.014    0.014    0.014    0.014    0.014    0.014    0.014    0.014    0.014    0.014    0.014    
