0 query
OASIS algorithm
1 1 1 1 1 
0.338213 0.417988 0.322219 0.292162 0.385113 
0.289272 0.373451 0.28025 0.247614 0.342915 
0.34515 0.40895 0.3147 0.273575 0.392275 
0.288382 0.34977 0.268562 0.217265 0.329551 
0.015 0.016 0.017 0.016 0.013 
PAAS algorithm
0.0133136 0.00976331 0.00956607 0.00956607 0.0140039 
0.042275 0.0405625 0.0417188 0.0599875 0.0433688 
0.040306 0.0405625 0.0384593 0.0553242 0.0285228 
0.0397 0.042925 0.045575 0.049425 0.046875 
0.0385112 0.0211645 0.0404567 0.0418971 0.0268372 
0.007 0.009 0.008 0.007 0.007 
PARS algorithm
0.0138067 0.00927022 0.00857988 0.0091716 0.0134122 
0.0811188 0.0404687 0.0455938 0.0383063 0.0451375 
0.0515085 0.0400151 0.0391259 0.0382556 0.0282319 
0.070125 0.04245 0.049275 0.03985 0.047175 
0.0403551 0.0420525 0.0394719 0.0374425 0.0272112 
0.007 0.007 0.007 0.008 0.007 
CWS algorithm
1 1 1 1 1 
0.444013 0.461731 0.477525 0.489675 0.469513 
0.38951 0.400388 0.418565 0.438572 0.410682 
0.4454 0.461 0.4667 0.485675 0.47935 
0.377935 0.386631 0.397131 0.42322 0.411225 
1.011 1.009 1 0.994 0.987 
CWAS algorithm
0.00463511 0.00276134 0.00374753 0.0061144 0.00552268 
0.091975 0.0375 0.0695812 0.0594875 0.0501313 
0.0754157 0.0375 0.0636718 0.0385577 0.0352056 
0.09145 0.04075 0.052275 0.0563 0.0605 
0.0654049 0.040303 0.0337433 0.0475837 0.0449622 
0.553 0.54 0.545 0.539 0.554 
CWAS_Adap algorithm
0.0994083 0.0916174 0.0947732 0.095858 0.0933925 
0.426431 0.368094 0.408631 0.401756 0.401688 
0.377523 0.320812 0.357116 0.346793 0.347281 
0.422475 0.372 0.407275 0.4011 0.426175 
0.359863 0.309375 0.343792 0.327693 0.362858 
0.641 0.634 0.627 0.649 0.642 
CWRS algorithm
0.00414201 0.00325444 0.00335306 0.00542406 0.00463511 
0.0639875 0.0565 0.0492563 0.046675 0.0439688 
0.042273 0.0328061 0.043195 0.0437137 0.0372014 
0.06265 0.05085 0.05565 0.04915 0.040325 
0.037756 0.0228417 0.044751 0.0365262 0.0324491 
0.551 0.553 0.55 0.537 0.554 
AROMA algorithm
1 1 1 1 1 
0.455038 0.46595 0.476863 0.481038 0.48885 
0.399737 0.4027 0.418918 0.421725 0.430779 
0.463875 0.460275 0.477625 0.4846 0.49375 
0.394087 0.386716 0.408648 0.41323 0.425231 
0.624 0.592 0.6 0.585 0.615 
1 query
OASIS algorithm
1 1 1 1 1 
0.338213 0.417988 0.322219 0.292162 0.385113 
0.289272 0.373451 0.28025 0.247614 0.342915 
0.34515 0.40895 0.3147 0.273575 0.392275 
0.288382 0.34977 0.268562 0.217265 0.329551 
0.015 0.016 0.017 0.016 0.013 
PAAS algorithm
0.0190335 0.0156805 0.0175542 0.0188363 0.0162722 
0.037625 0.0396625 0.04225 0.0586938 0.0554938 
0.037625 0.0367836 0.0336673 0.0428248 0.0425673 
0.03975 0.04665 0.0398 0.064875 0.0564 
0.03975 0.0262126 0.0291229 0.0443679 0.0330262 
0.008 0.009 0.011 0.007 0.007 
PARS algorithm
0.0186391 0.0166667 0.0177515 0.0174556 0.0164694 
0.071375 0.085425 0.0441 0.03825 0.0391063 
0.0603747 0.0759832 0.0436725 0.03825 0.0370964 
0.07165 0.075525 0.05405 0.037575 0.0429 
0.0538892 0.0536151 0.0374315 0.0353412 0.0361646 
0.007 0.01 0.009 0.008 0.008 
CWS algorithm
1 1 1 1 1 
0.444013 0.461731 0.477525 0.489675 0.469513 
0.38951 0.400388 0.418565 0.438572 0.410682 
0.4454 0.461 0.4667 0.485675 0.47935 
0.377935 0.386631 0.397131 0.42322 0.411225 
1.011 1.009 1 0.994 0.987 
CWAS algorithm
0.0120316 0.0116371 0.00798817 0.0107495 0.0110454 
0.117375 0.108237 0.09415 0.124887 0.0956437 
0.087985 0.0820332 0.0685667 0.0857452 0.0810985 
0.1149 0.1074 0.08685 0.14405 0.1247 
0.0773875 0.0706727 0.0605909 0.0891742 0.0881908 
0.55 0.553 0.544 0.545 0.539 
CWAS_Adap algorithm
0.0993097 0.0942801 0.0946746 0.095858 0.0944773 
0.426431 0.365213 0.408631 0.401756 0.412313 
0.377523 0.317679 0.357116 0.346793 0.360715 
0.422475 0.3754 0.407275 0.4011 0.4243 
0.359863 0.309313 0.343792 0.327693 0.362169 
0.621 0.624 0.619 0.626 0.617 
CWRS algorithm
0.0133136 0.0122288 0.00680473 0.0105523 0.0086785 
0.126212 0.126187 0.0874813 0.0955 0.113519 
0.0920487 0.0991866 0.066502 0.0760539 0.0800729 
0.124675 0.1305 0.09835 0.10255 0.118225 
0.0935999 0.096746 0.0670981 0.0677475 0.0775813 
0.56 0.542 0.536 0.54 0.55 
AROMA algorithm
1 1 1 1 1 
0.455038 0.46595 0.476863 0.481038 0.48885 
0.399737 0.4027 0.418918 0.421725 0.430779 
0.463875 0.460275 0.477625 0.4846 0.49375 
0.394087 0.386716 0.408648 0.41323 0.425231 
0.624 0.592 0.6 0.585 0.615 
2 query
OASIS algorithm
1 1 1 1 1 
0.338213 0.417988 0.322219 0.292162 0.385113 
0.289272 0.373451 0.28025 0.247614 0.342915 
0.34515 0.40895 0.3147 0.273575 0.392275 
0.288382 0.34977 0.268562 0.217265 0.329551 
0.015 0.016 0.017 0.016 0.013 
PAAS algorithm
0.0266272 0.0246548 0.0272189 0.0269231 0.0266272 
0.0380937 0.0522438 0.0584563 0.0990437 0.0477375 
0.031693 0.0406019 0.0504318 0.0753901 0.0469399 
0.039925 0.048575 0.05535 0.08105 0.045525 
0.0359881 0.0300781 0.0450876 0.0447389 0.0364172 
0.006 0.007 0.007 0.007 0.007 
PARS algorithm
0.0307692 0.025641 0.0269231 0.0254438 0.0288955 
0.0442438 0.0668125 0.039 0.0666125 0.0382438 
0.0405918 0.0332578 0.0385449 0.0571513 0.0381938 
0.054625 0.064075 0.0379 0.0627 0.034875 
0.0424879 0.0288943 0.032268 0.053433 0.0343642 
0.007 0.008 0.009 0.008 0.007 
CWS algorithm
1 1 1 1 1 
0.444013 0.461731 0.477525 0.489675 0.469513 
0.38951 0.400388 0.418565 0.438572 0.410682 
0.4454 0.461 0.4667 0.485675 0.47935 
0.377935 0.386631 0.397131 0.42322 0.411225 
1.011 1.009 1 0.994 0.987 
CWAS algorithm
0.016075 0.0176529 0.0188363 0.017357 0.013215 
0.116612 0.157025 0.249262 0.206706 0.133262 
0.0899875 0.135398 0.206795 0.173565 0.11542 
0.12895 0.162725 0.2387 0.1998 0.130525 
0.0953512 0.119336 0.19253 0.155234 0.10377 
0.544 0.556 0.547 0.566 0.564 
CWAS_Adap algorithm
0.0993097 0.0916174 0.0994083 0.0945759 0.0943787 
0.426431 0.368094 0.407706 0.399231 0.412313 
0.377523 0.320812 0.354147 0.344507 0.360715 
0.422475 0.372 0.394925 0.404 0.4243 
0.359863 0.309375 0.32925 0.330376 0.362169 
0.633 0.609 0.646 0.638 0.646 
CWRS algorithm
0.0157791 0.0174556 0.016568 0.0167653 0.0142012 
0.143944 0.180075 0.117681 0.119794 0.120656 
0.0964233 0.151909 0.0910807 0.101341 0.0980543 
0.1407 0.16255 0.120325 0.118525 0.1047 
0.0831349 0.123244 0.0900157 0.08763 0.0768574 
0.543 0.542 0.563 0.57 0.556 
AROMA algorithm
1 1 1 1 1 
0.455038 0.46595 0.476863 0.481038 0.48885 
0.399737 0.4027 0.418918 0.421725 0.430779 
0.463875 0.460275 0.477625 0.4846 0.49375 
0.394087 0.386716 0.408648 0.41323 0.425231 
0.624 0.592 0.6 0.585 0.615 
3 query
OASIS algorithm
1 1 1 1 1 
0.338213 0.417988 0.322219 0.292162 0.385113 
0.289272 0.373451 0.28025 0.247614 0.342915 
0.34515 0.40895 0.3147 0.273575 0.392275 
0.288382 0.34977 0.268562 0.217265 0.329551 
0.015 0.016 0.017 0.016 0.013 
PAAS algorithm
0.0430966 0.0504931 0.0449704 0.0386588 0.0480276 
0.0496562 0.09715 0.06015 0.0380375 0.128319 
0.0455512 0.0771499 0.0517413 0.0375829 0.0965546 
0.049575 0.091675 0.058125 0.038725 0.124525 
0.0436529 0.0627954 0.0348465 0.0379268 0.0859377 
0.008 0.007 0.007 0.009 0.007 
PARS algorithm
0.0404339 0.0508876 0.0453649 0.0368836 0.047929 
0.0394688 0.108806 0.109262 0.0507688 0.10235 
0.0387289 0.0937243 0.0839342 0.0450765 0.0802012 
0.035525 0.110425 0.109275 0.050625 0.09785 
0.035309 0.0813787 0.0755132 0.0404552 0.0748464 
0.007 0.008 0.007 0.008 0.007 
CWS algorithm
1 1 1 1 1 
0.444013 0.461731 0.477525 0.489675 0.469513 
0.38951 0.400388 0.418565 0.438572 0.410682 
0.4454 0.461 0.4667 0.485675 0.47935 
0.377935 0.386631 0.397131 0.42322 0.411225 
1.011 1.009 1 0.994 0.987 
CWAS algorithm
0.0300789 0.0295858 0.0325444 0.0312623 0.033925 
0.242106 0.218356 0.20435 0.277475 0.297269 
0.203184 0.183465 0.157695 0.233414 0.254428 
0.2378 0.21545 0.203525 0.2739 0.295125 
0.189032 0.173457 0.149449 0.214713 0.237906 
0.588 0.571 0.573 0.566 0.569 
CWAS_Adap algorithm
0.100789 0.0920118 0.0997041 0.0965483 0.0949704 
0.417719 0.366163 0.413513 0.399681 0.403056 
0.364285 0.319171 0.369235 0.34445 0.347879 
0.4109 0.369625 0.407025 0.397975 0.422725 
0.345425 0.307501 0.351935 0.321539 0.358433 
0.619 0.625 0.654 0.626 0.629 
CWRS algorithm
0.0293886 0.0281065 0.031854 0.0314596 0.034714 
0.136387 0.154056 0.156406 0.1957 0.163162 
0.113973 0.126992 0.133143 0.145917 0.12615 
0.1363 0.15295 0.1523 0.217775 0.158675 
0.104997 0.106234 0.121186 0.156274 0.107534 
0.563 0.563 0.562 0.556 0.568 
AROMA algorithm
1 1 1 1 1 
0.455038 0.46595 0.476863 0.481038 0.48885 
0.399737 0.4027 0.418918 0.421725 0.430779 
0.463875 0.460275 0.477625 0.4846 0.49375 
0.394087 0.386716 0.408648 0.41323 0.425231 
0.624 0.592 0.6 0.585 0.615 
4 query
OASIS algorithm
1 1 1 1 1 
0.338213 0.417988 0.322219 0.292162 0.385113 
0.289272 0.373451 0.28025 0.247614 0.342915 
0.34515 0.40895 0.3147 0.273575 0.392275 
0.288382 0.34977 0.268562 0.217265 0.329551 
0.015 0.016 0.017 0.016 0.013 
PAAS algorithm
0.0838264 0.0766272 0.0833333 0.0814596 0.0703156 
0.145869 0.131956 0.14875 0.139569 0.15305 
0.118121 0.112208 0.116822 0.097485 0.121319 
0.143825 0.133 0.148425 0.166975 0.135125 
0.107675 0.109069 0.112944 0.107267 0.0943757 
0.008 0.008 0.008 0.011 0.007 
PARS algorithm
0.0851085 0.0733728 0.0851085 0.0816568 0.0712032 
0.123394 0.0662063 0.100181 0.147594 0.0980125 
0.088143 0.0424201 0.0566998 0.129635 0.0698065 
0.12455 0.057725 0.0876 0.14885 0.1103 
0.0706729 0.0309568 0.0449402 0.10898 0.0751513 
0.008 0.009 0.01 0.008 0.007 
CWS algorithm
1 1 1 1 1 
0.444013 0.461731 0.477525 0.489675 0.469513 
0.38951 0.400388 0.418565 0.438572 0.410682 
0.4454 0.461 0.4667 0.485675 0.47935 
0.377935 0.386631 0.397131 0.42322 0.411225 
1.011 1.009 1 0.994 0.987 
CWAS algorithm
0.0556213 0.0565089 0.0542406 0.0462525 0.0512821 
0.28835 0.382956 0.344263 0.356231 0.336 
0.250645 0.328381 0.282673 0.30002 0.284577 
0.286375 0.3537 0.331325 0.351875 0.32035 
0.239496 0.290951 0.258875 0.284053 0.259204 
0.583 0.588 0.592 0.574 0.586 
CWAS_Adap algorithm
0.10069 0.0944773 0.0998028 0.0968442 0.0952663 
0.401294 0.4192 0.397956 0.412044 0.427175 
0.342536 0.372072 0.345159 0.354181 0.374597 
0.39305 0.41935 0.38345 0.411375 0.4381 
0.31798 0.359888 0.314885 0.342064 0.378177 
0.645 0.628 0.633 0.627 0.629 
CWRS algorithm
0.0538462 0.0613412 0.0524655 0.0439842 0.0530572 
0.240425 0.309163 0.225431 0.1906 0.246469 
0.205935 0.259347 0.189709 0.155014 0.197761 
0.238325 0.2976 0.214925 0.196 0.244225 
0.184769 0.236928 0.178267 0.1459 0.189132 
0.575 0.579 0.577 0.574 0.565 
AROMA algorithm
1 1 1 1 1 
0.455038 0.46595 0.476863 0.481038 0.48885 
0.399737 0.4027 0.418918 0.421725 0.430779 
0.463875 0.460275 0.477625 0.4846 0.49375 
0.394087 0.386716 0.408648 0.41323 0.425231 
0.624 0.592 0.6 0.585 0.615 
5 query
OASIS algorithm
1 1 1 1 1 
0.338213 0.417988 0.322219 0.292162 0.385113 
0.289272 0.373451 0.28025 0.247614 0.342915 
0.34515 0.40895 0.3147 0.273575 0.392275 
0.288382 0.34977 0.268562 0.217265 0.329551 
0.015 0.016 0.017 0.016 0.013 
PAAS algorithm
0.126923 0.123471 0.131657 0.143886 0.135108 
0.114531 0.152669 0.202281 0.25755 0.1821 
0.110048 0.131187 0.166567 0.206898 0.151476 
0.119375 0.15215 0.196775 0.255825 0.188825 
0.111042 0.11152 0.14258 0.19602 0.14299 
0.008 0.008 0.009 0.008 0.007 
PARS algorithm
0.132742 0.130473 0.129882 0.138462 0.132544 
0.119562 0.1999 0.108906 0.149131 0.183581 
0.0960379 0.17318 0.0811844 0.108575 0.152111 
0.122525 0.178625 0.121525 0.1514 0.169675 
0.0956834 0.145773 0.0886038 0.105398 0.129477 
0.009 0.009 0.007 0.008 0.008 
CWS algorithm
1 1 1 1 1 
0.444013 0.461731 0.477525 0.489675 0.469513 
0.38951 0.400388 0.418565 0.438572 0.410682 
0.4454 0.461 0.4667 0.485675 0.47935 
0.377935 0.386631 0.397131 0.42322 0.411225 
1.011 1.009 1 0.994 0.987 
CWAS algorithm
0.0835306 0.0808679 0.0845168 0.0848126 0.0860947 
0.410956 0.375913 0.372869 0.372875 0.371663 
0.349445 0.319787 0.313886 0.319312 0.322353 
0.415725 0.356 0.377 0.382875 0.379525 
0.34155 0.284357 0.305515 0.313319 0.320833 
0.596 0.611 0.598 0.595 0.615 
CWAS_Adap algorithm
0.102465 0.0967456 0.0945759 0.101874 0.0959566 
0.403819 0.389256 0.408938 0.406163 0.417969 
0.358622 0.339889 0.350232 0.345704 0.357481 
0.40605 0.399325 0.399575 0.398325 0.427875 
0.344996 0.335333 0.328489 0.328698 0.357902 
0.625 0.625 0.621 0.629 0.618 
CWRS algorithm
0.0864892 0.0801775 0.0827416 0.0844181 0.0858974 
0.32575 0.358613 0.344781 0.253162 0.296794 
0.274467 0.30728 0.301017 0.209809 0.249765 
0.31825 0.339925 0.335125 0.269675 0.2867 
0.251473 0.274277 0.286167 0.216892 0.230658 
0.588 0.578 0.594 0.58 0.59 
AROMA algorithm
1 1 1 1 1 
0.455038 0.46595 0.476863 0.481038 0.48885 
0.399737 0.4027 0.418918 0.421725 0.430779 
0.463875 0.460275 0.477625 0.4846 0.49375 
0.394087 0.386716 0.408648 0.41323 0.425231 
0.624 0.592 0.6 0.585 0.615 
6 query
OASIS algorithm
1 1 1 1 1 
0.338213 0.417988 0.322219 0.292162 0.385113 
0.289272 0.373451 0.28025 0.247614 0.342915 
0.34515 0.40895 0.3147 0.273575 0.392275 
0.288382 0.34977 0.268562 0.217265 0.329551 
0.015 0.016 0.017 0.016 0.013 
PAAS algorithm
0.216568 0.211243 0.210355 0.212919 0.216174 
0.303962 0.2454 0.348138 0.170025 0.193387 
0.263317 0.198037 0.280797 0.140148 0.16462 
0.29945 0.26465 0.333175 0.171675 0.19775 
0.246584 0.18634 0.264336 0.133223 0.149706 
0.008 0.009 0.01 0.01 0.009 
PARS algorithm
0.214004 0.208284 0.205227 0.205523 0.213807 
0.251912 0.275312 0.193075 0.238875 0.173844 
0.217397 0.248389 0.151287 0.201843 0.129676 
0.2507 0.26605 0.212125 0.24725 0.175325 
0.205852 0.198076 0.159775 0.197508 0.137768 
0.01 0.008 0.008 0.008 0.01 
CWS algorithm
1 1 1 1 1 
0.444013 0.461731 0.477525 0.489675 0.469513 
0.38951 0.400388 0.418565 0.438572 0.410682 
0.4454 0.461 0.4667 0.485675 0.47935 
0.377935 0.386631 0.397131 0.42322 0.411225 
1.011 1.009 1 0.994 0.987 
CWAS algorithm
0.137278 0.133531 0.139645 0.133826 0.132347 
0.382381 0.405431 0.410463 0.412275 0.426331 
0.329351 0.354413 0.354781 0.354399 0.372899 
0.3881 0.400625 0.4084 0.4094 0.434025 
0.319399 0.332056 0.348562 0.343673 0.369341 
0.64 0.652 0.663 0.651 0.654 
CWAS_Adap algorithm
0.0993097 0.0957594 0.0953649 0.0984221 0.0963511 
0.404344 0.326425 0.434513 0.413319 0.396225 
0.351326 0.277894 0.38781 0.363571 0.340776 
0.394775 0.344675 0.42155 0.415525 0.418225 
0.328324 0.275711 0.361348 0.348567 0.352281 
0.623 0.611 0.631 0.626 0.631 
CWRS algorithm
0.128107 0.136193 0.148323 0.13501 0.134221 
0.303925 0.317419 0.306681 0.344513 0.335244 
0.264838 0.261767 0.254208 0.298249 0.285554 
0.30255 0.32035 0.299375 0.3562 0.35295 
0.254616 0.250199 0.238651 0.291057 0.280349 
0.611 0.608 0.632 0.623 0.621 
AROMA algorithm
1 1 1 1 1 
0.455038 0.46595 0.476863 0.481038 0.48885 
0.399737 0.4027 0.418918 0.421725 0.430779 
0.463875 0.460275 0.477625 0.4846 0.49375 
0.394087 0.386716 0.408648 0.41323 0.425231 
0.624 0.592 0.6 0.585 0.615 
7 query
OASIS algorithm
1 1 1 1 1 
0.338213 0.417988 0.322219 0.292162 0.385113 
0.289272 0.373451 0.28025 0.247614 0.342915 
0.34515 0.40895 0.3147 0.273575 0.392275 
0.288382 0.34977 0.268562 0.217265 0.329551 
0.015 0.016 0.017 0.016 0.013 
PAAS algorithm
0.294181 0.295266 0.30572 0.292012 0.293097 
0.2776 0.326306 0.331925 0.318363 0.331006 
0.235892 0.273127 0.288047 0.274056 0.295443 
0.26065 0.2866 0.307375 0.3077 0.3232 
0.207533 0.225937 0.256429 0.246535 0.272047 
0.011 0.011 0.009 0.009 0.011 
PARS algorithm
0.281953 0.30217 0.309961 0.294675 0.288067 
0.228037 0.316206 0.2582 0.27365 0.280525 
0.181024 0.268583 0.215323 0.242892 0.254877 
0.238825 0.3006 0.2501 0.27245 0.27515 
0.182568 0.23864 0.195466 0.222571 0.232025 
0.01 0.009 0.009 0.009 0.009 
CWS algorithm
1 1 1 1 1 
0.444013 0.461731 0.477525 0.489675 0.469513 
0.38951 0.400388 0.418565 0.438572 0.410682 
0.4454 0.461 0.4667 0.485675 0.47935 
0.377935 0.386631 0.397131 0.42322 0.411225 
1.011 1.009 1 0.994 0.987 
CWAS algorithm
0.197535 0.197633 0.195365 0.192998 0.200197 
0.422244 0.40245 0.395938 0.432138 0.429063 
0.362942 0.345359 0.338169 0.373463 0.37008 
0.439175 0.41015 0.38945 0.42815 0.43965 
0.367155 0.339272 0.320194 0.354249 0.371373 
0.707 0.706 0.708 0.7 0.706 
CWAS_Adap algorithm
0.0993097 0.0994083 0.0998028 0.0986193 0.0987179 
0.413531 0.40065 0.403019 0.381981 0.400494 
0.355381 0.345444 0.346693 0.334216 0.354582 
0.412275 0.4073 0.3828 0.3854 0.407475 
0.341781 0.33156 0.319252 0.328421 0.349599 
0.632 0.631 0.635 0.631 0.634 
CWRS algorithm
0.196154 0.191815 0.192012 0.18925 0.190828 
0.385088 0.363944 0.392006 0.444981 0.384206 
0.344044 0.30983 0.338929 0.397075 0.3372 
0.38155 0.379725 0.389575 0.432025 0.39695 
0.322466 0.305278 0.320071 0.370793 0.335339 
0.656 0.656 0.66 0.652 0.664 
AROMA algorithm
1 1 1 1 1 
0.455038 0.46595 0.476863 0.481038 0.48885 
0.399737 0.4027 0.418918 0.421725 0.430779 
0.463875 0.460275 0.477625 0.4846 0.49375 
0.394087 0.386716 0.408648 0.41323 0.425231 
0.624 0.592 0.6 0.585 0.615 
8 query
OASIS algorithm
1 1 1 1 1 
0.338213 0.417988 0.322219 0.292162 0.385113 
0.289272 0.373451 0.28025 0.247614 0.342915 
0.34515 0.40895 0.3147 0.273575 0.392275 
0.288382 0.34977 0.268562 0.217265 0.329551 
0.015 0.016 0.017 0.016 0.013 
PAAS algorithm
0.414596 0.406509 0.402367 0.405523 0.411538 
0.303175 0.372412 0.285169 0.273481 0.345112 
0.26225 0.329031 0.242462 0.23342 0.315922 
0.300925 0.3693 0.286575 0.253775 0.340925 
0.246335 0.308069 0.239005 0.206803 0.300639 
0.011 0.01 0.01 0.01 0.01 
PARS algorithm
0.420611 0.410059 0.408876 0.405227 0.408185 
0.314137 0.316919 0.237994 0.283712 0.333888 
0.265441 0.268946 0.204638 0.236806 0.292472 
0.3141 0.307125 0.24325 0.273525 0.341625 
0.259159 0.245321 0.199305 0.218224 0.283483 
0.012 0.011 0.01 0.01 0.01 
CWS algorithm
1 1 1 1 1 
0.444013 0.461731 0.477525 0.489675 0.469513 
0.38951 0.400388 0.418565 0.438572 0.410682 
0.4454 0.461 0.4667 0.485675 0.47935 
0.377935 0.386631 0.397131 0.42322 0.411225 
1.011 1.009 1 0.994 0.987 
CWAS algorithm
0.29497 0.282249 0.287673 0.284122 0.28146 
0.444081 0.438669 0.453138 0.459725 0.411444 
0.387893 0.384648 0.390385 0.403251 0.352082 
0.437975 0.4477 0.439625 0.454325 0.432275 
0.369021 0.379582 0.363313 0.383332 0.361864 
0.764 0.763 0.755 0.76 0.76 
CWAS_Adap algorithm
0.110256 0.112722 0.104931 0.109566 0.103452 
0.418713 0.370681 0.411469 0.387594 0.408194 
0.366981 0.320338 0.352681 0.338175 0.356151 
0.4121 0.366575 0.39685 0.39715 0.41365 
0.354147 0.302098 0.323895 0.33419 0.354747 
0.646 0.645 0.642 0.645 0.637 
CWRS algorithm
0.302959 0.288659 0.285108 0.280966 0.282544 
0.380194 0.431144 0.397506 0.447144 0.405831 
0.330998 0.37526 0.343658 0.390436 0.351419 
0.383375 0.42475 0.391075 0.447225 0.3989 
0.325101 0.346412 0.329538 0.381527 0.336261 
0.707 0.704 0.704 0.689 0.688 
AROMA algorithm
1 1 1 1 1 
0.455038 0.46595 0.476863 0.481038 0.48885 
0.399737 0.4027 0.418918 0.421725 0.430779 
0.463875 0.460275 0.477625 0.4846 0.49375 
0.394087 0.386716 0.408648 0.41323 0.425231 
0.624 0.592 0.6 0.585 0.615 
9 query
OASIS algorithm
1 1 1 1 1 
0.338213 0.417988 0.322219 0.292162 0.385113 
0.289272 0.373451 0.28025 0.247614 0.342915 
0.34515 0.40895 0.3147 0.273575 0.392275 
0.288382 0.34977 0.268562 0.217265 0.329551 
0.015 0.016 0.017 0.016 0.013 
PAAS algorithm
0.536686 0.533333 0.524951 0.529684 0.529783 
0.351444 0.371675 0.244275 0.250369 0.355756 
0.295695 0.331671 0.204597 0.205629 0.313915 
0.3371 0.367625 0.2414 0.243725 0.363525 
0.269772 0.312579 0.197732 0.186071 0.305045 
0.011 0.011 0.01 0.011 0.013 
PARS algorithm
0.539152 0.529191 0.520513 0.524359 0.528107 
0.288 0.356206 0.283906 0.294537 0.331275 
0.25295 0.312303 0.2356 0.251762 0.284625 
0.28175 0.35335 0.273475 0.2935 0.338575 
0.237479 0.29587 0.220017 0.230713 0.27971 
0.011 0.01 0.011 0.011 0.011 
CWS algorithm
1 1 1 1 1 
0.444013 0.461731 0.477525 0.489675 0.469513 
0.38951 0.400388 0.418565 0.438572 0.410682 
0.4454 0.461 0.4667 0.485675 0.47935 
0.377935 0.386631 0.397131 0.42322 0.411225 
1.011 1.009 1 0.994 0.987 
CWAS algorithm
0.404635 0.39931 0.396252 0.390335 0.399112 
0.439663 0.444363 0.436663 0.471013 0.451475 
0.384337 0.381384 0.380484 0.42157 0.398975 
0.440675 0.44635 0.42365 0.4522 0.458075 
0.371644 0.369586 0.355776 0.386295 0.398351 
0.808 0.822 0.812 0.811 0.84 
CWAS_Adap algorithm
0.122682 0.122485 0.115779 0.119921 0.119921 
0.402725 0.384475 0.424944 0.397731 0.430031 
0.344542 0.329834 0.368167 0.347619 0.378883 
0.401475 0.3868 0.416225 0.39535 0.44655 
0.333741 0.317023 0.348637 0.331606 0.390105 
0.646 0.649 0.65 0.674 0.652 
CWRS algorithm
0.407988 0.395661 0.397732 0.387968 0.402564 
0.414138 0.400238 0.43605 0.407519 0.41975 
0.366637 0.351246 0.379852 0.357231 0.366189 
0.40645 0.395775 0.410225 0.421875 0.42595 
0.349537 0.328134 0.341769 0.353509 0.359966 
0.749 0.723 0.746 0.73 0.755 
AROMA algorithm
1 1 1 1 1 
0.455038 0.46595 0.476863 0.481038 0.48885 
0.399737 0.4027 0.418918 0.421725 0.430779 
0.463875 0.460275 0.477625 0.4846 0.49375 
0.394087 0.386716 0.408648 0.41323 0.425231 
0.624 0.592 0.6 0.585 0.615 
10 query
OASIS algorithm
1 1 1 1 1 
0.338213 0.417988 0.322219 0.292162 0.385113 
0.289272 0.373451 0.28025 0.247614 0.342915 
0.34515 0.40895 0.3147 0.273575 0.392275 
0.288382 0.34977 0.268562 0.217265 0.329551 
0.015 0.016 0.017 0.016 0.013 
PAAS algorithm
0.650296 0.650888 0.644675 0.646055 0.644477 
0.345188 0.4287 0.34625 0.244869 0.347006 
0.30039 0.379708 0.306283 0.20111 0.310481 
0.3359 0.407975 0.32155 0.247025 0.3434 
0.279473 0.348569 0.272299 0.191539 0.287051 
0.01 0.012 0.012 0.013 0.011 
PARS algorithm
0.651775 0.642209 0.64497 0.636884 0.637771 
0.318756 0.375244 0.249562 0.254512 0.315506 
0.271913 0.330568 0.212568 0.212601 0.278744 
0.3191 0.368125 0.25035 0.247175 0.307 
0.257206 0.306342 0.207183 0.193683 0.253231 
0.011 0.011 0.011 0.011 0.011 
CWS algorithm
1 1 1 1 1 
0.444013 0.461731 0.477525 0.489675 0.469513 
0.38951 0.400388 0.418565 0.438572 0.410682 
0.4454 0.461 0.4667 0.485675 0.47935 
0.377935 0.386631 0.397131 0.42322 0.411225 
1.011 1.009 1 0.994 0.987 
CWAS algorithm
0.521893 0.512919 0.512623 0.505523 0.513116 
0.449969 0.418963 0.480631 0.474094 0.463231 
0.395752 0.355334 0.421323 0.415768 0.408562 
0.450025 0.424375 0.456175 0.474475 0.461075 
0.386152 0.344924 0.387034 0.401809 0.398475 
0.865 0.866 0.863 0.873 0.86 
CWAS_Adap algorithm
0.148028 0.153649 0.14931 0.150789 0.153846 
0.456794 0.362319 0.446775 0.419194 0.443113 
0.403696 0.313158 0.391367 0.365716 0.390839 
0.45175 0.365425 0.43655 0.407625 0.451525 
0.383224 0.298138 0.367271 0.340291 0.390199 
0.675 0.67 0.672 0.668 0.676 
CWRS algorithm
0.520118 0.51213 0.517061 0.513215 0.510947 
0.455844 0.430669 0.474213 0.425725 0.432275 
0.402114 0.380695 0.411088 0.375121 0.377497 
0.439425 0.429775 0.46775 0.413725 0.43575 
0.375723 0.366777 0.395193 0.349095 0.366359 
0.803 0.793 0.802 0.793 0.79 
AROMA algorithm
1 1 1 1 1 
0.455038 0.46595 0.476863 0.481038 0.48885 
0.399737 0.4027 0.418918 0.421725 0.430779 
0.463875 0.460275 0.477625 0.4846 0.49375 
0.394087 0.386716 0.408648 0.41323 0.425231 
0.624 0.592 0.6 0.585 0.615 
11 query
OASIS algorithm
1 1 1 1 1 
0.338213 0.417988 0.322219 0.292162 0.385113 
0.289272 0.373451 0.28025 0.247614 0.342915 
0.34515 0.40895 0.3147 0.273575 0.392275 
0.288382 0.34977 0.268562 0.217265 0.329551 
0.015 0.016 0.017 0.016 0.013 
PAAS algorithm
0.767751 0.758974 0.761243 0.764497 0.75641 
0.347012 0.406606 0.375813 0.307794 0.367906 
0.299891 0.366703 0.324979 0.258654 0.326383 
0.35175 0.400625 0.343675 0.290875 0.381725 
0.294048 0.340781 0.292982 0.229784 0.316658 
0.012 0.015 0.012 0.012 0.012 
PARS algorithm
0.76785 0.756509 0.761736 0.770316 0.753353 
0.297675 0.38645 0.407756 0.300106 0.370319 
0.260395 0.337248 0.357494 0.250327 0.333206 
0.303825 0.376975 0.376275 0.287975 0.36715 
0.253135 0.316555 0.319594 0.22378 0.310908 
0.013 0.012 0.012 0.012 0.014 
CWS algorithm
1 1 1 1 1 
0.444013 0.461731 0.477525 0.489675 0.469513 
0.38951 0.400388 0.418565 0.438572 0.410682 
0.4454 0.461 0.4667 0.485675 0.47935 
0.377935 0.386631 0.397131 0.42322 0.411225 
1.011 1.009 1 0.994 0.987 
CWAS algorithm
0.656903 0.649408 0.645069 0.651677 0.65286 
0.437219 0.441925 0.462275 0.475694 0.460025 
0.380434 0.380268 0.405754 0.423146 0.399146 
0.44155 0.4481 0.4549 0.46855 0.47135 
0.374016 0.370791 0.388505 0.405329 0.397788 
0.932 0.913 0.912 0.914 0.931 
CWAS_Adap algorithm
0.213116 0.224852 0.207396 0.213708 0.214004 
0.383344 0.448656 0.444225 0.435656 0.452156 
0.339234 0.397226 0.389487 0.390025 0.397508 
0.382225 0.44585 0.4383 0.422775 0.456625 
0.321963 0.381267 0.368455 0.358646 0.395217 
0.716 0.739 0.713 0.749 0.726 
CWRS algorithm
0.660355 0.652564 0.635602 0.652761 0.653452 
0.448706 0.454656 0.477781 0.455594 0.434563 
0.393394 0.402479 0.42202 0.401404 0.37827 
0.452875 0.455575 0.458925 0.450725 0.444975 
0.388693 0.38671 0.392347 0.387477 0.378572 
0.866 0.835 0.865 0.861 0.866 
AROMA algorithm
1 1 1 1 1 
0.455038 0.46595 0.476863 0.481038 0.48885 
0.399737 0.4027 0.418918 0.421725 0.430779 
0.463875 0.460275 0.477625 0.4846 0.49375 
0.394087 0.386716 0.408648 0.41323 0.425231 
0.624 0.592 0.6 0.585 0.615 
12 query
OASIS algorithm
1 1 1 1 1 
0.338213 0.417988 0.322219 0.292162 0.385113 
0.289272 0.373451 0.28025 0.247614 0.342915 
0.34515 0.40895 0.3147 0.273575 0.392275 
0.288382 0.34977 0.268562 0.217265 0.329551 
0.015 0.016 0.017 0.016 0.013 
PAAS algorithm
0.856213 0.848915 0.851578 0.845858 0.858087 
0.330056 0.406506 0.316263 0.304575 0.378219 
0.285409 0.355992 0.272913 0.257969 0.335281 
0.341375 0.384375 0.30225 0.28935 0.380725 
0.284418 0.327116 0.252011 0.229963 0.319662 
0.012 0.013 0.012 0.013 0.012 
PARS algorithm
0.850394 0.850493 0.845365 0.844083 0.858284 
0.322206 0.41175 0.28545 0.299219 0.363294 
0.276906 0.366987 0.244871 0.25356 0.323177 
0.3283 0.3953 0.271775 0.292875 0.364575 
0.270469 0.337607 0.22401 0.237301 0.29813 
0.013 0.012 0.014 0.012 0.012 
CWS algorithm
1 1 1 1 1 
0.444013 0.461731 0.477525 0.489675 0.469513 
0.38951 0.400388 0.418565 0.438572 0.410682 
0.4454 0.461 0.4667 0.485675 0.47935 
0.377935 0.386631 0.397131 0.42322 0.411225 
1.011 1.009 1 0.994 0.987 
CWAS algorithm
0.785207 0.780375 0.768836 0.771006 0.771302 
0.450438 0.4505 0.48945 0.481944 0.463069 
0.398659 0.390432 0.429456 0.428952 0.40447 
0.446225 0.451075 0.475325 0.481175 0.47755 
0.382128 0.377568 0.403551 0.414177 0.410319 
0.964 0.978 0.959 0.954 0.971 
CWAS_Adap algorithm
0.323669 0.330276 0.313116 0.313807 0.313412 
0.450056 0.464075 0.469813 0.463469 0.437775 
0.398626 0.404441 0.404966 0.408821 0.376091 
0.455675 0.45805 0.44915 0.46415 0.439725 
0.393454 0.386411 0.379454 0.396902 0.371629 
0.803 0.803 0.799 0.774 0.786 
CWRS algorithm
0.783333 0.776627 0.767061 0.766765 0.770414 
0.455631 0.443769 0.473156 0.500281 0.456256 
0.403093 0.388252 0.411761 0.446007 0.399455 
0.456825 0.443975 0.451375 0.4925 0.453025 
0.394197 0.371974 0.38148 0.42843 0.387615 
0.914 0.907 0.917 0.898 0.915 
AROMA algorithm
1 1 1 1 1 
0.455038 0.46595 0.476863 0.481038 0.48885 
0.399737 0.4027 0.418918 0.421725 0.430779 
0.463875 0.460275 0.477625 0.4846 0.49375 
0.394087 0.386716 0.408648 0.41323 0.425231 
0.624 0.592 0.6 0.585 0.615 
13 query
OASIS algorithm
1 1 1 1 1 
0.338213 0.417988 0.322219 0.292162 0.385113 
0.289272 0.373451 0.28025 0.247614 0.342915 
0.34515 0.40895 0.3147 0.273575 0.392275 
0.288382 0.34977 0.268562 0.217265 0.329551 
0.015 0.016 0.017 0.016 0.013 
PAAS algorithm
0.919921 0.9143 0.91075 0.917258 0.911538 
0.333163 0.44005 0.330481 0.296088 0.373763 
0.284063 0.394697 0.284848 0.253331 0.330914 
0.337725 0.422325 0.327825 0.27775 0.38325 
0.278853 0.365728 0.278421 0.222531 0.318584 
0.013 0.018 0.013 0.014 0.015 
PARS algorithm
0.924655 0.913511 0.910158 0.911834 0.908679 
0.336663 0.411244 0.307013 0.293031 0.382406 
0.287155 0.365906 0.266223 0.251183 0.339282 
0.3431 0.398475 0.30275 0.27655 0.38215 
0.285295 0.337522 0.254959 0.218465 0.321366 
0.013 0.012 0.012 0.014 0.013 
CWS algorithm
1 1 1 1 1 
0.444013 0.461731 0.477525 0.489675 0.469513 
0.38951 0.400388 0.418565 0.438572 0.410682 
0.4454 0.461 0.4667 0.485675 0.47935 
0.377935 0.386631 0.397131 0.42322 0.411225 
1.011 1.009 1 0.994 0.987 
CWAS algorithm
0.862623 0.862722 0.864694 0.861736 0.858087 
0.455494 0.465344 0.486088 0.471881 0.468263 
0.403442 0.405895 0.421401 0.41986 0.409267 
0.46005 0.4649 0.473625 0.466275 0.467775 
0.396704 0.389089 0.40253 0.401578 0.403301 
1.026 0.968 0.974 0.994 0.978 
CWAS_Adap algorithm
0.470513 0.47712 0.474458 0.468047 0.483235 
0.440613 0.44245 0.489294 0.461219 0.450238 
0.39073 0.38722 0.421462 0.401666 0.391016 
0.449575 0.441 0.473475 0.45755 0.4629 
0.384773 0.373858 0.397734 0.388824 0.396858 
0.852 0.884 0.862 0.874 0.872 
CWRS algorithm
0.857396 0.861637 0.862722 0.861144 0.855621 
0.448069 0.443875 0.480706 0.480262 0.472519 
0.393998 0.387017 0.420865 0.426039 0.41366 
0.4467 0.44195 0.4652 0.47345 0.48635 
0.381454 0.370585 0.395586 0.409261 0.422289 
0.976 0.945 0.931 0.924 0.943 
AROMA algorithm
1 1 1 1 1 
0.455038 0.46595 0.476863 0.481038 0.48885 
0.399737 0.4027 0.418918 0.421725 0.430779 
0.463875 0.460275 0.477625 0.4846 0.49375 
0.394087 0.386716 0.408648 0.41323 0.425231 
0.624 0.592 0.6 0.585 0.615 
14 query
OASIS algorithm
1 1 1 1 1 
0.338213 0.417988 0.322219 0.292162 0.385113 
0.289272 0.373451 0.28025 0.247614 0.342915 
0.34515 0.40895 0.3147 0.273575 0.392275 
0.288382 0.34977 0.268562 0.217265 0.329551 
0.015 0.016 0.017 0.016 0.013 
PAAS algorithm
0.956805 0.950789 0.952663 0.953945 0.952663 
0.337525 0.4163 0.324688 0.312775 0.380281 
0.294525 0.371142 0.281022 0.269046 0.337598 
0.34515 0.406125 0.317075 0.288925 0.385325 
0.28996 0.347049 0.268886 0.235116 0.322979 
0.013 0.016 0.013 0.013 0.013 
PARS algorithm
0.956213 0.951677 0.953945 0.954043 0.946252 
0.338656 0.420888 0.337887 0.286763 0.386481 
0.290799 0.373609 0.294074 0.243771 0.34383 
0.347425 0.4106 0.324375 0.26745 0.3877 
0.290341 0.349234 0.276072 0.214601 0.326197 
0.013 0.012 0.013 0.013 0.013 
CWS algorithm
1 1 1 1 1 
0.444013 0.461731 0.477525 0.489675 0.469513 
0.38951 0.400388 0.418565 0.438572 0.410682 
0.4454 0.461 0.4667 0.485675 0.47935 
0.377935 0.386631 0.397131 0.42322 0.411225 
1.011 1.009 1 0.994 0.987 
CWAS algorithm
0.923274 0.922189 0.922584 0.91854 0.920907 
0.441875 0.458519 0.471006 0.482313 0.47235 
0.385712 0.396767 0.412322 0.428663 0.411891 
0.444325 0.459975 0.462675 0.479125 0.48575 
0.379081 0.384674 0.391851 0.413294 0.419807 
1.008 0.985 0.974 0.986 0.988 
CWAS_Adap algorithm
0.67357 0.671499 0.65572 0.661933 0.673373 
0.436944 0.457863 0.470744 0.480875 0.447913 
0.382027 0.397873 0.411488 0.427963 0.387136 
0.4448 0.458675 0.45825 0.479 0.461225 
0.376578 0.383606 0.3888 0.411893 0.395014 
0.926 0.918 0.933 0.922 0.954 
CWRS algorithm
0.924852 0.921006 0.921006 0.915779 0.922682 
0.442969 0.457731 0.463919 0.478763 0.458894 
0.386934 0.400069 0.403089 0.423392 0.39967 
0.446375 0.457725 0.45225 0.473775 0.469625 
0.378964 0.385987 0.381022 0.409233 0.40226 
0.985 0.951 0.968 0.969 0.992 
AROMA algorithm
1 1 1 1 1 
0.455038 0.46595 0.476863 0.481038 0.48885 
0.399737 0.4027 0.418918 0.421725 0.430779 
0.463875 0.460275 0.477625 0.4846 0.49375 
0.394087 0.386716 0.408648 0.41323 0.425231 
0.624 0.592 0.6 0.585 0.615 
15 query
OASIS algorithm
1 1 1 1 1 
0.338213 0.417988 0.322219 0.292162 0.385113 
0.289272 0.373451 0.28025 0.247614 0.342915 
0.34515 0.40895 0.3147 0.273575 0.392275 
0.288382 0.34977 0.268562 0.217265 0.329551 
0.015 0.016 0.017 0.016 0.013 
PAAS algorithm
0.977022 0.975838 0.978107 0.97426 0.976529 
0.337975 0.418438 0.320144 0.290981 0.385069 
0.288907 0.373926 0.278828 0.24669 0.343208 
0.34305 0.411075 0.311075 0.275975 0.386275 
0.286347 0.35078 0.263997 0.219516 0.324753 
0.013 0.013 0.013 0.014 0.013 
PARS algorithm
0.97574 0.972584 0.977515 0.977712 0.978402 
0.347963 0.40775 0.335963 0.287975 0.3816 
0.299959 0.363563 0.291406 0.24351 0.341074 
0.350525 0.401 0.320875 0.269375 0.3893 
0.29328 0.3411 0.272367 0.214911 0.326495 
0.014 0.013 0.014 0.014 0.012 
CWS algorithm
1 1 1 1 1 
0.444013 0.461731 0.477525 0.489675 0.469513 
0.38951 0.400388 0.418565 0.438572 0.410682 
0.4454 0.461 0.4667 0.485675 0.47935 
0.377935 0.386631 0.397131 0.42322 0.411225 
1.011 1.009 1 0.994 0.987 
CWAS algorithm
0.959961 0.960355 0.959172 0.957002 0.956114 
0.444719 0.465144 0.481488 0.478988 0.458981 
0.38951 0.405524 0.420414 0.42575 0.395758 
0.44505 0.45965 0.469375 0.476 0.46965 
0.37835 0.386224 0.400513 0.409376 0.399672 
1.013 0.998 0.999 0.965 1.005 
CWAS_Adap algorithm
0.832544 0.836391 0.831657 0.822387 0.833235 
0.446288 0.458644 0.47995 0.475513 0.473231 
0.389692 0.399341 0.418522 0.421559 0.414772 
0.448475 0.4566 0.468925 0.47185 0.479425 
0.381196 0.3823 0.3971 0.407586 0.414068 
0.971 0.979 0.97 0.954 0.973 
CWRS algorithm
0.961933 0.963708 0.957298 0.956903 0.957396 
0.4526 0.455719 0.46455 0.473894 0.46185 
0.398836 0.395458 0.403375 0.421122 0.401594 
0.454025 0.456825 0.4486 0.471725 0.470225 
0.386893 0.381871 0.37852 0.407392 0.403339 
1.009 0.977 0.99 0.958 0.985 
AROMA algorithm
1 1 1 1 1 
0.455038 0.46595 0.476863 0.481038 0.48885 
0.399737 0.4027 0.418918 0.421725 0.430779 
0.463875 0.460275 0.477625 0.4846 0.49375 
0.394087 0.386716 0.408648 0.41323 0.425231 
0.624 0.592 0.6 0.585 0.615 
16 query
OASIS algorithm
1 1 1 1 1 
0.338213 0.417988 0.322219 0.292162 0.385113 
0.289272 0.373451 0.28025 0.247614 0.342915 
0.34515 0.40895 0.3147 0.273575 0.392275 
0.288382 0.34977 0.268562 0.217265 0.329551 
0.015 0.016 0.017 0.016 0.013 
PAAS algorithm
0.989349 0.985306 0.986193 0.988264 0.987475 
0.341694 0.419231 0.321194 0.295244 0.38555 
0.293911 0.373446 0.277838 0.250174 0.342558 
0.34565 0.411 0.313625 0.2748 0.39325 
0.29023 0.351515 0.267267 0.218392 0.330814 
0.015 0.013 0.013 0.014 0.013 
PARS algorithm
0.989349 0.985207 0.986489 0.988462 0.98925 
0.342994 0.4207 0.322719 0.289281 0.384231 
0.293864 0.375453 0.280056 0.245809 0.34212 
0.3474 0.4111 0.314475 0.26905 0.390075 
0.290714 0.351282 0.266738 0.214953 0.327714 
0.013 0.013 0.014 0.014 0.012 
CWS algorithm
1 1 1 1 1 
0.444013 0.461731 0.477525 0.489675 0.469513 
0.38951 0.400388 0.418565 0.438572 0.410682 
0.4454 0.461 0.4667 0.485675 0.47935 
0.377935 0.386631 0.397131 0.42322 0.411225 
1.011 1.009 1 0.994 0.987 
CWAS algorithm
0.978501 0.979783 0.980769 0.978797 0.980276 
0.443688 0.4635 0.483125 0.488906 0.468994 
0.387803 0.402357 0.423221 0.437747 0.411003 
0.4488 0.4587 0.472975 0.484475 0.478275 
0.381107 0.384935 0.40236 0.42111 0.411627 
1.001 0.997 0.979 0.995 1.011 
CWAS_Adap algorithm
0.922781 0.926824 0.92071 0.925345 0.923274 
0.448313 0.46805 0.482188 0.483481 0.463244 
0.391255 0.406884 0.419659 0.429483 0.405621 
0.451725 0.46465 0.470025 0.480275 0.472925 
0.383201 0.390101 0.397128 0.412875 0.405796 
0.984 0.974 0.985 0.976 1.009 
CWRS algorithm
0.976726 0.980868 0.982643 0.97998 0.981164 
0.439438 0.458744 0.476763 0.480338 0.45765 
0.38351 0.396778 0.416896 0.427693 0.399417 
0.4402 0.457525 0.467225 0.477275 0.46745 
0.373192 0.381663 0.397284 0.414306 0.399034 
0.99 0.989 0.98 0.989 1.001 
AROMA algorithm
1 1 1 1 1 
0.455038 0.46595 0.476863 0.481038 0.48885 
0.399737 0.4027 0.418918 0.421725 0.430779 
0.463875 0.460275 0.477625 0.4846 0.49375 
0.394087 0.386716 0.408648 0.41323 0.425231 
0.624 0.592 0.6 0.585 0.615 
17 query
OASIS algorithm
1 1 1 1 1 
0.338213 0.417988 0.322219 0.292162 0.385113 
0.289272 0.373451 0.28025 0.247614 0.342915 
0.34515 0.40895 0.3147 0.273575 0.392275 
0.288382 0.34977 0.268562 0.217265 0.329551 
0.015 0.016 0.017 0.016 0.013 
PAAS algorithm
0.993886 0.993984 0.99359 0.993886 0.992604 
0.340044 0.418775 0.321125 0.297931 0.386306 
0.291836 0.373296 0.279186 0.253742 0.343981 
0.346775 0.407075 0.314125 0.27605 0.39245 
0.29056 0.348965 0.267854 0.220811 0.329837 
0.013 0.013 0.014 0.014 0.012 
PARS algorithm
0.99428 0.993393 0.994379 0.994083 0.99359 
0.338031 0.420581 0.332275 0.292837 0.384975 
0.289978 0.375318 0.287954 0.247923 0.343178 
0.34655 0.411175 0.322525 0.274025 0.392375 
0.289873 0.351285 0.274781 0.217249 0.32943 
0.013 0.015 0.012 0.013 0.015 
CWS algorithm
1 1 1 1 1 
0.444013 0.461731 0.477525 0.489675 0.469513 
0.38951 0.400388 0.418565 0.438572 0.410682 
0.4454 0.461 0.4667 0.485675 0.47935 
0.377935 0.386631 0.397131 0.42322 0.411225 
1.011 1.009 1 0.994 0.987 
CWAS algorithm
0.988067 0.988166 0.989152 0.988067 0.989152 
0.444388 0.463538 0.476713 0.490794 0.466888 
0.389068 0.402982 0.417219 0.437744 0.407741 
0.44695 0.462225 0.466375 0.4859 0.47775 
0.379068 0.389029 0.397721 0.422886 0.409727 
1.009 1.004 1.01 0.975 1.055 
CWAS_Adap algorithm
0.971696 0.972781 0.968935 0.970611 0.972091 
0.446069 0.468288 0.48195 0.482031 0.468794 
0.391677 0.406443 0.421123 0.429797 0.410687 
0.448675 0.46505 0.470725 0.4765 0.47895 
0.380445 0.391683 0.40176 0.411596 0.412046 
1.004 1.022 1.006 1.019 1.046 
CWRS algorithm
0.987673 0.988757 0.989053 0.987278 0.988955 
0.454788 0.466019 0.475119 0.493756 0.4703 
0.400392 0.404935 0.4161 0.442636 0.411825 
0.4573 0.464575 0.46295 0.488325 0.4802 
0.392615 0.390914 0.395625 0.424976 0.410909 
1.01 0.996 1.007 1.032 1.038 
AROMA algorithm
1 1 1 1 1 
0.455038 0.46595 0.476863 0.481038 0.48885 
0.399737 0.4027 0.418918 0.421725 0.430779 
0.463875 0.460275 0.477625 0.4846 0.49375 
0.394087 0.386716 0.408648 0.41323 0.425231 
0.624 0.592 0.6 0.585 0.615 
18 query
OASIS algorithm
1 1 1 1 1 
0.338213 0.417988 0.322219 0.292162 0.385113 
0.289272 0.373451 0.28025 0.247614 0.342915 
0.34515 0.40895 0.3147 0.273575 0.392275 
0.288382 0.34977 0.268562 0.217265 0.329551 
0.015 0.016 0.017 0.016 0.013 
PAAS algorithm
0.996548 0.995562 0.996548 0.997337 0.997436 
0.336969 0.411919 0.323844 0.2912 0.380881 
0.287638 0.368472 0.282187 0.24691 0.339895 
0.3438 0.40545 0.316525 0.273525 0.389175 
0.286832 0.345114 0.270089 0.21716 0.326262 
0.015 0.012 0.012 0.013 0.013 
PARS algorithm
0.994379 0.995365 0.996647 0.996154 0.996943 
0.338069 0.411344 0.310994 0.292869 0.384325 
0.289761 0.366674 0.269387 0.248217 0.34227 
0.345525 0.40255 0.306775 0.272925 0.3919 
0.289069 0.343567 0.259827 0.21692 0.329645 
0.013 0.013 0.012 0.012 0.012 
CWS algorithm
1 1 1 1 1 
0.444013 0.461731 0.477525 0.489675 0.469513 
0.38951 0.400388 0.418565 0.438572 0.410682 
0.4454 0.461 0.4667 0.485675 0.47935 
0.377935 0.386631 0.397131 0.42322 0.411225 
1.011 1.009 1 0.994 0.987 
CWAS algorithm
0.993491 0.995562 0.994379 0.994675 0.994872 
0.443213 0.46205 0.477994 0.486831 0.464706 
0.388203 0.400612 0.418842 0.435642 0.406275 
0.4454 0.46215 0.46655 0.484325 0.4751 
0.3774 0.388261 0.398465 0.420955 0.408565 
1.041 0.986 0.979 0.967 0.981 
CWAS_Adap algorithm
0.991913 0.98925 0.989349 0.989349 0.990039 
0.445419 0.464538 0.473825 0.48055 0.468088 
0.391377 0.403855 0.415589 0.428503 0.40966 
0.4491 0.463125 0.4657 0.4802 0.478825 
0.382638 0.389435 0.397586 0.416994 0.410247 
1.053 0.985 0.987 0.958 0.988 
CWRS algorithm
0.99428 0.996154 0.993984 0.99359 0.995266 
0.443531 0.461331 0.483219 0.484431 0.465275 
0.388658 0.400343 0.423255 0.432864 0.406653 
0.4465 0.459375 0.470575 0.478925 0.477925 
0.378581 0.385113 0.401798 0.415633 0.40973 
1.046 0.984 0.983 0.968 0.978 
AROMA algorithm
1 1 1 1 1 
0.455038 0.46595 0.476863 0.481038 0.48885 
0.399737 0.4027 0.418918 0.421725 0.430779 
0.463875 0.460275 0.477625 0.4846 0.49375 
0.394087 0.386716 0.408648 0.41323 0.425231 
0.624 0.592 0.6 0.585 0.615 
19 query
OASIS algorithm
1 1 1 1 1 
0.338213 0.417988 0.322219 0.292162 0.385113 
0.289272 0.373451 0.28025 0.247614 0.342915 
0.34515 0.40895 0.3147 0.273575 0.392275 
0.288382 0.34977 0.268562 0.217265 0.329551 
0.015 0.016 0.017 0.016 0.013 
PAAS algorithm
0.998126 0.998225 0.998225 0.998718 0.998225 
0.338906 0.417163 0.322781 0.292331 0.385406 
0.289948 0.372501 0.280796 0.247855 0.34324 
0.345125 0.408975 0.3158 0.273375 0.392275 
0.288596 0.348971 0.269174 0.216854 0.329614 
0.013 0.013 0.013 0.013 0.013 
PARS algorithm
0.998028 0.998126 0.998521 0.998718 0.998521 
0.338775 0.418144 0.314781 0.292925 0.386038 
0.289715 0.373364 0.273597 0.248125 0.343621 
0.34565 0.409325 0.309875 0.273175 0.392875 
0.288884 0.350328 0.264435 0.216575 0.330062 
0.014 0.014 0.014 0.012 0.013 
CWS algorithm
1 1 1 1 1 
0.444013 0.461731 0.477525 0.489675 0.469513 
0.38951 0.400388 0.418565 0.438572 0.410682 
0.4454 0.461 0.4667 0.485675 0.47935 
0.377935 0.386631 0.397131 0.42322 0.411225 
1.011 1.009 1 0.994 0.987 
CWAS algorithm
0.996647 0.997239 0.996154 0.997041 0.997239 
0.442338 0.463463 0.478788 0.490238 0.467488 
0.388198 0.402485 0.419758 0.439022 0.408577 
0.446325 0.462275 0.468375 0.486675 0.478125 
0.379828 0.388046 0.3992 0.423543 0.410551 
0.988 0.982 0.989 0.945 0.987 
CWAS_Adap algorithm
0.99783 0.995266 0.997535 0.997436 0.995661 
0.445081 0.460594 0.477863 0.489844 0.466606 
0.390883 0.399498 0.418951 0.438533 0.406713 
0.447 0.46065 0.46715 0.48615 0.47805 
0.378966 0.386206 0.398157 0.42293 0.40779 
0.985 0.985 0.983 0.964 0.983 
CWRS algorithm
0.99645 0.996647 0.995858 0.996351 0.99783 
0.442713 0.459206 0.475938 0.490438 0.469425 
0.388597 0.398085 0.417597 0.43906 0.410309 
0.4453 0.459575 0.465925 0.485825 0.4802 
0.377354 0.384374 0.398221 0.422503 0.412416 
0.991 0.981 0.994 0.963 0.974 
AROMA algorithm
1 1 1 1 1 
0.455038 0.46595 0.476863 0.481038 0.48885 
0.399737 0.4027 0.418918 0.421725 0.430779 
0.463875 0.460275 0.477625 0.4846 0.49375 
0.394087 0.386716 0.408648 0.41323 0.425231 
0.624 0.592 0.6 0.585 0.615 
