0 query
OASIS algorithm
1 1 1 1 1 
0.666826 0.593904 0.561276 0.657694 0.53032 
0.565056 0.508401 0.47013 0.569147 0.426491 
0.713376 0.641811 0.599363 0.672611 0.57252 
0.641929 0.559262 0.505408 0.578474 0.472748 
0.017 0.019 0.016 0.022 0.02 
PAAS algorithm
0.0300332 0.0288462 0.0284307 0.0300332 0.0308642 
0.535028 0.707597 0.558854 0.323985 0.528943 
0.460893 0.66514 0.491242 0.273806 0.432408 
0.565514 0.733348 0.610146 0.408189 0.500455 
0.499568 0.687144 0.519852 0.334686 0.390617 
0.009 0.008 0.009 0.009 0.01 
PARS algorithm
0.0296178 0.0275997 0.0281933 0.0292023 0.0312203 
0.349119 0.479757 0.307199 0.225987 0.27796 
0.314316 0.435175 0.241567 0.187661 0.265855 
0.383894 0.46697 0.35687 0.249454 0.274841 
0.343374 0.398164 0.254344 0.205275 0.249049 
0.009 0.009 0.015 0.013 0.01 
CWS algorithm
1 1 1 1 1 
0.688138 0.686535 0.695838 0.660707 0.700591 
0.606661 0.59812 0.61574 0.582708 0.624421 
0.748772 0.751547 0.727753 0.73485 0.723157 
0.677135 0.673527 0.649191 0.64938 0.63854 
1.391 1.38 1.385 1.404 1.401 
CWAS algorithm
0.00462963 0.00546059 0.0049264 0.00581671 0.00510446 
0.224224 0.271671 0.23753 0.273968 0.305732 
0.167291 0.222078 0.171298 0.209113 0.248355 
0.305505 0.298499 0.265969 0.286806 0.305005 
0.246552 0.246975 0.192017 0.192817 0.245754 
0.953 0.945 0.948 0.951 0.948 
CWAS_Adap algorithm
0.0538343 0.0584639 0.0477208 0.0567426 0.0572175 
0.679609 0.605652 0.675355 0.590151 0.580314 
0.605654 0.513308 0.57909 0.512319 0.483176 
0.731529 0.692948 0.722566 0.667197 0.632166 
0.656225 0.612536 0.63252 0.585531 0.512952 
1.04 1.036 1.028 1.043 1.042 
CWRS algorithm
0.00379867 0.00457028 0.00534188 0.00551994 0.00504511 
0.206141 0.285386 0.13886 0.239065 0.148118 
0.134316 0.230891 0.103857 0.211724 0.117126 
0.195041 0.302912 0.177662 0.221565 0.129936 
0.11613 0.235023 0.143001 0.170887 0.0959822 
0.95 0.949 0.955 0.961 0.95 
AROMA algorithm
1 1 1 1 1 
0.71201 0.704197 0.717184 0.687342 0.711532 
0.63374 0.613193 0.633905 0.602885 0.626404 
0.742721 0.770246 0.742948 0.738899 0.74313 
0.670648 0.69698 0.656548 0.653798 0.667085 
0.772 0.774 0.738 0.77 0.792 
1 query
OASIS algorithm
1 1 1 1 1 
0.666826 0.593904 0.561276 0.657694 0.53032 
0.565056 0.508401 0.47013 0.569147 0.426491 
0.713376 0.641811 0.599363 0.672611 0.57252 
0.641929 0.559262 0.505408 0.578474 0.472748 
0.017 0.019 0.016 0.022 0.02 
PAAS algorithm
0.0392925 0.0387583 0.0406576 0.0423789 0.0416073 
0.587627 0.617866 0.569453 0.643637 0.53463 
0.513056 0.567176 0.516261 0.56841 0.479027 
0.617334 0.625978 0.569791 0.650728 0.609782 
0.553689 0.561576 0.49538 0.583533 0.545118 
0.014 0.01 0.009 0.009 0.009 
PARS algorithm
0.0392925 0.0378086 0.0427944 0.0416073 0.0414292 
0.449335 0.436666 0.425384 0.456272 0.350779 
0.416682 0.383157 0.34847 0.388085 0.300158 
0.444722 0.486078 0.545996 0.473203 0.389172 
0.402056 0.426609 0.467257 0.378362 0.333381 
0.012 0.014 0.009 0.009 0.009 
CWS algorithm
1 1 1 1 1 
0.688138 0.686535 0.695838 0.660707 0.700591 
0.606661 0.59812 0.61574 0.582708 0.624421 
0.748772 0.751547 0.727753 0.73485 0.723157 
0.677135 0.673527 0.649191 0.64938 0.63854 
1.391 1.38 1.385 1.404 1.401 
CWAS algorithm
0.00825024 0.00735992 0.00682574 0.00718186 0.00759734 
0.388707 0.456716 0.478437 0.317969 0.549107 
0.325083 0.375281 0.411769 0.256393 0.489367 
0.416742 0.491174 0.474204 0.312921 0.568107 
0.344271 0.39428 0.397439 0.237618 0.49939 
0.945 0.962 0.895 0.893 0.898 
CWAS_Adap algorithm
0.0538343 0.0578704 0.0477802 0.0575736 0.0565052 
0.679609 0.618435 0.675355 0.633015 0.602866 
0.605654 0.528479 0.57909 0.562978 0.501274 
0.731529 0.690309 0.722566 0.678571 0.643312 
0.656225 0.615837 0.63252 0.600838 0.525062 
1.032 1.03 0.968 0.979 0.976 
CWRS algorithm
0.00789411 0.0077754 0.00646961 0.00652896 0.00730057 
0.313624 0.204742 0.384624 0.258069 0.309178 
0.22769 0.166371 0.332697 0.204785 0.253828 
0.368835 0.254368 0.4 0.226979 0.291492 
0.270949 0.187113 0.297823 0.159658 0.221676 
0.964 0.905 0.898 0.897 0.892 
AROMA algorithm
1 1 1 1 1 
0.71201 0.704197 0.717184 0.687342 0.711532 
0.63374 0.613193 0.633905 0.602885 0.626404 
0.742721 0.770246 0.742948 0.738899 0.74313 
0.670648 0.69698 0.656548 0.653798 0.667085 
0.772 0.774 0.738 0.77 0.792 
2 query
OASIS algorithm
1 1 1 1 1 
0.666826 0.593904 0.561276 0.657694 0.53032 
0.565056 0.508401 0.47013 0.569147 0.426491 
0.713376 0.641811 0.599363 0.672611 0.57252 
0.641929 0.559262 0.505408 0.578474 0.472748 
0.017 0.019 0.016 0.022 0.02 
PAAS algorithm
0.0561491 0.0540123 0.0600071 0.0562678 0.0556149 
0.698146 0.614284 0.719117 0.504981 0.567031 
0.622247 0.565878 0.66439 0.443514 0.493745 
0.708735 0.631847 0.689809 0.565105 0.603958 
0.66446 0.571455 0.620467 0.462017 0.513613 
0.01 0.008 0.009 0.009 0.009 
PARS algorithm
0.0573362 0.0553775 0.0588794 0.0570988 0.0571581 
0.531536 0.566883 0.46984 0.558512 0.452735 
0.478808 0.510972 0.411617 0.50668 0.368031 
0.521656 0.574204 0.537307 0.562329 0.487716 
0.470458 0.503887 0.455816 0.475388 0.381388 
0.011 0.01 0.009 0.009 0.009 
CWS algorithm
1 1 1 1 1 
0.688138 0.686535 0.695838 0.660707 0.700591 
0.606661 0.59812 0.61574 0.582708 0.624421 
0.748772 0.751547 0.727753 0.73485 0.723157 
0.677135 0.673527 0.649191 0.64938 0.63854 
1.391 1.38 1.385 1.404 1.401 
CWAS algorithm
0.0137702 0.0138295 0.0123457 0.0125237 0.0118115 
0.504071 0.452098 0.598385 0.512794 0.401751 
0.429627 0.369031 0.539046 0.430766 0.34046 
0.529208 0.508781 0.622793 0.579163 0.467789 
0.451553 0.433035 0.558238 0.486323 0.387327 
0.902 0.908 0.897 0.9 0.904 
CWAS_Adap algorithm
0.0538343 0.0571581 0.0477208 0.0575736 0.0582858 
0.679609 0.621392 0.655123 0.633015 0.577334 
0.605654 0.527117 0.55429 0.562978 0.475139 
0.731529 0.689263 0.702002 0.678571 0.633485 
0.656225 0.604483 0.610792 0.600838 0.507447 
0.964 0.955 0.96 0.974 0.977 
CWRS algorithm
0.0145418 0.0153134 0.0119896 0.0127018 0.0123457 
0.388866 0.476413 0.246776 0.414079 0.380337 
0.29109 0.393623 0.162257 0.36116 0.309945 
0.411965 0.507279 0.304959 0.40687 0.40323 
0.327312 0.415181 0.199757 0.334137 0.319297 
0.899 0.893 0.899 0.893 0.89 
AROMA algorithm
1 1 1 1 1 
0.71201 0.704197 0.717184 0.687342 0.711532 
0.63374 0.613193 0.633905 0.602885 0.626404 
0.742721 0.770246 0.742948 0.738899 0.74313 
0.670648 0.69698 0.656548 0.653798 0.667085 
0.772 0.774 0.738 0.77 0.792 
3 query
OASIS algorithm
1 1 1 1 1 
0.666826 0.593904 0.561276 0.657694 0.53032 
0.565056 0.508401 0.47013 0.569147 0.426491 
0.713376 0.641811 0.599363 0.672611 0.57252 
0.641929 0.559262 0.505408 0.578474 0.472748 
0.017 0.019 0.016 0.022 0.02 
PAAS algorithm
0.0731838 0.0746676 0.0803656 0.078585 0.0818495 
0.626066 0.526282 0.537917 0.659309 0.52171 
0.534124 0.47264 0.463352 0.594674 0.470714 
0.662329 0.582939 0.612966 0.660282 0.552184 
0.597725 0.493953 0.526495 0.592501 0.495603 
0.009 0.011 0.01 0.008 0.009 
PARS algorithm
0.0696225 0.0752612 0.0800689 0.0765076 0.0826804 
0.523269 0.468202 0.449767 0.442591 0.478187 
0.463783 0.408573 0.390361 0.393169 0.437862 
0.526706 0.521065 0.523021 0.451001 0.487762 
0.450103 0.434926 0.437619 0.3954 0.435113 
0.009 0.011 0.01 0.011 0.01 
CWS algorithm
1 1 1 1 1 
0.688138 0.686535 0.695838 0.660707 0.700591 
0.606661 0.59812 0.61574 0.582708 0.624421 
0.748772 0.751547 0.727753 0.73485 0.723157 
0.677135 0.673527 0.649191 0.64938 0.63854 
1.391 1.38 1.385 1.404 1.401 
CWAS algorithm
0.022792 0.0187559 0.0226733 0.0212488 0.0185779 
0.451018 0.520516 0.537348 0.505675 0.559036 
0.355188 0.43487 0.448156 0.426741 0.484689 
0.544995 0.549682 0.603776 0.541583 0.593358 
0.4258 0.451808 0.511615 0.443066 0.513437 
0.914 0.912 0.913 0.91 0.91 
CWAS_Adap algorithm
0.0546652 0.0603039 0.0477802 0.0581671 0.0544872 
0.667156 0.588161 0.675355 0.649892 0.584078 
0.598997 0.494863 0.57909 0.571528 0.501143 
0.70323 0.682757 0.722566 0.70414 0.665651 
0.63223 0.606222 0.63252 0.632038 0.560064 
0.96 0.974 0.961 0.971 0.971 
CWRS algorithm
0.0240978 0.0201804 0.022614 0.0254036 0.0194682 
0.39138 0.345968 0.329012 0.36197 0.336006 
0.305637 0.268366 0.251826 0.303862 0.275536 
0.435532 0.396315 0.414741 0.408917 0.364741 
0.360128 0.295137 0.302214 0.322135 0.292038 
0.907 0.903 0.906 0.903 0.902 
AROMA algorithm
1 1 1 1 1 
0.71201 0.704197 0.717184 0.687342 0.711532 
0.63374 0.613193 0.633905 0.602885 0.626404 
0.742721 0.770246 0.742948 0.738899 0.74313 
0.670648 0.69698 0.656548 0.653798 0.667085 
0.772 0.774 0.738 0.77 0.792 
4 query
OASIS algorithm
1 1 1 1 1 
0.666826 0.593904 0.561276 0.657694 0.53032 
0.565056 0.508401 0.47013 0.569147 0.426491 
0.713376 0.641811 0.599363 0.672611 0.57252 
0.641929 0.559262 0.505408 0.578474 0.472748 
0.017 0.019 0.016 0.022 0.02 
PAAS algorithm
0.1066 0.103039 0.10108 0.101911 0.107134 
0.595326 0.623132 0.655283 0.670135 0.559058 
0.518532 0.564834 0.577352 0.584392 0.477156 
0.646087 0.679117 0.643676 0.697361 0.619791 
0.574231 0.620308 0.554786 0.621707 0.53946 
0.01 0.01 0.009 0.014 0.013 
PARS algorithm
0.107431 0.0998338 0.0981125 0.101377 0.102861 
0.505823 0.483225 0.466394 0.420357 0.478608 
0.445654 0.431953 0.407942 0.3887 0.415445 
0.551183 0.523021 0.542357 0.460919 0.505323 
0.489509 0.441386 0.450586 0.407252 0.445898 
0.01 0.009 0.011 0.009 0.015 
CWS algorithm
1 1 1 1 1 
0.688138 0.686535 0.695838 0.660707 0.700591 
0.606661 0.59812 0.61574 0.582708 0.624421 
0.748772 0.751547 0.727753 0.73485 0.723157 
0.677135 0.673527 0.649191 0.64938 0.63854 
1.391 1.38 1.385 1.404 1.401 
CWAS algorithm
0.0305674 0.0314577 0.0306861 0.0337726 0.0346629 
0.630456 0.641237 0.451473 0.563062 0.536336 
0.545482 0.565384 0.362841 0.482079 0.43189 
0.681347 0.684986 0.514013 0.601228 0.612193 
0.594971 0.594702 0.405456 0.533006 0.519854 
0.928 0.982 0.975 0.981 0.992 
CWAS_Adap algorithm
0.0558523 0.0585233 0.0479582 0.0579297 0.0575736 
0.647083 0.605652 0.644501 0.640555 0.575173 
0.573294 0.513308 0.544108 0.568583 0.475531 
0.693403 0.692948 0.689308 0.690855 0.636033 
0.619266 0.612536 0.601793 0.62816 0.520996 
0.968 1.029 1.016 1.03 1.04 
CWRS algorithm
0.0303894 0.0305674 0.031339 0.03401 0.0364435 
0.482941 0.389321 0.454907 0.437177 0.500216 
0.379933 0.3005 0.355991 0.363374 0.4267 
0.549909 0.454595 0.512557 0.483803 0.573203 
0.453922 0.345435 0.418158 0.385432 0.477835 
0.913 0.956 0.976 0.96 0.958 
AROMA algorithm
1 1 1 1 1 
0.71201 0.704197 0.717184 0.687342 0.711532 
0.63374 0.613193 0.633905 0.602885 0.626404 
0.742721 0.770246 0.742948 0.738899 0.74313 
0.670648 0.69698 0.656548 0.653798 0.667085 
0.772 0.774 0.738 0.77 0.792 
5 query
OASIS algorithm
1 1 1 1 1 
0.666826 0.593904 0.561276 0.657694 0.53032 
0.565056 0.508401 0.47013 0.569147 0.426491 
0.713376 0.641811 0.599363 0.672611 0.57252 
0.641929 0.559262 0.505408 0.578474 0.472748 
0.017 0.019 0.016 0.022 0.02 
PAAS algorithm
0.135268 0.137583 0.135981 0.138177 0.144349 
0.578062 0.587831 0.530934 0.674662 0.669112 
0.499411 0.525285 0.453622 0.594571 0.590548 
0.613194 0.642311 0.589308 0.696315 0.718289 
0.536078 0.547595 0.504223 0.62545 0.64508 
0.01 0.01 0.01 0.009 0.009 
PARS algorithm
0.137761 0.138177 0.137346 0.138355 0.14518 
0.529228 0.624929 0.462197 0.57382 0.500409 
0.450303 0.581893 0.415717 0.50648 0.452272 
0.579345 0.639035 0.532439 0.554868 0.503776 
0.51895 0.578682 0.437458 0.484767 0.435065 
0.01 0.009 0.01 0.013 0.012 
CWS algorithm
1 1 1 1 1 
0.688138 0.686535 0.695838 0.660707 0.700591 
0.606661 0.59812 0.61574 0.582708 0.624421 
0.748772 0.751547 0.727753 0.73485 0.723157 
0.677135 0.673527 0.649191 0.64938 0.63854 
1.391 1.38 1.385 1.404 1.401 
CWAS algorithm
0.0458808 0.0502137 0.0477208 0.0549027 0.0493827 
0.667736 0.595098 0.51417 0.587103 0.654407 
0.615493 0.487526 0.429616 0.493702 0.559713 
0.706961 0.688854 0.608872 0.659281 0.71333 
0.662372 0.585969 0.498058 0.552936 0.627151 
0.978 0.998 0.965 0.993 0.988 
CWAS_Adap algorithm
0.0558523 0.0587607 0.0487892 0.0579891 0.0587607 
0.666337 0.60066 0.623018 0.59254 0.647208 
0.586087 0.497933 0.531462 0.507434 0.571516 
0.713649 0.70182 0.673658 0.643358 0.697543 
0.640107 0.62234 0.57649 0.54011 0.601299 
1.019 0.996 0.992 1.024 1.04 
CWRS algorithm
0.045584 0.0505698 0.0490266 0.0546652 0.0525285 
0.490254 0.412385 0.633504 0.538337 0.498203 
0.385827 0.330922 0.550282 0.447882 0.43281 
0.575978 0.508963 0.653731 0.571429 0.561965 
0.459606 0.400194 0.560182 0.461533 0.463094 
0.97 0.929 0.952 0.956 0.976 
AROMA algorithm
1 1 1 1 1 
0.71201 0.704197 0.717184 0.687342 0.711532 
0.63374 0.613193 0.633905 0.602885 0.626404 
0.742721 0.770246 0.742948 0.738899 0.74313 
0.670648 0.69698 0.656548 0.653798 0.667085 
0.772 0.774 0.738 0.77 0.792 
6 query
OASIS algorithm
1 1 1 1 1 
0.666826 0.593904 0.561276 0.657694 0.53032 
0.565056 0.508401 0.47013 0.569147 0.426491 
0.713376 0.641811 0.599363 0.672611 0.57252 
0.641929 0.559262 0.505408 0.578474 0.472748 
0.017 0.019 0.016 0.022 0.02 
PAAS algorithm
0.175985 0.184948 0.179725 0.190943 0.185007 
0.660639 0.519015 0.595724 0.599193 0.584647 
0.572668 0.441398 0.530726 0.524924 0.50671 
0.687261 0.580437 0.621747 0.628025 0.634349 
0.612811 0.496143 0.525439 0.540685 0.559673 
0.01 0.01 0.01 0.01 0.01 
PARS algorithm
0.175036 0.186135 0.180674 0.190052 0.182514 
0.491107 0.58492 0.487024 0.471875 0.590447 
0.424704 0.533756 0.427849 0.395342 0.525805 
0.556642 0.598772 0.474659 0.512056 0.581529 
0.481085 0.530635 0.408117 0.425939 0.500905 
0.01 0.009 0.01 0.011 0.009 
CWS algorithm
1 1 1 1 1 
0.688138 0.686535 0.695838 0.660707 0.700591 
0.606661 0.59812 0.61574 0.582708 0.624421 
0.748772 0.751547 0.727753 0.73485 0.723157 
0.677135 0.673527 0.649191 0.64938 0.63854 
1.391 1.38 1.385 1.404 1.401 
CWAS algorithm
0.0809592 0.0819682 0.0786443 0.0816714 0.0784663 
0.658342 0.596349 0.627192 0.660946 0.672762 
0.582178 0.504581 0.542098 0.580262 0.609285 
0.722066 0.673248 0.661146 0.715423 0.72657 
0.647574 0.587394 0.569626 0.632914 0.655541 
1.03 1.046 1.035 1.022 1.015 
CWAS_Adap algorithm
0.0558523 0.06066 0.0515195 0.0593542 0.0568613 
0.654418 0.610417 0.678699 0.64416 0.610417 
0.567733 0.505093 0.601772 0.567363 0.515342 
0.711647 0.700182 0.701638 0.703913 0.668699 
0.634301 0.61824 0.624073 0.632244 0.554905 
1.029 1.013 1.004 1.02 1.026 
CWRS algorithm
0.0839862 0.0819682 0.0772198 0.0812559 0.0765076 
0.600842 0.535847 0.600364 0.516877 0.606289 
0.523701 0.447129 0.504165 0.407912 0.50988 
0.643449 0.587762 0.605369 0.595678 0.655551 
0.563089 0.490126 0.500705 0.484909 0.570993 
1.002 0.989 0.978 0.969 0.968 
AROMA algorithm
1 1 1 1 1 
0.71201 0.704197 0.717184 0.687342 0.711532 
0.63374 0.613193 0.633905 0.602885 0.626404 
0.742721 0.770246 0.742948 0.738899 0.74313 
0.670648 0.69698 0.656548 0.653798 0.667085 
0.772 0.774 0.738 0.77 0.792 
7 query
OASIS algorithm
1 1 1 1 1 
0.666826 0.593904 0.561276 0.657694 0.53032 
0.565056 0.508401 0.47013 0.569147 0.426491 
0.713376 0.641811 0.599363 0.672611 0.57252 
0.641929 0.559262 0.505408 0.578474 0.472748 
0.017 0.019 0.016 0.022 0.02 
PAAS algorithm
0.240207 0.243649 0.248516 0.240859 0.246379 
0.733845 0.638735 0.567304 0.571682 0.620778 
0.65947 0.576022 0.484509 0.496115 0.543552 
0.74222 0.681165 0.605869 0.602912 0.662921 
0.680311 0.600798 0.534279 0.517136 0.587362 
0.01 0.016 0.012 0.014 0.011 
PARS algorithm
0.242877 0.242462 0.251959 0.239969 0.249703 
0.616434 0.525247 0.467872 0.520801 0.528671 
0.551614 0.448159 0.392839 0.443314 0.46202 
0.652639 0.589672 0.524977 0.537762 0.58444 
0.593944 0.501119 0.446753 0.459442 0.516696 
0.016 0.01 0.013 0.01 0.015 
CWS algorithm
1 1 1 1 1 
0.688138 0.686535 0.695838 0.660707 0.700591 
0.606661 0.59812 0.61574 0.582708 0.624421 
0.748772 0.751547 0.727753 0.73485 0.723157 
0.677135 0.673527 0.649191 0.64938 0.63854 
1.391 1.38 1.385 1.404 1.401 
CWAS algorithm
0.1342 0.132182 0.122032 0.128443 0.124406 
0.629069 0.602172 0.668475 0.640077 0.678619 
0.530061 0.51086 0.587314 0.5565 0.613207 
0.707507 0.682757 0.718835 0.710419 0.730619 
0.634058 0.589358 0.647324 0.632968 0.658371 
1.083 1.079 1.067 1.061 1.065 
CWAS_Adap algorithm
0.055793 0.0576923 0.0494421 0.0598884 0.0611349 
0.695417 0.644228 0.682145 0.638246 0.642011 
0.613681 0.555045 0.599263 0.560581 0.554909 
0.748499 0.71283 0.727798 0.681119 0.682029 
0.663061 0.628345 0.643785 0.593117 0.585595 
1.009 1.018 1.01 1.017 1.029 
CWRS algorithm
0.131232 0.128561 0.12037 0.13331 0.125119 
0.635995 0.628091 0.555305 0.574593 0.586273 
0.552955 0.520254 0.476431 0.492702 0.522862 
0.674568 0.697498 0.601046 0.653776 0.653367 
0.585134 0.598436 0.514658 0.560237 0.584014 
1.014 1.02 1.012 1.002 1.012 
AROMA algorithm
1 1 1 1 1 
0.71201 0.704197 0.717184 0.687342 0.711532 
0.63374 0.613193 0.633905 0.602885 0.626404 
0.742721 0.770246 0.742948 0.738899 0.74313 
0.670648 0.69698 0.656548 0.653798 0.667085 
0.772 0.774 0.738 0.77 0.792 
8 query
OASIS algorithm
1 1 1 1 1 
0.666826 0.593904 0.561276 0.657694 0.53032 
0.565056 0.508401 0.47013 0.569147 0.426491 
0.713376 0.641811 0.599363 0.672611 0.57252 
0.641929 0.559262 0.505408 0.578474 0.472748 
0.017 0.019 0.016 0.022 0.02 
PAAS algorithm
0.325024 0.324074 0.335767 0.324846 0.332206 
0.66172 0.562243 0.553417 0.588093 0.652633 
0.586738 0.490314 0.482783 0.51414 0.586894 
0.690901 0.631347 0.590901 0.619745 0.699272 
0.622845 0.54538 0.517082 0.53882 0.617131 
0.012 0.012 0.011 0.011 0.015 
PARS algorithm
0.323718 0.326864 0.338616 0.327576 0.333571 
0.565791 0.545741 0.522393 0.547379 0.459434 
0.484451 0.470271 0.44095 0.468412 0.384736 
0.595951 0.601683 0.552184 0.579345 0.504277 
0.529877 0.518847 0.479267 0.49858 0.42811 
0.012 0.013 0.011 0.013 0.011 
CWS algorithm
1 1 1 1 1 
0.688138 0.686535 0.695838 0.660707 0.700591 
0.606661 0.59812 0.61574 0.582708 0.624421 
0.748772 0.751547 0.727753 0.73485 0.723157 
0.677135 0.673527 0.649191 0.64938 0.63854 
1.391 1.38 1.385 1.404 1.401 
CWAS algorithm
0.185601 0.188984 0.184057 0.19391 0.203407 
0.713499 0.703355 0.716945 0.635415 0.677221 
0.635668 0.630913 0.65151 0.55711 0.600807 
0.754732 0.744631 0.746861 0.703913 0.724113 
0.687184 0.671766 0.689401 0.614527 0.638196 
1.103 1.106 1.089 1.115 1.133 
CWAS_Adap algorithm
0.0595323 0.0634497 0.0546652 0.0615503 0.0622032 
0.652758 0.63944 0.661947 0.568975 0.607369 
0.574771 0.537062 0.577867 0.484008 0.519232 
0.715514 0.715332 0.719017 0.660419 0.66879 
0.645073 0.630887 0.648051 0.575142 0.560026 
1.028 1.022 1.015 1.023 1.027 
CWRS algorithm
0.181387 0.189637 0.179962 0.188628 0.201686 
0.636961 0.627124 0.588468 0.688798 0.648868 
0.556487 0.530964 0.512255 0.610561 0.558368 
0.700728 0.710965 0.649864 0.733576 0.708189 
0.624962 0.614908 0.561705 0.660554 0.634495 
1.046 1.032 1.038 1.042 1.051 
AROMA algorithm
1 1 1 1 1 
0.71201 0.704197 0.717184 0.687342 0.711532 
0.63374 0.613193 0.633905 0.602885 0.626404 
0.742721 0.770246 0.742948 0.738899 0.74313 
0.670648 0.69698 0.656548 0.653798 0.667085 
0.772 0.774 0.738 0.77 0.792 
9 query
OASIS algorithm
1 1 1 1 1 
0.666826 0.593904 0.561276 0.657694 0.53032 
0.565056 0.508401 0.47013 0.569147 0.426491 
0.713376 0.641811 0.599363 0.672611 0.57252 
0.641929 0.559262 0.505408 0.578474 0.472748 
0.017 0.019 0.016 0.022 0.02 
PAAS algorithm
0.434117 0.433761 0.433048 0.433761 0.435541 
0.66603 0.587354 0.598226 0.626874 0.581588 
0.586798 0.519821 0.520704 0.543077 0.507578 
0.696087 0.61929 0.644813 0.657962 0.618517 
0.626532 0.546363 0.556733 0.582947 0.537331 
0.014 0.012 0.014 0.015 0.012 
PARS algorithm
0.431683 0.438746 0.424383 0.428122 0.438034 
0.627738 0.583396 0.52262 0.566098 0.559274 
0.554107 0.497945 0.447129 0.494368 0.48514 
0.646861 0.630983 0.548954 0.597316 0.573294 
0.589 0.549824 0.469727 0.517611 0.494067 
0.014 0.014 0.013 0.013 0.012 
CWS algorithm
1 1 1 1 1 
0.688138 0.686535 0.695838 0.660707 0.700591 
0.606661 0.59812 0.61574 0.582708 0.624421 
0.748772 0.751547 0.727753 0.73485 0.723157 
0.677135 0.673527 0.649191 0.64938 0.63854 
1.391 1.38 1.385 1.404 1.401 
CWAS algorithm
0.291785 0.296178 0.284307 0.303063 0.284544 
0.704572 0.629887 0.659149 0.661185 0.664244 
0.63181 0.536834 0.586059 0.581223 0.58639 
0.7596 0.721292 0.696133 0.731483 0.720519 
0.696152 0.639018 0.617878 0.647161 0.643033 
1.187 1.184 1.174 1.204 1.178 
CWAS_Adap algorithm
0.065349 0.0728276 0.0670703 0.0705722 0.0713438 
0.685682 0.614512 0.653941 0.612271 0.614591 
0.600841 0.510783 0.570085 0.534084 0.515319 
0.744268 0.703003 0.698999 0.69586 0.704186 
0.678591 0.615753 0.621866 0.61789 0.603091 
1.021 1.038 1.041 1.044 1.041 
CWRS algorithm
0.291251 0.294753 0.291132 0.306565 0.289411 
0.597896 0.625168 0.611782 0.632526 0.653031 
0.501717 0.540805 0.51036 0.565682 0.579618 
0.648772 0.690992 0.67252 0.704368 0.715742 
0.547428 0.596756 0.571155 0.611298 0.628696 
1.103 1.092 1.093 1.094 1.095 
AROMA algorithm
1 1 1 1 1 
0.71201 0.704197 0.717184 0.687342 0.711532 
0.63374 0.613193 0.633905 0.602885 0.626404 
0.742721 0.770246 0.742948 0.738899 0.74313 
0.670648 0.69698 0.656548 0.653798 0.667085 
0.772 0.774 0.738 0.77 0.792 
10 query
OASIS algorithm
1 1 1 1 1 
0.666826 0.593904 0.561276 0.657694 0.53032 
0.565056 0.508401 0.47013 0.569147 0.426491 
0.713376 0.641811 0.599363 0.672611 0.57252 
0.641929 0.559262 0.505408 0.578474 0.472748 
0.017 0.019 0.016 0.022 0.02 
PAAS algorithm
0.552707 0.549679 0.562203 0.560185 0.562619 
0.667076 0.602275 0.568134 0.646412 0.587581 
0.579364 0.528903 0.479109 0.556241 0.508724 
0.70232 0.653276 0.619563 0.670701 0.619973 
0.631072 0.575217 0.534211 0.589887 0.535118 
0.013 0.013 0.018 0.013 0.016 
PARS algorithm
0.554725 0.552885 0.564637 0.563925 0.558226 
0.557284 0.578005 0.533993 0.537609 0.547629 
0.457228 0.497731 0.445842 0.449217 0.469379 
0.611965 0.617652 0.569563 0.573931 0.570109 
0.542254 0.534433 0.483625 0.488058 0.47782 
0.013 0.013 0.018 0.014 0.017 
CWS algorithm
1 1 1 1 1 
0.688138 0.686535 0.695838 0.660707 0.700591 
0.606661 0.59812 0.61574 0.582708 0.624421 
0.748772 0.751547 0.727753 0.73485 0.723157 
0.677135 0.673527 0.649191 0.64938 0.63854 
1.391 1.38 1.385 1.404 1.401 
CWAS algorithm
0.42557 0.410138 0.409069 0.415836 0.417794 
0.672797 0.676072 0.669214 0.678972 0.675833 
0.59059 0.585597 0.59201 0.601839 0.590471 
0.736397 0.742675 0.71101 0.744813 0.719063 
0.665091 0.65804 0.632638 0.667535 0.638669 
1.242 1.23 1.221 1.23 1.256 
CWAS_Adap algorithm
0.0876662 0.0937797 0.0868946 0.09283 0.0872507 
0.652997 0.594018 0.667667 0.633947 0.689332 
0.56096 0.483422 0.582217 0.553633 0.613272 
0.73212 0.688535 0.698044 0.71697 0.721292 
0.662749 0.579303 0.619946 0.633801 0.631955 
1.058 1.062 1.048 1.048 1.05 
CWRS algorithm
0.420881 0.408594 0.405864 0.410078 0.415836 
0.686034 0.653349 0.647947 0.650927 0.692767 
0.610231 0.569851 0.562385 0.575344 0.629638 
0.735987 0.722611 0.704049 0.715378 0.716833 
0.663797 0.639306 0.6212 0.634126 0.638003 
1.146 1.127 1.137 1.138 1.13 
AROMA algorithm
1 1 1 1 1 
0.71201 0.704197 0.717184 0.687342 0.711532 
0.63374 0.613193 0.633905 0.602885 0.626404 
0.742721 0.770246 0.742948 0.738899 0.74313 
0.670648 0.69698 0.656548 0.653798 0.667085 
0.772 0.774 0.738 0.77 0.792 
11 query
OASIS algorithm
1 1 1 1 1 
0.666826 0.593904 0.561276 0.657694 0.53032 
0.565056 0.508401 0.47013 0.569147 0.426491 
0.713376 0.641811 0.599363 0.672611 0.57252 
0.641929 0.559262 0.505408 0.578474 0.472748 
0.017 0.019 0.016 0.022 0.02 
PAAS algorithm
0.676519 0.681446 0.686432 0.686372 0.696166 
0.686694 0.601001 0.57465 0.654316 0.565097 
0.591235 0.525375 0.48926 0.579048 0.475197 
0.7197 0.649227 0.61101 0.676752 0.601228 
0.654555 0.570157 0.525219 0.605234 0.515361 
0.013 0.018 0.014 0.017 0.018 
PARS algorithm
0.680793 0.685007 0.690824 0.684829 0.69854 
0.654578 0.560616 0.556556 0.605823 0.522131 
0.565827 0.471454 0.461609 0.519763 0.423114 
0.69454 0.621565 0.58949 0.630027 0.560237 
0.628757 0.536663 0.501704 0.54566 0.458175 
0.013 0.013 0.015 0.015 0.013 
CWS algorithm
1 1 1 1 1 
0.688138 0.686535 0.695838 0.660707 0.700591 
0.606661 0.59812 0.61574 0.582708 0.624421 
0.748772 0.751547 0.727753 0.73485 0.723157 
0.677135 0.673527 0.649191 0.64938 0.63854 
1.391 1.38 1.385 1.404 1.401 
CWAS algorithm
0.561372 0.552469 0.558226 0.5625 0.555734 
0.690003 0.687251 0.686842 0.660605 0.705322 
0.618662 0.605949 0.601302 0.587485 0.622609 
0.744631 0.758189 0.717288 0.729891 0.736852 
0.670794 0.687319 0.62865 0.652363 0.651872 
1.287 1.279 1.277 1.295 1.285 
CWAS_Adap algorithm
0.131113 0.136277 0.122685 0.13604 0.134853 
0.665256 0.614546 0.720209 0.633549 0.638144 
0.577068 0.513682 0.646248 0.546808 0.550962 
0.732848 0.716515 0.749636 0.722429 0.692994 
0.6601 0.633684 0.690882 0.643096 0.602749 
1.088 1.089 1.091 1.102 1.097 
CWRS algorithm
0.563806 0.559948 0.557396 0.559532 0.553834 
0.696429 0.645479 0.682748 0.664187 0.668759 
0.614707 0.558642 0.601778 0.588737 0.589672 
0.746315 0.723794 0.731529 0.729618 0.711146 
0.674251 0.636571 0.655769 0.65576 0.622249 
1.195 1.198 1.206 1.22 1.183 
AROMA algorithm
1 1 1 1 1 
0.71201 0.704197 0.717184 0.687342 0.711532 
0.63374 0.613193 0.633905 0.602885 0.626404 
0.742721 0.770246 0.742948 0.738899 0.74313 
0.670648 0.69698 0.656548 0.653798 0.667085 
0.772 0.774 0.738 0.77 0.792 
12 query
OASIS algorithm
1 1 1 1 1 
0.666826 0.593904 0.561276 0.657694 0.53032 
0.565056 0.508401 0.47013 0.569147 0.426491 
0.713376 0.641811 0.599363 0.672611 0.57252 
0.641929 0.559262 0.505408 0.578474 0.472748 
0.017 0.019 0.016 0.022 0.02 
PAAS algorithm
0.793625 0.794991 0.806505 0.793685 0.798018 
0.702946 0.578176 0.558922 0.644558 0.531104 
0.608465 0.494139 0.47173 0.560434 0.431684 
0.739809 0.629072 0.597589 0.669973 0.581301 
0.674605 0.546213 0.502862 0.584152 0.483027 
0.014 0.014 0.014 0.015 0.019 
PARS algorithm
0.792498 0.796474 0.802232 0.794516 0.79683 
0.637086 0.588298 0.571716 0.611282 0.556829 
0.539423 0.502654 0.485019 0.531 0.461616 
0.678253 0.640719 0.608508 0.636169 0.584349 
0.605743 0.557635 0.523384 0.543848 0.486802 
0.014 0.014 0.016 0.014 0.014 
CWS algorithm
1 1 1 1 1 
0.688138 0.686535 0.695838 0.660707 0.700591 
0.606661 0.59812 0.61574 0.582708 0.624421 
0.748772 0.751547 0.727753 0.73485 0.723157 
0.677135 0.673527 0.649191 0.64938 0.63854 
1.391 1.38 1.385 1.404 1.401 
CWAS algorithm
0.699549 0.699074 0.690705 0.706612 0.69302 
0.691652 0.665654 0.726248 0.663801 0.669385 
0.61474 0.580726 0.648184 0.593148 0.594728 
0.752593 0.744131 0.757325 0.72525 0.695587 
0.682746 0.661782 0.686774 0.640864 0.608265 
1.323 1.33 1.296 1.327 1.323 
CWAS_Adap algorithm
0.220679 0.219136 0.214684 0.214269 0.225131 
0.67854 0.666109 0.729922 0.666996 0.67465 
0.600196 0.572994 0.65355 0.591066 0.597387 
0.743267 0.750546 0.75273 0.723794 0.708917 
0.662883 0.668978 0.682559 0.649974 0.614685 
1.149 1.139 1.153 1.138 1.16 
CWRS algorithm
0.701448 0.703763 0.694088 0.704475 0.703407 
0.675515 0.669373 0.702911 0.658023 0.693495 
0.59515 0.58144 0.622115 0.580161 0.621331 
0.748726 0.736351 0.732029 0.717379 0.734349 
0.681975 0.653441 0.660056 0.627886 0.656207 
1.253 1.253 1.254 1.261 1.26 
AROMA algorithm
1 1 1 1 1 
0.71201 0.704197 0.717184 0.687342 0.711532 
0.63374 0.613193 0.633905 0.602885 0.626404 
0.742721 0.770246 0.742948 0.738899 0.74313 
0.670648 0.69698 0.656548 0.653798 0.667085 
0.772 0.774 0.738 0.77 0.792 
13 query
OASIS algorithm
1 1 1 1 1 
0.666826 0.593904 0.561276 0.657694 0.53032 
0.565056 0.508401 0.47013 0.569147 0.426491 
0.713376 0.641811 0.599363 0.672611 0.57252 
0.641929 0.559262 0.505408 0.578474 0.472748 
0.017 0.019 0.016 0.022 0.02 
PAAS algorithm
0.880698 0.878086 0.88147 0.882657 0.883784 
0.670556 0.588855 0.568384 0.656977 0.547765 
0.572125 0.503298 0.479284 0.567129 0.449785 
0.708053 0.64081 0.609736 0.676934 0.584622 
0.638695 0.555844 0.51727 0.58491 0.489086 
0.015 0.019 0.018 0.015 0.016 
PARS algorithm
0.878383 0.876425 0.882835 0.884675 0.882835 
0.672512 0.579165 0.548812 0.62916 0.524406 
0.571028 0.499062 0.456059 0.541869 0.42334 
0.714968 0.629845 0.585805 0.650318 0.554732 
0.642902 0.546048 0.497799 0.555066 0.455497 
0.017 0.021 0.015 0.018 0.015 
CWS algorithm
1 1 1 1 1 
0.688138 0.686535 0.695838 0.660707 0.700591 
0.606661 0.59812 0.61574 0.582708 0.624421 
0.748772 0.751547 0.727753 0.73485 0.723157 
0.677135 0.673527 0.649191 0.64938 0.63854 
1.391 1.38 1.385 1.404 1.401 
CWAS algorithm
0.80977 0.81897 0.810541 0.811966 0.814815 
0.655817 0.686535 0.709871 0.670283 0.682008 
0.575458 0.599462 0.62935 0.59272 0.596754 
0.730892 0.756187 0.735441 0.740218 0.715787 
0.654881 0.68129 0.655623 0.656971 0.628908 
1.345 1.339 1.328 1.323 1.359 
CWAS_Adap algorithm
0.365563 0.365859 0.361645 0.387821 0.367343 
0.711771 0.682509 0.686125 0.650961 0.679006 
0.633946 0.597548 0.611582 0.572627 0.592593 
0.775205 0.749909 0.721247 0.710191 0.717015 
0.714882 0.676178 0.648506 0.622316 0.62958 
1.225 1.21 1.216 1.25 1.24 
CWRS algorithm
0.80146 0.819266 0.812619 0.811194 0.816833 
0.688423 0.679324 0.706096 0.660651 0.703503 
0.610316 0.592261 0.628643 0.585154 0.631419 
0.743039 0.751456 0.732848 0.72657 0.724431 
0.673716 0.670448 0.655372 0.64459 0.639968 
1.301 1.284 1.287 1.289 1.299 
AROMA algorithm
1 1 1 1 1 
0.71201 0.704197 0.717184 0.687342 0.711532 
0.63374 0.613193 0.633905 0.602885 0.626404 
0.742721 0.770246 0.742948 0.738899 0.74313 
0.670648 0.69698 0.656548 0.653798 0.667085 
0.772 0.774 0.738 0.77 0.792 
14 query
OASIS algorithm
1 1 1 1 1 
0.666826 0.593904 0.561276 0.657694 0.53032 
0.565056 0.508401 0.47013 0.569147 0.426491 
0.713376 0.641811 0.599363 0.672611 0.57252 
0.641929 0.559262 0.505408 0.578474 0.472748 
0.017 0.019 0.016 0.022 0.02 
PAAS algorithm
0.932633 0.935363 0.938094 0.932217 0.935245 
0.657534 0.59859 0.548721 0.646503 0.546003 
0.55829 0.514095 0.456336 0.556723 0.446449 
0.703367 0.644722 0.587898 0.664422 0.582848 
0.627728 0.563907 0.49122 0.569269 0.48531 
0.018 0.018 0.014 0.017 0.015 
PARS algorithm
0.933583 0.933345 0.934473 0.930437 0.93477 
0.657876 0.584522 0.550017 0.656511 0.500091 
0.556746 0.499534 0.456377 0.569335 0.394743 
0.697407 0.641401 0.589263 0.669927 0.551638 
0.627516 0.55734 0.497069 0.578883 0.450406 
0.018 0.018 0.018 0.014 0.015 
CWS algorithm
1 1 1 1 1 
0.688138 0.686535 0.695838 0.660707 0.700591 
0.606661 0.59812 0.61574 0.582708 0.624421 
0.748772 0.751547 0.727753 0.73485 0.723157 
0.677135 0.673527 0.649191 0.64938 0.63854 
1.391 1.38 1.385 1.404 1.401 
CWAS algorithm
0.890907 0.891738 0.888473 0.893756 0.894587 
0.697418 0.666553 0.696463 0.636256 0.699215 
0.624739 0.579252 0.610865 0.552644 0.620182 
0.752275 0.748954 0.728162 0.715332 0.724795 
0.686709 0.666728 0.649488 0.623351 0.640162 
1.348 1.362 1.341 1.352 1.349 
CWAS_Adap algorithm
0.566655 0.566655 0.552113 0.57449 0.567308 
0.718754 0.66827 0.710679 0.643523 0.687683 
0.646036 0.579218 0.627131 0.56382 0.60335 
0.776706 0.740901 0.742721 0.719472 0.705505 
0.708691 0.659303 0.665095 0.631273 0.617559 
1.284 1.292 1.251 1.295 1.29 
CWRS algorithm
0.8915 0.892391 0.890551 0.894112 0.893162 
0.718958 0.675003 0.696076 0.637302 0.679666 
0.644742 0.588317 0.62181 0.556468 0.601844 
0.768153 0.74727 0.725068 0.70505 0.706642 
0.708123 0.663673 0.646458 0.613826 0.617315 
1.341 1.331 1.33 1.302 1.349 
AROMA algorithm
1 1 1 1 1 
0.71201 0.704197 0.717184 0.687342 0.711532 
0.63374 0.613193 0.633905 0.602885 0.626404 
0.742721 0.770246 0.742948 0.738899 0.74313 
0.670648 0.69698 0.656548 0.653798 0.667085 
0.772 0.774 0.738 0.77 0.792 
15 query
OASIS algorithm
1 1 1 1 1 
0.666826 0.593904 0.561276 0.657694 0.53032 
0.565056 0.508401 0.47013 0.569147 0.426491 
0.713376 0.641811 0.599363 0.672611 0.57252 
0.641929 0.559262 0.505408 0.578474 0.472748 
0.017 0.019 0.016 0.022 0.02 
PAAS algorithm
0.961835 0.962429 0.964981 0.965337 0.967949 
0.684385 0.594757 0.562754 0.649107 0.526316 
0.587468 0.509051 0.473711 0.560929 0.4239 
0.727889 0.645268 0.598362 0.665105 0.572111 
0.660717 0.56375 0.504518 0.568646 0.472186 
0.015 0.015 0.015 0.019 0.015 
PARS algorithm
0.964506 0.96326 0.965693 0.966168 0.967058 
0.663141 0.587979 0.5715 0.649494 0.525873 
0.563593 0.501285 0.482624 0.560034 0.424877 
0.709691 0.639172 0.608826 0.665605 0.563694 
0.637539 0.556451 0.515462 0.56899 0.466483 
0.015 0.019 0.016 0.016 0.019 
CWS algorithm
1 1 1 1 1 
0.688138 0.686535 0.695838 0.660707 0.700591 
0.606661 0.59812 0.61574 0.582708 0.624421 
0.748772 0.751547 0.727753 0.73485 0.723157 
0.677135 0.673527 0.649191 0.64938 0.63854 
1.391 1.38 1.385 1.404 1.401 
CWAS algorithm
0.940824 0.944444 0.944385 0.941595 0.942664 
0.696861 0.68567 0.698942 0.666576 0.680496 
0.617901 0.597067 0.617625 0.586586 0.602883 
0.75141 0.754368 0.731984 0.73667 0.708462 
0.681926 0.676961 0.654375 0.651899 0.625601 
1.364 1.362 1.348 1.363 1.37 
CWAS_Adap algorithm
0.762524 0.768281 0.756529 0.768697 0.7665 
0.697396 0.681008 0.706437 0.652758 0.677505 
0.620084 0.595118 0.629199 0.569658 0.594243 
0.747998 0.752093 0.740673 0.717971 0.71151 
0.675897 0.673173 0.665847 0.627981 0.62233 
1.333 1.335 1.305 1.31 1.334 
CWRS algorithm
0.938984 0.944029 0.94213 0.941892 0.942664 
0.705459 0.681576 0.677641 0.669783 0.675014 
0.634413 0.59227 0.591596 0.590639 0.593274 
0.752275 0.755687 0.719245 0.731301 0.709418 
0.687796 0.673495 0.635696 0.646916 0.622439 
1.342 1.349 1.341 1.354 1.344 
AROMA algorithm
1 1 1 1 1 
0.71201 0.704197 0.717184 0.687342 0.711532 
0.63374 0.613193 0.633905 0.602885 0.626404 
0.742721 0.770246 0.742948 0.738899 0.74313 
0.670648 0.69698 0.656548 0.653798 0.667085 
0.772 0.774 0.738 0.77 0.792 
16 query
OASIS algorithm
1 1 1 1 1 
0.666826 0.593904 0.561276 0.657694 0.53032 
0.565056 0.508401 0.47013 0.569147 0.426491 
0.713376 0.641811 0.599363 0.672611 0.57252 
0.641929 0.559262 0.505408 0.578474 0.472748 
0.017 0.019 0.016 0.022 0.02 
PAAS algorithm
0.982431 0.981541 0.98166 0.982787 0.984034 
0.67125 0.595565 0.559559 0.657614 0.527795 
0.570681 0.511164 0.469405 0.568172 0.423602 
0.716106 0.642675 0.597998 0.674204 0.569108 
0.644761 0.561684 0.50471 0.577786 0.469574 
0.02 0.017 0.015 0.015 0.018 
PARS algorithm
0.981719 0.983143 0.980413 0.982431 0.985102 
0.665165 0.589674 0.563243 0.658228 0.536688 
0.563591 0.504615 0.472175 0.571185 0.433422 
0.709645 0.641128 0.599545 0.669927 0.576024 
0.636323 0.557174 0.506988 0.578664 0.475303 
0.018 0.018 0.017 0.015 0.019 
CWS algorithm
1 1 1 1 1 
0.688138 0.686535 0.695838 0.660707 0.700591 
0.606661 0.59812 0.61574 0.582708 0.624421 
0.748772 0.751547 0.727753 0.73485 0.723157 
0.677135 0.673527 0.649191 0.64938 0.63854 
1.391 1.38 1.385 1.404 1.401 
CWAS algorithm
0.972816 0.969076 0.970679 0.973291 0.971747 
0.694939 0.678267 0.696463 0.659104 0.687354 
0.616325 0.592126 0.61882 0.573902 0.608051 
0.750591 0.755141 0.731483 0.729117 0.70919 
0.682628 0.675914 0.654009 0.640781 0.61987 
1.356 1.349 1.363 1.37 1.379 
CWAS_Adap algorithm
0.899691 0.892688 0.892747 0.896664 0.894943 
0.686967 0.677368 0.696065 0.657296 0.696509 
0.608822 0.587344 0.616791 0.579834 0.618077 
0.744904 0.747043 0.727434 0.729117 0.71879 
0.67277 0.665124 0.649631 0.646193 0.629648 
1.338 1.347 1.352 1.369 1.372 
CWRS algorithm
0.973469 0.970501 0.968305 0.973409 0.972934 
0.694405 0.66504 0.684795 0.658888 0.701103 
0.61626 0.574885 0.607324 0.579704 0.62235 
0.752548 0.739763 0.727616 0.729527 0.726342 
0.682007 0.655386 0.648751 0.64331 0.639717 
1.362 1.348 1.343 1.34 1.357 
AROMA algorithm
1 1 1 1 1 
0.71201 0.704197 0.717184 0.687342 0.711532 
0.63374 0.613193 0.633905 0.602885 0.626404 
0.742721 0.770246 0.742948 0.738899 0.74313 
0.670648 0.69698 0.656548 0.653798 0.667085 
0.772 0.774 0.738 0.77 0.792 
17 query
OASIS algorithm
1 1 1 1 1 
0.666826 0.593904 0.561276 0.657694 0.53032 
0.565056 0.508401 0.47013 0.569147 0.426491 
0.713376 0.641811 0.599363 0.672611 0.57252 
0.641929 0.559262 0.505408 0.578474 0.472748 
0.017 0.019 0.016 0.022 0.02 
PAAS algorithm
0.990919 0.991334 0.990266 0.991512 0.991631 
0.667497 0.588275 0.562231 0.661037 0.531673 
0.565711 0.501878 0.470618 0.572665 0.428506 
0.713012 0.639172 0.600227 0.673885 0.572884 
0.641327 0.555804 0.505703 0.580017 0.473164 
0.018 0.02 0.016 0.019 0.02 
PARS algorithm
0.990088 0.991512 0.989494 0.990444 0.992225 
0.660741 0.594291 0.56023 0.655158 0.527329 
0.557982 0.508743 0.469188 0.566883 0.42464 
0.706915 0.641902 0.597498 0.672839 0.568653 
0.636247 0.559906 0.50494 0.580266 0.46889 
0.017 0.017 0.016 0.016 0.016 
CWS algorithm
1 1 1 1 1 
0.688138 0.686535 0.695838 0.660707 0.700591 
0.606661 0.59812 0.61574 0.582708 0.624421 
0.748772 0.751547 0.727753 0.73485 0.723157 
0.677135 0.673527 0.649191 0.64938 0.63854 
1.391 1.38 1.385 1.404 1.401 
CWAS algorithm
0.983084 0.983381 0.984449 0.983678 0.98534 
0.700944 0.689901 0.695451 0.660457 0.702877 
0.6245 0.603854 0.621062 0.586608 0.624763 
0.756096 0.753048 0.73162 0.725887 0.727798 
0.687003 0.676907 0.655039 0.641364 0.639392 
1.373 1.379 1.381 1.375 1.395 
CWAS_Adap algorithm
0.959758 0.964091 0.95958 0.96136 0.960292 
0.696986 0.686557 0.704356 0.658501 0.699773 
0.619841 0.59885 0.630619 0.581911 0.621893 
0.749545 0.75182 0.738171 0.728662 0.722793 
0.681314 0.673508 0.664206 0.641529 0.636058 
1.349 1.362 1.389 1.371 1.384 
CWRS algorithm
0.983025 0.983143 0.984805 0.984449 0.985577 
0.688025 0.678756 0.697202 0.654305 0.694336 
0.611088 0.590776 0.617891 0.57553 0.616691 
0.745496 0.75182 0.730164 0.726797 0.718062 
0.674326 0.67249 0.651492 0.638558 0.630306 
1.316 1.369 1.373 1.371 1.382 
AROMA algorithm
1 1 1 1 1 
0.71201 0.704197 0.717184 0.687342 0.711532 
0.63374 0.613193 0.633905 0.602885 0.626404 
0.742721 0.770246 0.742948 0.738899 0.74313 
0.670648 0.69698 0.656548 0.653798 0.667085 
0.772 0.774 0.738 0.77 0.792 
18 query
OASIS algorithm
1 1 1 1 1 
0.666826 0.593904 0.561276 0.657694 0.53032 
0.565056 0.508401 0.47013 0.569147 0.426491 
0.713376 0.641811 0.599363 0.672611 0.57252 
0.641929 0.559262 0.505408 0.578474 0.472748 
0.017 0.019 0.016 0.022 0.02 
PAAS algorithm
0.996498 0.995192 0.995608 0.995845 0.994658 
0.665984 0.593211 0.563937 0.656431 0.536518 
0.564057 0.507436 0.473376 0.569741 0.43345 
0.713376 0.641128 0.601501 0.674022 0.576433 
0.64234 0.558862 0.50743 0.580645 0.476804 
0.018 0.018 0.017 0.015 0.018 
PARS algorithm
0.99727 0.995667 0.993708 0.995786 0.994777 
0.66073 0.594291 0.563312 0.658683 0.531741 
0.558073 0.509309 0.472813 0.570842 0.427977 
0.708735 0.641856 0.600637 0.673794 0.574659 
0.636036 0.559522 0.50741 0.579159 0.475718 
0.017 0.015 0.016 0.019 0.016 
CWS algorithm
1 1 1 1 1 
0.688138 0.686535 0.695838 0.660707 0.700591 
0.606661 0.59812 0.61574 0.582708 0.624421 
0.748772 0.751547 0.727753 0.73485 0.723157 
0.677135 0.673527 0.649191 0.64938 0.63854 
1.391 1.38 1.385 1.404 1.401 
CWAS algorithm
0.99169 0.992759 0.992165 0.992403 0.992699 
0.699795 0.69188 0.698658 0.659479 0.701012 
0.624853 0.605415 0.61895 0.580919 0.624036 
0.75737 0.754504 0.72939 0.733621 0.725023 
0.689753 0.677642 0.650493 0.647025 0.639843 
1.387 1.368 1.362 1.391 1.316 
CWAS_Adap algorithm
0.983618 0.98439 0.983381 0.985992 0.985161 
0.697418 0.688968 0.692073 0.666644 0.697293 
0.617571 0.600322 0.611969 0.590397 0.617724 
0.753594 0.752047 0.72475 0.736852 0.721975 
0.684116 0.674531 0.644249 0.654322 0.634576 
1.36 1.364 1.378 1.384 1.354 
CWRS algorithm
0.992521 0.993352 0.991868 0.99175 0.992462 
0.694462 0.688263 0.69511 0.650301 0.683635 
0.615016 0.601896 0.611123 0.570341 0.605516 
0.749818 0.752866 0.729618 0.723976 0.710009 
0.679208 0.674675 0.650519 0.635369 0.622307 
1.389 1.356 1.371 1.381 1.309 
AROMA algorithm
1 1 1 1 1 
0.71201 0.704197 0.717184 0.687342 0.711532 
0.63374 0.613193 0.633905 0.602885 0.626404 
0.742721 0.770246 0.742948 0.738899 0.74313 
0.670648 0.69698 0.656548 0.653798 0.667085 
0.772 0.774 0.738 0.77 0.792 
19 query
OASIS algorithm
1 1 1 1 1 
0.666826 0.593904 0.561276 0.657694 0.53032 
0.565056 0.508401 0.47013 0.569147 0.426491 
0.713376 0.641811 0.599363 0.672611 0.57252 
0.641929 0.559262 0.505408 0.578474 0.472748 
0.017 0.019 0.016 0.022 0.02 
PAAS algorithm
0.997745 0.998338 0.997685 0.997507 0.997626 
0.667815 0.594063 0.559411 0.656033 0.531502 
0.566377 0.508625 0.467813 0.567301 0.42765 
0.714377 0.64313 0.597225 0.672657 0.572202 
0.64301 0.560962 0.503427 0.577846 0.472667 
0.015 0.017 0.017 0.017 0.017 
PARS algorithm
0.997566 0.998575 0.997982 0.997626 0.997685 
0.66255 0.593233 0.563892 0.660446 0.531855 
0.560896 0.507714 0.4744 0.572248 0.428563 
0.710965 0.642038 0.600819 0.674386 0.572748 
0.639039 0.55949 0.507556 0.580444 0.473493 
0.015 0.016 0.016 0.017 0.015 
CWS algorithm
1 1 1 1 1 
0.688138 0.686535 0.695838 0.660707 0.700591 
0.606661 0.59812 0.61574 0.582708 0.624421 
0.748772 0.751547 0.727753 0.73485 0.723157 
0.677135 0.673527 0.649191 0.64938 0.63854 
1.391 1.38 1.385 1.404 1.401 
CWAS algorithm
0.996795 0.996439 0.995548 0.996676 0.996261 
0.692847 0.685488 0.695769 0.665313 0.69834 
0.61426 0.596502 0.61555 0.588186 0.621731 
0.750227 0.751911 0.727207 0.732666 0.721429 
0.681189 0.673021 0.649324 0.647117 0.636705 
1.34 1.29 1.283 1.295 1.311 
CWAS_Adap algorithm
0.994836 0.993471 0.995014 0.994539 0.994896 
0.696111 0.685989 0.700125 0.661003 0.699215 
0.616369 0.597689 0.620358 0.583606 0.620533 
0.754641 0.751046 0.730209 0.732029 0.723157 
0.685721 0.672946 0.652055 0.64732 0.636921 
1.331 1.287 1.29 1.301 1.311 
CWRS algorithm
0.996736 0.99727 0.995311 0.997032 0.996023 
0.689537 0.682452 0.698101 0.661992 0.699829 
0.607629 0.596188 0.621947 0.583081 0.624121 
0.748772 0.754322 0.732985 0.734213 0.722702 
0.677099 0.675578 0.656978 0.647027 0.638926 
1.324 1.289 1.293 1.292 1.307 
AROMA algorithm
1 1 1 1 1 
0.71201 0.704197 0.717184 0.687342 0.711532 
0.63374 0.613193 0.633905 0.602885 0.626404 
0.742721 0.770246 0.742948 0.738899 0.74313 
0.670648 0.69698 0.656548 0.653798 0.667085 
0.772 0.774 0.738 0.77 0.792 
