OASIS que
1.000    1.000    1.000    1.000    1.000    1.000    1.000    1.000    1.000    1.000    1.000    1.000    1.000    1.000    1.000    1.000    1.000    1.000    1.000    1.000    
OASIS std_que
0.000    0.000    0.000    0.000    0.000    0.000    0.000    0.000    0.000    0.000    0.000    0.000    0.000    0.000    0.000    0.000    0.000    0.000    0.000    0.000    
OASIS AP_train
0.602    0.602    0.602    0.602    0.602    0.602    0.602    0.602    0.602    0.602    0.602    0.602    0.602    0.602    0.602    0.602    0.602    0.602    0.602    0.602    
OASIS std_AP_train
0.053    0.053    0.053    0.053    0.053    0.053    0.053    0.053    0.053    0.053    0.053    0.053    0.053    0.053    0.053    0.053    0.053    0.053    0.053    0.053    
OASIS mAP_train
0.508    0.508    0.508    0.508    0.508    0.508    0.508    0.508    0.508    0.508    0.508    0.508    0.508    0.508    0.508    0.508    0.508    0.508    0.508    0.508    
OASIS std_mAP_train
0.055    0.055    0.055    0.055    0.055    0.055    0.055    0.055    0.055    0.055    0.055    0.055    0.055    0.055    0.055    0.055    0.055    0.055    0.055    0.055    
OASIS AP_test
0.640    0.640    0.640    0.640    0.640    0.640    0.640    0.640    0.640    0.640    0.640    0.640    0.640    0.640    0.640    0.640    0.640    0.640    0.640    0.640    
OASIS std_AP_test
0.050    0.050    0.050    0.050    0.050    0.050    0.050    0.050    0.050    0.050    0.050    0.050    0.050    0.050    0.050    0.050    0.050    0.050    0.050    0.050    
OASIS mAP_test
0.552    0.552    0.552    0.552    0.552    0.552    0.552    0.552    0.552    0.552    0.552    0.552    0.552    0.552    0.552    0.552    0.552    0.552    0.552    0.552    
OASIS std_mAP_test
0.059    0.059    0.059    0.059    0.059    0.059    0.059    0.059    0.059    0.059    0.059    0.059    0.059    0.059    0.059    0.059    0.059    0.059    0.059    0.059    
OASIS time
0.019    0.019    0.019    0.019    0.019    0.019    0.019    0.019    0.019    0.019    0.019    0.019    0.019    0.019    0.019    0.019    0.019    0.019    0.019    0.019    
OASIS std_time
0.002    0.002    0.002    0.002    0.002    0.002    0.002    0.002    0.002    0.002    0.002    0.002    0.002    0.002    0.002    0.002    0.002    0.002    0.002    0.002    
PAAS que
0.030    0.041    0.056    0.078    0.104    0.138    0.183    0.244    0.328    0.434    0.557    0.685    0.797    0.881    0.935    0.965    0.982    0.991    0.996    0.998    
PAAS std_que
0.001    0.001    0.002    0.003    0.002    0.003    0.005    0.003    0.005    0.001    0.005    0.007    0.005    0.002    0.002    0.002    0.001    0.000    0.001    0.000    
PAAS AP_train
0.531    0.591    0.621    0.574    0.621    0.608    0.592    0.626    0.604    0.612    0.614    0.616    0.603    0.607    0.599    0.603    0.602    0.602    0.603    0.602    
PAAS std_AP_train
0.122    0.038    0.080    0.057    0.040    0.056    0.045    0.060    0.045    0.031    0.037    0.047    0.062    0.049    0.047    0.057    0.055    0.054    0.051    0.053    
PAAS mAP_train
0.465    0.529    0.558    0.507    0.544    0.533    0.515    0.552    0.532    0.536    0.530    0.532    0.513    0.514    0.506    0.511    0.509    0.508    0.510    0.508    
PAAS std_mAP_train
0.125    0.034    0.081    0.051    0.041    0.054    0.043    0.063    0.046    0.028    0.035    0.047    0.063    0.048    0.048    0.059    0.057    0.055    0.052    0.055    
PAAS AP_test
0.564    0.615    0.640    0.614    0.657    0.652    0.630    0.659    0.646    0.647    0.653    0.652    0.644    0.644    0.637    0.642    0.640    0.640    0.641    0.640    
PAAS std_AP_test
0.109    0.026    0.053    0.043    0.028    0.049    0.034    0.052    0.042    0.029    0.031    0.043    0.057    0.044    0.046    0.054    0.052    0.050    0.049    0.051    
PAAS mAP_test
0.486    0.548    0.566    0.541    0.582    0.572    0.547    0.584    0.568    0.570    0.573    0.574    0.558    0.557    0.547    0.554    0.552    0.551    0.553    0.552    
PAAS std_mAP_test
0.121    0.029    0.072    0.046    0.034    0.054    0.039    0.057    0.043    0.032    0.036    0.052    0.068    0.052    0.053    0.065    0.061    0.059    0.058    0.059    
PAAS time
0.009    0.010    0.009    0.009    0.011    0.010    0.010    0.013    0.012    0.013    0.015    0.016    0.015    0.017    0.016    0.016    0.017    0.019    0.017    0.017    
PAAS std_time
0.001    0.002    0.001    0.001    0.002    0.000    0.000    0.002    0.001    0.001    0.002    0.002    0.002    0.002    0.002    0.002    0.002    0.001    0.001    0.001    
PARS que
0.029    0.041    0.057    0.077    0.102    0.139    0.183    0.245    0.330    0.432    0.559    0.688    0.797    0.881    0.933    0.965    0.983    0.991    0.995    0.998    
PARS std_que
0.001    0.002    0.001    0.004    0.003    0.003    0.005    0.005    0.005    0.006    0.005    0.006    0.003    0.003    0.002    0.001    0.002    0.001    0.001    0.000    
PARS AP_train
0.328    0.424    0.516    0.472    0.471    0.538    0.525    0.532    0.528    0.572    0.551    0.580    0.593    0.591    0.590    0.600    0.603    0.600    0.602    0.602    
PARS std_AP_train
0.086    0.038    0.046    0.028    0.028    0.057    0.052    0.048    0.037    0.034    0.016    0.046    0.029    0.054    0.061    0.051    0.051    0.052    0.051    0.052    
PARS mAP_train
0.289    0.367    0.455    0.419    0.418    0.481    0.461    0.460    0.450    0.496    0.464    0.488    0.504    0.498    0.495    0.506    0.509    0.505    0.508    0.509    
PARS std_mAP_train
0.084    0.040    0.056    0.028    0.020    0.058    0.057    0.052    0.035    0.034    0.019    0.049    0.029    0.054    0.065    0.052    0.053    0.054    0.053    0.054    
PARS AP_test
0.346    0.468    0.537    0.502    0.517    0.562    0.545    0.578    0.567    0.599    0.589    0.619    0.630    0.627    0.630    0.637    0.639    0.638    0.640    0.640    
PARS std_AP_test
0.078    0.051    0.031    0.029    0.032    0.046    0.046    0.045    0.036    0.036    0.021    0.045    0.032    0.055    0.053    0.050    0.048    0.050    0.048    0.050    
PARS mAP_test
0.290    0.402    0.457    0.431    0.447    0.491    0.469    0.504    0.491    0.524    0.505    0.534    0.543    0.539    0.542    0.549    0.551    0.550    0.552    0.552    
PARS std_mAP_test
0.070    0.045    0.041    0.018    0.026    0.054    0.046    0.052    0.036    0.042    0.027    0.056    0.039    0.063    0.062    0.057    0.056    0.058    0.056    0.058    
PARS time
0.011    0.011    0.010    0.010    0.011    0.011    0.010    0.013    0.012    0.013    0.015    0.014    0.014    0.017    0.017    0.017    0.017    0.016    0.017    0.016    
PARS std_time
0.002    0.002    0.001    0.001    0.002    0.001    0.001    0.002    0.001    0.001    0.002    0.001    0.001    0.002    0.002    0.002    0.001    0.000    0.001    0.001    
CWS que
1.000    1.000    1.000    1.000    1.000    1.000    1.000    1.000    1.000    1.000    1.000    1.000    1.000    1.000    1.000    1.000    1.000    1.000    1.000    1.000    
CWS std_que
0.000    0.000    0.000    0.000    0.000    0.000    0.000    0.000    0.000    0.000    0.000    0.000    0.000    0.000    0.000    0.000    0.000    0.000    0.000    0.000    
CWS AP_train
0.686    0.686    0.686    0.686    0.686    0.686    0.686    0.686    0.686    0.686    0.686    0.686    0.686    0.686    0.686    0.686    0.686    0.686    0.686    0.686    
CWS std_AP_train
0.014    0.014    0.014    0.014    0.014    0.014    0.014    0.014    0.014    0.014    0.014    0.014    0.014    0.014    0.014    0.014    0.014    0.014    0.014    0.014    
CWS mAP_train
0.606    0.606    0.606    0.606    0.606    0.606    0.606    0.606    0.606    0.606    0.606    0.606    0.606    0.606    0.606    0.606    0.606    0.606    0.606    0.606    
CWS std_mAP_train
0.014    0.014    0.014    0.014    0.014    0.014    0.014    0.014    0.014    0.014    0.014    0.014    0.014    0.014    0.014    0.014    0.014    0.014    0.014    0.014    
CWS AP_test
0.737    0.737    0.737    0.737    0.737    0.737    0.737    0.737    0.737    0.737    0.737    0.737    0.737    0.737    0.737    0.737    0.737    0.737    0.737    0.737    
CWS std_AP_test
0.011    0.011    0.011    0.011    0.011    0.011    0.011    0.011    0.011    0.011    0.011    0.011    0.011    0.011    0.011    0.011    0.011    0.011    0.011    0.011    
CWS mAP_test
0.658    0.658    0.658    0.658    0.658    0.658    0.658    0.658    0.658    0.658    0.658    0.658    0.658    0.658    0.658    0.658    0.658    0.658    0.658    0.658    
CWS std_mAP_test
0.015    0.015    0.015    0.015    0.015    0.015    0.015    0.015    0.015    0.015    0.015    0.015    0.015    0.015    0.015    0.015    0.015    0.015    0.015    0.015    
CWS time
1.392    1.392    1.392    1.392    1.392    1.392    1.392    1.392    1.392    1.392    1.392    1.392    1.392    1.392    1.392    1.392    1.392    1.392    1.392    1.392    
CWS std_time
0.009    0.009    0.009    0.009    0.009    0.009    0.009    0.009    0.009    0.009    0.009    0.009    0.009    0.009    0.009    0.009    0.009    0.009    0.009    0.009    
CWAS que
0.005    0.007    0.013    0.021    0.032    0.050    0.080    0.128    0.191    0.292    0.416    0.558    0.698    0.813    0.892    0.943    0.972    0.984    0.992    0.996    
CWAS std_que
0.000    0.000    0.001    0.002    0.002    0.003    0.001    0.005    0.007    0.007    0.006    0.004    0.006    0.003    0.002    0.001    0.002    0.001    0.000    0.000    
CWAS AP_train
0.263    0.438    0.494    0.515    0.565    0.604    0.643    0.644    0.689    0.664    0.675    0.686    0.683    0.681    0.679    0.686    0.683    0.690    0.690    0.688    
CWAS std_AP_train
0.029    0.079    0.066    0.036    0.069    0.055    0.028    0.028    0.030    0.024    0.003    0.014    0.024    0.018    0.025    0.012    0.014    0.015    0.016    0.012    
CWAS mAP_train
0.204    0.372    0.422    0.430    0.478    0.517    0.564    0.560    0.615    0.584    0.592    0.607    0.606    0.599    0.598    0.604    0.602    0.612    0.611    0.607    
CWAS std_mAP_train
0.031    0.079    0.068    0.042    0.074    0.064    0.036    0.037    0.033    0.030    0.005    0.013    0.024    0.017    0.027    0.012    0.017    0.015    0.016    0.013    
CWAS AP_test
0.292    0.453    0.542    0.567    0.619    0.675    0.700    0.710    0.735    0.726    0.731    0.737    0.735    0.736    0.734    0.737    0.735    0.739    0.740    0.737    
CWAS std_AP_test
0.015    0.085    0.054    0.026    0.063    0.038    0.027    0.016    0.018    0.021    0.013    0.014    0.023    0.013    0.014    0.016    0.017    0.013    0.013    0.012    
CWAS mAP_test
0.225    0.375    0.463    0.469    0.530    0.585    0.619    0.632    0.660    0.649    0.652    0.658    0.656    0.656    0.653    0.658    0.655    0.660    0.661    0.657    
CWAS std_mAP_test
0.026    0.085    0.057    0.036    0.069    0.057    0.034    0.023    0.029    0.026    0.014    0.020    0.029    0.017    0.022    0.020    0.023    0.019    0.019    0.017    
CWAS time
0.949    0.919    0.902    0.912    0.972    0.984    1.030    1.071    1.109    1.185    1.236    1.285    1.320    1.339    1.350    1.361    1.363    1.381    1.365    1.304    
CWAS std_time
0.003    0.029    0.004    0.002    0.022    0.012    0.011    0.008    0.015    0.010    0.012    0.006    0.012    0.013    0.007    0.007    0.010    0.008    0.027    0.020    
CWAS_Adap que
0.055    0.055    0.055    0.055    0.056    0.056    0.057    0.057    0.060    0.069    0.090    0.132    0.219    0.370    0.565    0.765    0.895    0.961    0.985    0.995    
CWAS_Adap std_que
0.004    0.004    0.004    0.004    0.004    0.004    0.003    0.004    0.003    0.003    0.003    0.005    0.004    0.009    0.007    0.005    0.003    0.002    0.001    0.001    
CWAS_Adap AP_train
0.626    0.642    0.633    0.633    0.623    0.626    0.640    0.660    0.626    0.636    0.648    0.654    0.683    0.682    0.686    0.683    0.683    0.689    0.688    0.688    
CWAS_Adap std_AP_train
0.043    0.031    0.034    0.039    0.028    0.028    0.026    0.024    0.034    0.029    0.032    0.037    0.024    0.019    0.028    0.018    0.015    0.016    0.011    0.015    
CWAS_Adap mAP_train
0.539    0.555    0.545    0.549    0.535    0.539    0.551    0.577    0.539    0.546    0.559    0.567    0.603    0.602    0.604    0.602    0.602    0.611    0.608    0.608    
CWAS_Adap std_mAP_train
0.046    0.037    0.043    0.043    0.037    0.035    0.036    0.025    0.035    0.034    0.043    0.044    0.027    0.020    0.030    0.021    0.016    0.018    0.011    0.015    
CWAS_Adap AP_test
0.689    0.693    0.687    0.696    0.681    0.686    0.697    0.710    0.696    0.709    0.711    0.723    0.736    0.735    0.737    0.734    0.733    0.738    0.738    0.738    
CWAS_Adap std_AP_test
0.036    0.032    0.032    0.020    0.022    0.025    0.015    0.026    0.026    0.018    0.016    0.019    0.017    0.024    0.024    0.016    0.011    0.011    0.013    0.012    
CWAS_Adap mAP_test
0.600    0.606    0.596    0.613    0.597    0.596    0.613    0.623    0.612    0.627    0.626    0.646    0.656    0.658    0.656    0.653    0.653    0.659    0.658    0.659    
CWAS_Adap std_mAP_test
0.049    0.044    0.049    0.028    0.039    0.035    0.029    0.030    0.037    0.026    0.027    0.029    0.023    0.034    0.031    0.023    0.015    0.018    0.018    0.018    
CWAS_Adap time
1.038    0.997    0.966    0.967    1.017    1.014    1.018    1.017    1.023    1.037    1.053    1.093    1.148    1.228    1.282    1.323    1.356    1.371    1.368    1.304    
CWAS_Adap std_time
0.005    0.028    0.008    0.006    0.025    0.018    0.009    0.007    0.005    0.008    0.006    0.005    0.008    0.015    0.016    0.013    0.013    0.015    0.011    0.016    
CWRS que
0.005    0.007    0.013    0.022    0.033    0.050    0.080    0.128    0.188    0.295    0.412    0.559    0.701    0.812    0.892    0.942    0.972    0.984    0.992    0.996    
CWRS std_que
0.001    0.001    0.001    0.002    0.002    0.003    0.003    0.005    0.008    0.006    0.005    0.003    0.004    0.006    0.001    0.002    0.002    0.001    0.001    0.001    
CWRS AP_train
0.204    0.294    0.381    0.353    0.453    0.515    0.572    0.596    0.638    0.624    0.666    0.672    0.680    0.688    0.681    0.682    0.681    0.683    0.682    0.686    
CWRS std_AP_train
0.055    0.060    0.075    0.022    0.039    0.072    0.038    0.031    0.032    0.019    0.019    0.017    0.016    0.017    0.027    0.012    0.016    0.015    0.017    0.014    
CWRS mAP_train
0.160    0.237    0.304    0.281    0.365    0.430    0.479    0.513    0.554    0.540    0.589    0.591    0.600    0.610    0.603    0.600    0.600    0.602    0.601    0.607    
CWRS std_mAP_train
0.052    0.056    0.079    0.021    0.041    0.073    0.044    0.026    0.033    0.030    0.026    0.019    0.018    0.019    0.030    0.017    0.019    0.017    0.016    0.016    
CWRS AP_test
0.205    0.308    0.407    0.404    0.515    0.574    0.618    0.656    0.701    0.686    0.719    0.728    0.734    0.736    0.730    0.734    0.735    0.734    0.733    0.739    
CWRS std_AP_test
0.057    0.066    0.064    0.023    0.043    0.046    0.027    0.032    0.028    0.024    0.010    0.011    0.010    0.010    0.024    0.018    0.010    0.012    0.016    0.011    
CWRS mAP_test
0.152    0.227    0.319    0.314    0.416    0.469    0.522    0.568    0.619    0.591    0.639    0.649    0.656    0.657    0.650    0.653    0.654    0.653    0.652    0.659    
CWRS std_mAP_test
0.048    0.051    0.069    0.025    0.047    0.051    0.037    0.030    0.033    0.029    0.014    0.018    0.017    0.013    0.035    0.024    0.015    0.018    0.022    0.015    
CWRS time
0.953    0.911    0.895    0.904    0.953    0.957    0.981    1.012    1.042    1.095    1.136    1.200    1.256    1.292    1.331    1.346    1.350    1.362    1.361    1.301    
CWRS std_time
0.005    0.027    0.004    0.002    0.021    0.016    0.013    0.006    0.007    0.004    0.007    0.012    0.004    0.007    0.016    0.005    0.008    0.024    0.028    0.013    
AROMA que
1.000    1.000    1.000    1.000    1.000    1.000    1.000    1.000    1.000    1.000    1.000    1.000    1.000    1.000    1.000    1.000    1.000    1.000    1.000    1.000    
AROMA std_que
0.000    0.000    0.000    0.000    0.000    0.000    0.000    0.000    0.000    0.000    0.000    0.000    0.000    0.000    0.000    0.000    0.000    0.000    0.000    0.000    
AROMA AP_train
0.706    0.706    0.706    0.706    0.706    0.706    0.706    0.706    0.706    0.706    0.706    0.706    0.706    0.706    0.706    0.706    0.706    0.706    0.706    0.706    
AROMA std_AP_train
0.010    0.010    0.010    0.010    0.010    0.010    0.010    0.010    0.010    0.010    0.010    0.010    0.010    0.010    0.010    0.010    0.010    0.010    0.010    0.010    
AROMA mAP_train
0.622    0.622    0.622    0.622    0.622    0.622    0.622    0.622    0.622    0.622    0.622    0.622    0.622    0.622    0.622    0.622    0.622    0.622    0.622    0.622    
AROMA std_mAP_train
0.012    0.012    0.012    0.012    0.012    0.012    0.012    0.012    0.012    0.012    0.012    0.012    0.012    0.012    0.012    0.012    0.012    0.012    0.012    0.012    
AROMA AP_test
0.748    0.748    0.748    0.748    0.748    0.748    0.748    0.748    0.748    0.748    0.748    0.748    0.748    0.748    0.748    0.748    0.748    0.748    0.748    0.748    
AROMA std_AP_test
0.011    0.011    0.011    0.011    0.011    0.011    0.011    0.011    0.011    0.011    0.011    0.011    0.011    0.011    0.011    0.011    0.011    0.011    0.011    0.011    
AROMA mAP_test
0.669    0.669    0.669    0.669    0.669    0.669    0.669    0.669    0.669    0.669    0.669    0.669    0.669    0.669    0.669    0.669    0.669    0.669    0.669    0.669    
AROMA std_mAP_test
0.015    0.015    0.015    0.015    0.015    0.015    0.015    0.015    0.015    0.015    0.015    0.015    0.015    0.015    0.015    0.015    0.015    0.015    0.015    0.015    
AROMA time
0.769    0.769    0.769    0.769    0.769    0.769    0.769    0.769    0.769    0.769    0.769    0.769    0.769    0.769    0.769    0.769    0.769    0.769    0.769    0.769    
AROMA std_time
0.017    0.017    0.017    0.017    0.017    0.017    0.017    0.017    0.017    0.017    0.017    0.017    0.017    0.017    0.017    0.017    0.017    0.017    0.017    0.017    
