OASIS que
1.000    1.000    1.000    1.000    1.000    1.000    1.000    1.000    1.000    1.000    1.000    1.000    1.000    1.000    1.000    1.000    1.000    1.000    1.000    1.000    
OASIS std_que
0.000    0.000    0.000    0.000    0.000    0.000    0.000    0.000    0.000    0.000    0.000    0.000    0.000    0.000    0.000    0.000    0.000    0.000    0.000    0.000    
OASIS AP_train
0.516    0.516    0.516    0.516    0.516    0.516    0.516    0.516    0.516    0.516    0.516    0.516    0.516    0.516    0.516    0.516    0.516    0.516    0.516    0.516    
OASIS std_AP_train
0.066    0.066    0.066    0.066    0.066    0.066    0.066    0.066    0.066    0.066    0.066    0.066    0.066    0.066    0.066    0.066    0.066    0.066    0.066    0.066    
OASIS mAP_train
0.443    0.443    0.443    0.443    0.443    0.443    0.443    0.443    0.443    0.443    0.443    0.443    0.443    0.443    0.443    0.443    0.443    0.443    0.443    0.443    
OASIS std_mAP_train
0.061    0.061    0.061    0.061    0.061    0.061    0.061    0.061    0.061    0.061    0.061    0.061    0.061    0.061    0.061    0.061    0.061    0.061    0.061    0.061    
OASIS AP_test
0.586    0.586    0.586    0.586    0.586    0.586    0.586    0.586    0.586    0.586    0.586    0.586    0.586    0.586    0.586    0.586    0.586    0.586    0.586    0.586    
OASIS std_AP_test
0.033    0.033    0.033    0.033    0.033    0.033    0.033    0.033    0.033    0.033    0.033    0.033    0.033    0.033    0.033    0.033    0.033    0.033    0.033    0.033    
OASIS mAP_test
0.515    0.515    0.515    0.515    0.515    0.515    0.515    0.515    0.515    0.515    0.515    0.515    0.515    0.515    0.515    0.515    0.515    0.515    0.515    0.515    
OASIS std_mAP_test
0.056    0.056    0.056    0.056    0.056    0.056    0.056    0.056    0.056    0.056    0.056    0.056    0.056    0.056    0.056    0.056    0.056    0.056    0.056    0.056    
OASIS time
0.083    0.083    0.083    0.083    0.083    0.083    0.083    0.083    0.083    0.083    0.083    0.083    0.083    0.083    0.083    0.083    0.083    0.083    0.083    0.083    
OASIS std_time
0.002    0.002    0.002    0.002    0.002    0.002    0.002    0.002    0.002    0.002    0.002    0.002    0.002    0.002    0.002    0.002    0.002    0.002    0.002    0.002    
PAAS que
0.003    0.006    0.010    0.017    0.028    0.056    0.096    0.156    0.231    0.333    0.452    0.579    0.697    0.799    0.873    0.926    0.960    0.978    0.988    0.994    
PAAS std_que
0.000    0.001    0.001    0.001    0.002    0.003    0.005    0.002    0.004    0.002    0.005    0.002    0.004    0.002    0.003    0.001    0.001    0.001    0.001    0.000    
PAAS AP_train
0.142    0.184    0.141    0.188    0.224    0.307    0.262    0.361    0.430    0.428    0.458    0.434    0.490    0.519    0.517    0.499    0.509    0.515    0.515    0.515    
PAAS std_AP_train
0.043    0.054    0.038    0.047    0.058    0.065    0.092    0.078    0.083    0.142    0.054    0.086    0.066    0.043    0.049    0.059    0.064    0.060    0.062    0.066    
PAAS mAP_train
0.105    0.127    0.125    0.130    0.152    0.220    0.216    0.277    0.350    0.350    0.374    0.355    0.401    0.439    0.444    0.426    0.435    0.442    0.440    0.443    
PAAS std_mAP_train
0.011    0.059    0.025    0.023    0.052    0.056    0.079    0.076    0.085    0.138    0.059    0.089    0.085    0.069    0.053    0.051    0.058    0.060    0.053    0.062    
PAAS AP_test
0.168    0.197    0.167    0.202    0.212    0.311    0.297    0.410    0.488    0.426    0.524    0.502    0.522    0.579    0.582    0.582    0.584    0.587    0.586    0.588    
PAAS std_AP_test
0.050    0.045    0.057    0.054    0.054    0.085    0.084    0.078    0.050    0.151    0.032    0.113    0.115    0.055    0.024    0.034    0.032    0.032    0.033    0.035    
PAAS mAP_test
0.114    0.137    0.136    0.155    0.134    0.225    0.224    0.301    0.374    0.346    0.423    0.414    0.453    0.509    0.505    0.508    0.511    0.514    0.515    0.520    
PAAS std_mAP_test
0.017    0.058    0.030    0.056    0.051    0.046    0.066    0.083    0.058    0.141    0.052    0.113    0.127    0.085    0.046    0.053    0.054    0.050    0.056    0.057    
PAAS time
0.041    0.045    0.042    0.042    0.043    0.045    0.047    0.051    0.055    0.064    0.068    0.076    0.075    0.076    0.088    0.095    0.091    0.088    0.090    0.089    
PAAS std_time
0.001    0.003    0.000    0.002    0.002    0.001    0.001    0.001    0.001    0.003    0.002    0.004    0.001    0.000    0.002    0.004    0.002    0.004    0.003    0.002    
PARS que
0.003    0.006    0.010    0.016    0.028    0.057    0.095    0.156    0.232    0.332    0.450    0.577    0.696    0.801    0.872    0.927    0.959    0.978    0.988    0.993    
PARS std_que
0.001    0.001    0.001    0.002    0.002    0.003    0.003    0.003    0.004    0.004    0.007    0.005    0.004    0.004    0.005    0.001    0.001    0.001    0.001    0.001    
PARS AP_train
0.206    0.135    0.178    0.172    0.184    0.380    0.314    0.376    0.408    0.407    0.370    0.490    0.512    0.506    0.480    0.521    0.515    0.513    0.505    0.519    
PARS std_AP_train
0.061    0.046    0.050    0.032    0.059    0.093    0.114    0.056    0.092    0.117    0.093    0.035    0.084    0.079    0.052    0.078    0.070    0.067    0.061    0.064    
PARS mAP_train
0.123    0.108    0.131    0.137    0.156    0.306    0.242    0.282    0.338    0.332    0.294    0.418    0.451    0.431    0.416    0.460    0.449    0.441    0.433    0.445    
PARS std_mAP_train
0.029    0.003    0.037    0.022    0.044    0.102    0.084    0.045    0.098    0.113    0.097    0.042    0.103    0.101    0.055    0.092    0.073    0.061    0.053    0.060    
PARS AP_test
0.215    0.146    0.187    0.249    0.184    0.392    0.309    0.383    0.448    0.440    0.412    0.509    0.556    0.571    0.561    0.589    0.585    0.586    0.583    0.585    
PARS std_AP_test
0.027    0.048    0.049    0.062    0.060    0.088    0.111    0.045    0.144    0.116    0.134    0.048    0.045    0.062    0.045    0.028    0.037    0.035    0.031    0.033    
PARS mAP_test
0.111    0.112    0.123    0.153    0.137    0.304    0.215    0.265    0.358    0.350    0.331    0.409    0.510    0.498    0.474    0.520    0.512    0.517    0.514    0.517    
PARS std_mAP_test
0.027    0.007    0.032    0.033    0.020    0.107    0.073    0.060    0.125    0.116    0.119    0.046    0.063    0.082    0.054    0.052    0.059    0.057    0.054    0.054    
PARS time
0.041    0.044    0.043    0.044    0.043    0.045    0.047    0.048    0.051    0.059    0.063    0.069    0.073    0.074    0.088    0.093    0.091    0.090    0.090    0.091    
PARS std_time
0.002    0.002    0.005    0.003    0.001    0.001    0.003    0.001    0.001    0.003    0.004    0.004    0.002    0.001    0.002    0.003    0.002    0.003    0.002    0.001    
CWS que
1.000    1.000    1.000    1.000    1.000    1.000    1.000    1.000    1.000    1.000    1.000    1.000    1.000    1.000    1.000    1.000    1.000    1.000    1.000    1.000    
CWS std_que
0.000    0.000    0.000    0.000    0.000    0.000    0.000    0.000    0.000    0.000    0.000    0.000    0.000    0.000    0.000    0.000    0.000    0.000    0.000    0.000    
CWS AP_train
0.617    0.617    0.617    0.617    0.617    0.617    0.617    0.617    0.617    0.617    0.617    0.617    0.617    0.617    0.617    0.617    0.617    0.617    0.617    0.617    
CWS std_AP_train
0.009    0.009    0.009    0.009    0.009    0.009    0.009    0.009    0.009    0.009    0.009    0.009    0.009    0.009    0.009    0.009    0.009    0.009    0.009    0.009    
CWS mAP_train
0.561    0.561    0.561    0.561    0.561    0.561    0.561    0.561    0.561    0.561    0.561    0.561    0.561    0.561    0.561    0.561    0.561    0.561    0.561    0.561    
CWS std_mAP_train
0.023    0.023    0.023    0.023    0.023    0.023    0.023    0.023    0.023    0.023    0.023    0.023    0.023    0.023    0.023    0.023    0.023    0.023    0.023    0.023    
CWS AP_test
0.647    0.647    0.647    0.647    0.647    0.647    0.647    0.647    0.647    0.647    0.647    0.647    0.647    0.647    0.647    0.647    0.647    0.647    0.647    0.647    
CWS std_AP_test
0.036    0.036    0.036    0.036    0.036    0.036    0.036    0.036    0.036    0.036    0.036    0.036    0.036    0.036    0.036    0.036    0.036    0.036    0.036    0.036    
CWS mAP_test
0.595    0.595    0.595    0.595    0.595    0.595    0.595    0.595    0.595    0.595    0.595    0.595    0.595    0.595    0.595    0.595    0.595    0.595    0.595    0.595    
CWS std_mAP_test
0.056    0.056    0.056    0.056    0.056    0.056    0.056    0.056    0.056    0.056    0.056    0.056    0.056    0.056    0.056    0.056    0.056    0.056    0.056    0.056    
CWS time
43.627   43.627   43.627   43.627   43.627   43.627   43.627   43.627   43.627   43.627   43.627   43.627   43.627   43.627   43.627   43.627   43.627   43.627   43.627   43.627   
CWS std_time
0.358    0.358    0.358    0.358    0.358    0.358    0.358    0.358    0.358    0.358    0.358    0.358    0.358    0.358    0.358    0.358    0.358    0.358    0.358    0.358    
CWAS que
0.001    0.001    0.002    0.003    0.007    0.012    0.027    0.049    0.089    0.149    0.243    0.373    0.510    0.647    0.764    0.854    0.913    0.952    0.974    0.987    
CWAS std_que
0.000    0.000    0.000    0.001    0.001    0.001    0.002    0.003    0.002    0.002    0.003    0.002    0.008    0.006    0.004    0.001    0.002    0.002    0.002    0.001    
CWAS AP_train
0.140    0.211    0.183    0.189    0.172    0.313    0.297    0.481    0.495    0.557    0.575    0.573    0.595    0.604    0.617    0.607    0.627    0.612    0.619    0.612    
CWAS std_AP_train
0.038    0.070    0.039    0.045    0.050    0.143    0.094    0.089    0.088    0.042    0.056    0.056    0.022    0.026    0.020    0.012    0.022    0.023    0.025    0.017    
CWAS mAP_train
0.108    0.176    0.110    0.128    0.127    0.240    0.224    0.402    0.402    0.488    0.497    0.502    0.532    0.551    0.561    0.550    0.576    0.563    0.562    0.562    
CWAS std_mAP_train
0.015    0.088    0.028    0.028    0.025    0.146    0.063    0.107    0.103    0.050    0.070    0.066    0.039    0.047    0.035    0.020    0.045    0.035    0.041    0.040    
CWAS AP_test
0.153    0.212    0.193    0.177    0.204    0.366    0.390    0.535    0.526    0.595    0.617    0.586    0.604    0.636    0.634    0.629    0.644    0.638    0.645    0.640    
CWAS std_AP_test
0.041    0.058    0.052    0.039    0.079    0.112    0.079    0.053    0.073    0.039    0.018    0.059    0.018    0.014    0.021    0.020    0.026    0.035    0.020    0.030    
CWAS mAP_test
0.107    0.161    0.113    0.110    0.135    0.255    0.266    0.459    0.450    0.522    0.558    0.526    0.549    0.581    0.579    0.578    0.588    0.582    0.588    0.586    
CWAS std_mAP_test
0.016    0.073    0.031    0.018    0.051    0.106    0.063    0.082    0.104    0.057    0.023    0.081    0.036    0.038    0.041    0.047    0.040    0.060    0.042    0.048    
CWAS time
28.074   28.991   28.434   29.007   28.599   28.905   29.472   29.989   30.858   36.238   35.897   38.680   39.855   40.535   50.483   52.481   51.438   48.475   48.657   48.794   
CWAS std_time
0.130    0.659    0.550    0.780    0.073    0.319    0.260    0.395    0.119    1.878    0.960    0.578    0.570    0.177    0.573    0.769    0.586    0.320    0.390    0.602    
CWAS_Adap que
0.097    0.097    0.097    0.096    0.098    0.098    0.097    0.097    0.099    0.103    0.114    0.134    0.189    0.293    0.460    0.645    0.804    0.910    0.962    0.985    
CWAS_Adap std_que
0.002    0.002    0.003    0.002    0.003    0.001    0.002    0.001    0.002    0.002    0.002    0.004    0.004    0.004    0.006    0.006    0.004    0.001    0.002    0.001    
CWAS_Adap AP_train
0.548    0.548    0.574    0.549    0.546    0.514    0.499    0.538    0.569    0.529    0.549    0.541    0.548    0.592    0.615    0.604    0.616    0.615    0.612    0.610    
CWAS_Adap std_AP_train
0.051    0.051    0.048    0.050    0.070    0.054    0.038    0.025    0.030    0.064    0.025    0.063    0.037    0.043    0.018    0.032    0.015    0.021    0.023    0.016    
CWAS_Adap mAP_train
0.478    0.478    0.522    0.480    0.495    0.429    0.421    0.466    0.503    0.470    0.477    0.481    0.468    0.523    0.562    0.555    0.561    0.560    0.549    0.553    
CWAS_Adap std_mAP_train
0.086    0.086    0.075    0.085    0.078    0.079    0.046    0.030    0.052    0.096    0.040    0.083    0.047    0.033    0.036    0.043    0.036    0.034    0.031    0.030    
CWAS_Adap AP_test
0.571    0.571    0.586    0.563    0.556    0.602    0.536    0.559    0.565    0.563    0.569    0.576    0.572    0.601    0.623    0.638    0.642    0.644    0.640    0.647    
CWAS_Adap std_AP_test
0.021    0.021    0.041    0.036    0.054    0.045    0.029    0.054    0.031    0.035    0.041    0.047    0.029    0.041    0.022    0.032    0.035    0.029    0.033    0.027    
CWAS_Adap mAP_test
0.502    0.502    0.524    0.497    0.498    0.528    0.443    0.493    0.484    0.510    0.504    0.510    0.523    0.555    0.580    0.586    0.595    0.590    0.589    0.589    
CWAS_Adap std_mAP_test
0.029    0.029    0.052    0.038    0.055    0.058    0.051    0.075    0.048    0.060    0.067    0.070    0.047    0.066    0.030    0.049    0.059    0.051    0.054    0.050    
CWAS_Adap time
32.088   33.420   32.383   33.131   32.573   32.695   32.822   32.255   32.056   35.905   33.584   33.828   34.857   36.592   47.504   51.328   49.943   48.579   48.474   48.783   
CWAS_Adap std_time
0.235    0.732    0.483    1.013    0.214    0.334    0.393    0.319    0.080    1.969    0.942    0.550    0.327    0.285    0.881    0.566    2.703    0.318    0.338    0.585    
CWRS que
0.001    0.001    0.002    0.003    0.007    0.012    0.026    0.049    0.089    0.150    0.242    0.373    0.512    0.648    0.767    0.853    0.914    0.951    0.975    0.988    
CWRS std_que
0.000    0.000    0.000    0.001    0.001    0.001    0.003    0.004    0.004    0.003    0.004    0.006    0.007    0.005    0.006    0.003    0.002    0.002    0.002    0.001    
CWRS AP_train
0.151    0.198    0.195    0.210    0.218    0.252    0.255    0.379    0.491    0.484    0.521    0.559    0.590    0.596    0.603    0.616    0.613    0.624    0.615    0.615    
CWRS std_AP_train
0.047    0.056    0.067    0.105    0.072    0.049    0.088    0.070    0.069    0.046    0.029    0.059    0.024    0.032    0.024    0.016    0.027    0.020    0.006    0.030    
CWRS mAP_train
0.129    0.129    0.130    0.161    0.164    0.170    0.213    0.282    0.406    0.402    0.460    0.506    0.522    0.539    0.547    0.567    0.557    0.569    0.561    0.563    
CWRS std_mAP_train
0.055    0.035    0.018    0.075    0.044    0.031    0.072    0.061    0.084    0.054    0.041    0.080    0.025    0.053    0.035    0.034    0.050    0.030    0.020    0.044    
CWRS AP_test
0.176    0.187    0.212    0.212    0.268    0.270    0.315    0.435    0.527    0.547    0.563    0.600    0.611    0.631    0.625    0.629    0.641    0.644    0.640    0.643    
CWRS std_AP_test
0.045    0.064    0.073    0.097    0.044    0.049    0.090    0.075    0.071    0.043    0.025    0.039    0.022    0.017    0.030    0.019    0.019    0.031    0.026    0.023    
CWRS mAP_test
0.139    0.130    0.135    0.153    0.188    0.181    0.218    0.326    0.443    0.456    0.480    0.537    0.564    0.575    0.567    0.581    0.590    0.589    0.586    0.586    
CWRS std_mAP_test
0.055    0.039    0.038    0.055    0.039    0.035    0.064    0.077    0.103    0.052    0.040    0.054    0.030    0.034    0.048    0.035    0.038    0.050    0.048    0.045    
CWRS time
27.980   29.354   28.254   28.498   28.381   28.568   28.897   28.904   29.320   33.065   32.635   34.739   36.365   38.821   47.615   49.237   49.024   47.776   48.022   48.468   
CWRS std_time
0.075    0.114    0.452    0.576    0.073    0.361    0.345    0.250    0.095    1.922    0.988    0.475    0.717    2.867    0.512    0.905    1.906    0.285    0.266    0.620    
AROMA que
1.000    1.000    1.000    1.000    1.000    1.000    1.000    1.000    1.000    1.000    1.000    1.000    1.000    1.000    1.000    1.000    1.000    1.000    1.000    1.000    
AROMA std_que
0.000    0.000    0.000    0.000    0.000    0.000    0.000    0.000    0.000    0.000    0.000    0.000    0.000    0.000    0.000    0.000    0.000    0.000    0.000    0.000    
AROMA AP_train
0.614    0.614    0.614    0.614    0.614    0.614    0.614    0.614    0.614    0.614    0.614    0.614    0.614    0.614    0.614    0.614    0.614    0.614    0.614    0.614    
AROMA std_AP_train
0.007    0.007    0.007    0.007    0.007    0.007    0.007    0.007    0.007    0.007    0.007    0.007    0.007    0.007    0.007    0.007    0.007    0.007    0.007    0.007    
AROMA mAP_train
0.580    0.580    0.580    0.580    0.580    0.580    0.580    0.580    0.580    0.580    0.580    0.580    0.580    0.580    0.580    0.580    0.580    0.580    0.580    0.580    
AROMA std_mAP_train
0.010    0.010    0.010    0.010    0.010    0.010    0.010    0.010    0.010    0.010    0.010    0.010    0.010    0.010    0.010    0.010    0.010    0.010    0.010    0.010    
AROMA AP_test
0.620    0.620    0.620    0.620    0.620    0.620    0.620    0.620    0.620    0.620    0.620    0.620    0.620    0.620    0.620    0.620    0.620    0.620    0.620    0.620    
AROMA std_AP_test
0.025    0.025    0.025    0.025    0.025    0.025    0.025    0.025    0.025    0.025    0.025    0.025    0.025    0.025    0.025    0.025    0.025    0.025    0.025    0.025    
AROMA mAP_test
0.584    0.584    0.584    0.584    0.584    0.584    0.584    0.584    0.584    0.584    0.584    0.584    0.584    0.584    0.584    0.584    0.584    0.584    0.584    0.584    
AROMA std_mAP_test
0.038    0.038    0.038    0.038    0.038    0.038    0.038    0.038    0.038    0.038    0.038    0.038    0.038    0.038    0.038    0.038    0.038    0.038    0.038    0.038    
AROMA time
31.021   31.021   31.021   31.021   31.021   31.021   31.021   31.021   31.021   31.021   31.021   31.021   31.021   31.021   31.021   31.021   31.021   31.021   31.021   31.021   
AROMA std_time
0.503    0.503    0.503    0.503    0.503    0.503    0.503    0.503    0.503    0.503    0.503    0.503    0.503    0.503    0.503    0.503    0.503    0.503    0.503    0.503    
