0 query
OASIS algorithm
1 1 1 1 1 
0.595707 0.518104 0.519483 0.549825 0.396678 
0.53483 0.455198 0.428837 0.450949 0.343184 
0.618026 0.556643 0.547941 0.631935 0.575291 
0.597354 0.475684 0.471256 0.56742 0.464215 
0.087 0.084 0.083 0.08 0.082 
PAAS algorithm
0.00327778 0.00322222 0.00394444 0.00266667 0.00361111 
0.145144 0.12263 0.1115 0.106643 0.224514 
0.0893965 0.0967157 0.1115 0.106643 0.121105 
0.202253 0.18244 0.100233 0.119658 0.233644 
0.103196 0.102291 0.100233 0.119658 0.146159 
0.04 0.042 0.042 0.039 0.042 
PARS algorithm
0.00288889 0.00427778 0.00422222 0.00216667 0.0035 
0.230031 0.235684 0.28582 0.165948 0.111111 
0.133537 0.135802 0.160393 0.0729674 0.111111 
0.243745 0.241259 0.221601 0.185082 0.18174 
0.140908 0.141972 0.108579 0.0866912 0.0783928 
0.038 0.043 0.042 0.041 0.04 
CWS algorithm
1 1 1 1 1 
0.627681 0.602078 0.618862 0.6162 0.622494 
0.575524 0.566751 0.51651 0.581691 0.566255 
0.64662 0.582984 0.650039 0.691764 0.66519 
0.593762 0.487806 0.612808 0.644064 0.635514 
43.523 44.09 43.976 43.127 43.418 
CWAS algorithm
0.000777778 0.0005 0.000555556 0.000833333 0.00105556 
0.118434 0.206041 0.160742 0.106643 0.11014 
0.0994729 0.135352 0.0890963 0.106643 0.11014 
0.191064 0.209868 0.139083 0.119658 0.105672 
0.0965943 0.128712 0.084252 0.119658 0.105672 
27.899 28.257 28.184 28.046 27.984 
CWAS_Adap algorithm
0.0928333 0.0979444 0.0980556 0.0956111 0.0980556 
0.624126 0.490754 0.498038 0.543162 0.585878 
0.608324 0.36903 0.406027 0.470142 0.535165 
0.571173 0.582207 0.530692 0.585082 0.585548 
0.49977 0.5048 0.455728 0.547217 0.504807 
31.787 32.309 32.378 32.107 31.858 
CWRS algorithm
0.000333333 0.000666667 0.0005 0.000611111 0.000777778 
0.108586 0.108392 0.236597 0.144969 0.156702 
0.108586 0.097483 0.236597 0.0815618 0.12131 
0.111888 0.145843 0.244755 0.19798 0.17972 
0.111888 0.0967972 0.244755 0.14154 0.101806 
28.092 27.938 28.03 27.967 27.875 
AROMA algorithm
1 1 1 1 1 
0.618473 0.615754 0.616026 0.618998 0.600175 
0.589789 0.578966 0.57614 0.59051 0.562679 
0.624398 0.602564 0.581585 0.649184 0.64157 
0.590245 0.563895 0.523875 0.632006 0.611619 
30.721 31.583 31.676 30.635 30.492 
1 query
OASIS algorithm
1 1 1 1 1 
0.595707 0.518104 0.519483 0.549825 0.396678 
0.53483 0.455198 0.428837 0.450949 0.343184 
0.618026 0.556643 0.547941 0.631935 0.575291 
0.597354 0.475684 0.471256 0.56742 0.464215 
0.087 0.084 0.083 0.08 0.082 
PAAS algorithm
0.00583333 0.00577778 0.005 0.00688889 0.00583333 
0.244172 0.135295 0.195824 0.106643 0.23582 
0.135026 0.0782642 0.0772707 0.106643 0.23582 
0.214452 0.175835 0.228205 0.119658 0.247863 
0.131312 0.0838885 0.101041 0.119658 0.247863 
0.041 0.043 0.047 0.049 0.043 
PARS algorithm
0.00611111 0.00555556 0.00455556 0.00705556 0.00627778 
0.108683 0.225427 0.1115 0.106643 0.12296 
0.108596 0.103732 0.1115 0.106643 0.111945 
0.132712 0.237529 0.100466 0.119658 0.138384 
0.114365 0.116742 0.100261 0.119658 0.108699 
0.041 0.042 0.048 0.043 0.045 
CWS algorithm
1 1 1 1 1 
0.627681 0.602078 0.618862 0.6162 0.622494 
0.575524 0.566751 0.51651 0.581691 0.566255 
0.64662 0.582984 0.650039 0.691764 0.66519 
0.593762 0.487806 0.612808 0.644064 0.635514 
43.523 44.09 43.976 43.127 43.418 
CWAS algorithm
0.00105556 0.00116667 0.000888889 0.00138889 0.00111111 
0.187587 0.322727 0.236597 0.106643 0.201787 
0.125411 0.320437 0.236597 0.106643 0.0931245 
0.192618 0.296037 0.242657 0.119658 0.208547 
0.0959416 0.288619 0.195445 0.119658 0.104605 
27.831 29.43 29.25 29.702 28.74 
CWAS_Adap algorithm
0.0928333 0.098 0.0980556 0.0956667 0.0980556 
0.624126 0.490754 0.498038 0.543162 0.585878 
0.608324 0.36903 0.406027 0.470142 0.535165 
0.571173 0.582207 0.530692 0.585082 0.585548 
0.49977 0.5048 0.455728 0.547217 0.504807 
32.021 34.037 33.4 33.923 33.719 
CWRS algorithm
0.000611111 0.00155556 0.001 0.00144444 0.000722222 
0.167871 0.109363 0.238539 0.271037 0.204623 
0.069107 0.109363 0.158637 0.15609 0.150034 
0.191531 0.123699 0.204118 0.294949 0.118337 
0.0950388 0.105932 0.136986 0.202536 0.11111 
29.538 29.376 29.359 29.183 29.315 
AROMA algorithm
1 1 1 1 1 
0.618473 0.615754 0.616026 0.618998 0.600175 
0.589789 0.578966 0.57614 0.59051 0.562679 
0.624398 0.602564 0.581585 0.649184 0.64157 
0.590245 0.563895 0.523875 0.632006 0.611619 
30.721 31.583 31.676 30.635 30.492 
2 query
OASIS algorithm
1 1 1 1 1 
0.595707 0.518104 0.519483 0.549825 0.396678 
0.53483 0.455198 0.428837 0.450949 0.343184 
0.618026 0.556643 0.547941 0.631935 0.575291 
0.597354 0.475684 0.471256 0.56742 0.464215 
0.087 0.084 0.083 0.08 0.082 
PAAS algorithm
0.00927778 0.01 0.00988889 0.0113333 0.0085 
0.20812 0.111111 0.153885 0.106643 0.123232 
0.159892 0.109555 0.148998 0.106643 0.0995843 
0.236286 0.133955 0.107692 0.119658 0.236053 
0.174898 0.113168 0.102715 0.119658 0.167446 
0.042 0.042 0.042 0.043 0.042 
PARS algorithm
0.00966667 0.0104444 0.00994444 0.0116111 0.0095 
0.14629 0.252894 0.171678 0.210159 0.11014 
0.100192 0.200716 0.137586 0.105909 0.11014 
0.228361 0.238928 0.157653 0.205672 0.105672 
0.112348 0.183431 0.119847 0.0931505 0.105672 
0.041 0.042 0.04 0.039 0.052 
CWS algorithm
1 1 1 1 1 
0.627681 0.602078 0.618862 0.6162 0.622494 
0.575524 0.566751 0.51651 0.581691 0.566255 
0.64662 0.582984 0.650039 0.691764 0.66519 
0.593762 0.487806 0.612808 0.644064 0.635514 
43.523 44.09 43.976 43.127 43.418 
CWAS algorithm
0.00155556 0.00155556 0.00116667 0.00155556 0.00211111 
0.20272 0.206061 0.155556 0.228924 0.121892 
0.12065 0.0874585 0.0794171 0.157379 0.103328 
0.180575 0.246076 0.140715 0.26216 0.135742 
0.0846375 0.127457 0.0784138 0.164466 0.108753 
29.486 27.965 28.457 28.09 28.17 
CWAS_Adap algorithm
0.0928333 0.100444 0.0981111 0.0956111 0.098 
0.624126 0.619425 0.498038 0.543162 0.585878 
0.608324 0.590134 0.406027 0.470142 0.535165 
0.571173 0.656177 0.530692 0.585082 0.585548 
0.49977 0.610806 0.455728 0.547217 0.504807 
33.31 32.337 31.992 32.009 32.269 
CWRS algorithm
0.00211111 0.00138889 0.0015 0.00155556 0.002 
0.125019 0.211441 0.1115 0.244833 0.281838 
0.109336 0.130777 0.1115 0.147763 0.151803 
0.172106 0.24157 0.100233 0.230536 0.317094 
0.122854 0.143321 0.100233 0.105809 0.204987 
29.068 27.947 27.74 28.248 28.269 
AROMA algorithm
1 1 1 1 1 
0.618473 0.615754 0.616026 0.618998 0.600175 
0.589789 0.578966 0.57614 0.59051 0.562679 
0.624398 0.602564 0.581585 0.649184 0.64157 
0.590245 0.563895 0.523875 0.632006 0.611619 
30.721 31.583 31.676 30.635 30.492 
3 query
OASIS algorithm
1 1 1 1 1 
0.595707 0.518104 0.519483 0.549825 0.396678 
0.53483 0.455198 0.428837 0.450949 0.343184 
0.618026 0.556643 0.547941 0.631935 0.575291 
0.597354 0.475684 0.471256 0.56742 0.464215 
0.087 0.084 0.083 0.08 0.082 
PAAS algorithm
0.0161111 0.0184444 0.0141111 0.0168889 0.0175556 
0.18007 0.110354 0.245202 0.178904 0.226224 
0.103326 0.109462 0.169164 0.129177 0.139431 
0.208159 0.10878 0.207848 0.205983 0.278555 
0.100037 0.10878 0.160181 0.146494 0.257407 
0.041 0.039 0.044 0.043 0.043 
PARS algorithm
0.0148333 0.0175 0.0132778 0.0164444 0.0174444 
0.144017 0.212587 0.143629 0.209518 0.148407 
0.115876 0.173089 0.116391 0.151302 0.130405 
0.241026 0.326263 0.182595 0.314375 0.18143 
0.149374 0.19697 0.11785 0.18363 0.117395 
0.04 0.045 0.047 0.045 0.041 
CWS algorithm
1 1 1 1 1 
0.627681 0.602078 0.618862 0.6162 0.622494 
0.575524 0.566751 0.51651 0.581691 0.566255 
0.64662 0.582984 0.650039 0.691764 0.66519 
0.593762 0.487806 0.612808 0.644064 0.635514 
43.523 44.09 43.976 43.127 43.418 
CWAS algorithm
0.00216667 0.00338889 0.00411111 0.00222222 0.00277778 
0.22467 0.235004 0.203982 0.17298 0.11014 
0.112834 0.154833 0.168023 0.0957886 0.11014 
0.198368 0.208003 0.162782 0.208547 0.105672 
0.0850047 0.102381 0.119186 0.137781 0.105672 
28.434 29.921 30 28.277 28.405 
CWAS_Adap algorithm
0.0928889 0.0978889 0.0969444 0.0956667 0.098 
0.624126 0.490754 0.502661 0.543162 0.585878 
0.608324 0.36903 0.415863 0.470142 0.535165 
0.571173 0.582207 0.492618 0.585082 0.585548 
0.49977 0.5048 0.430439 0.547217 0.504807 
32.087 34.217 34.498 32.391 32.461 
CWRS algorithm
0.00205556 0.00266667 0.00366667 0.00233333 0.00288889 
0.113403 0.396717 0.213733 0.106643 0.221581 
0.0972053 0.304549 0.140594 0.106643 0.154331 
0.114141 0.383372 0.231702 0.124009 0.205439 
0.112141 0.260244 0.134344 0.119972 0.136597 
28.074 29.641 28.287 28.22 28.267 
AROMA algorithm
1 1 1 1 1 
0.618473 0.615754 0.616026 0.618998 0.600175 
0.589789 0.578966 0.57614 0.59051 0.562679 
0.624398 0.602564 0.581585 0.649184 0.64157 
0.590245 0.563895 0.523875 0.632006 0.611619 
30.721 31.583 31.676 30.635 30.492 
4 query
OASIS algorithm
1 1 1 1 1 
0.595707 0.518104 0.519483 0.549825 0.396678 
0.53483 0.455198 0.428837 0.450949 0.343184 
0.618026 0.556643 0.547941 0.631935 0.575291 
0.597354 0.475684 0.471256 0.56742 0.464215 
0.087 0.084 0.083 0.08 0.082 
PAAS algorithm
0.0275556 0.0312778 0.0289444 0.0256667 0.0274444 
0.3331 0.159538 0.202797 0.207362 0.214744 
0.245733 0.126064 0.153147 0.0890661 0.147967 
0.311267 0.159674 0.181974 0.183294 0.224942 
0.228087 0.1185 0.0999077 0.0812447 0.144003 
0.047 0.044 0.041 0.043 0.042 
PARS algorithm
0.0276111 0.0307778 0.028 0.0262778 0.0260556 
0.126981 0.109751 0.189744 0.225427 0.267424 
0.117274 0.10946 0.158028 0.16385 0.231862 
0.128827 0.10878 0.19798 0.277467 0.208702 
0.11876 0.10878 0.146449 0.160902 0.150913 
0.044 0.043 0.043 0.042 0.043 
CWS algorithm
1 1 1 1 1 
0.627681 0.602078 0.618862 0.6162 0.622494 
0.575524 0.566751 0.51651 0.581691 0.566255 
0.64662 0.582984 0.650039 0.691764 0.66519 
0.593762 0.487806 0.612808 0.644064 0.635514 
43.523 44.09 43.976 43.127 43.418 
CWAS algorithm
0.00538889 0.00783333 0.00561111 0.00716667 0.00761111 
0.150427 0.120396 0.157673 0.16317 0.266861 
0.112145 0.113512 0.114025 0.119526 0.175835 
0.204895 0.206682 0.13481 0.128594 0.346853 
0.12224 0.113164 0.0849842 0.120412 0.233361 
28.483 28.613 28.656 28.555 28.688 
CWAS_Adap algorithm
0.0928333 0.100611 0.101 0.0956667 0.0981111 
0.624126 0.41657 0.559615 0.543162 0.585878 
0.608324 0.370095 0.491609 0.470142 0.535165 
0.571173 0.449728 0.589588 0.585082 0.585548 
0.49977 0.395881 0.542243 0.547217 0.504807 
32.276 32.653 32.845 32.373 32.718 
CWRS algorithm
0.00522222 0.00722222 0.00594444 0.00722222 0.00772222 
0.232051 0.237024 0.333838 0.129584 0.156585 
0.186508 0.150959 0.236586 0.10891 0.136383 
0.31049 0.245843 0.32603 0.206449 0.249573 
0.212094 0.160387 0.247894 0.138546 0.179875 
28.38 28.351 28.34 28.312 28.52 
AROMA algorithm
1 1 1 1 1 
0.618473 0.615754 0.616026 0.618998 0.600175 
0.589789 0.578966 0.57614 0.59051 0.562679 
0.624398 0.602564 0.581585 0.649184 0.64157 
0.590245 0.563895 0.523875 0.632006 0.611619 
30.721 31.583 31.676 30.635 30.492 
5 query
OASIS algorithm
1 1 1 1 1 
0.595707 0.518104 0.519483 0.549825 0.396678 
0.53483 0.455198 0.428837 0.450949 0.343184 
0.618026 0.556643 0.547941 0.631935 0.575291 
0.597354 0.475684 0.471256 0.56742 0.464215 
0.087 0.084 0.083 0.08 0.082 
PAAS algorithm
0.0591111 0.0569444 0.0544444 0.0577222 0.0504444 
0.381507 0.275777 0.357673 0.198193 0.320979 
0.282515 0.175354 0.258335 0.133387 0.248944 
0.403341 0.2662 0.415462 0.193162 0.277078 
0.296442 0.220844 0.247334 0.161658 0.197235 
0.044 0.044 0.044 0.046 0.045 
PARS algorithm
0.0619444 0.0580556 0.0543333 0.0585 0.0525 
0.516919 0.287665 0.26486 0.43244 0.400563 
0.437193 0.199706 0.178095 0.391252 0.323334 
0.46317 0.289588 0.288423 0.502642 0.416861 
0.419926 0.195305 0.171354 0.423853 0.30736 
0.045 0.044 0.044 0.046 0.044 
CWS algorithm
1 1 1 1 1 
0.627681 0.602078 0.618862 0.6162 0.622494 
0.575524 0.566751 0.51651 0.581691 0.566255 
0.64662 0.582984 0.650039 0.691764 0.66519 
0.593762 0.487806 0.612808 0.644064 0.635514 
43.523 44.09 43.976 43.127 43.418 
CWAS algorithm
0.0122778 0.0116667 0.0138889 0.0135 0.0100556 
0.325913 0.266453 0.564064 0.121348 0.285625 
0.223354 0.164594 0.523218 0.113455 0.177352 
0.302875 0.406605 0.537451 0.199611 0.38446 
0.211324 0.239552 0.455117 0.139431 0.227607 
28.83 28.746 28.468 29.417 29.062 
CWAS_Adap algorithm
0.0965556 0.0979444 0.0994444 0.0954444 0.0985 
0.452214 0.490754 0.469172 0.575932 0.581663 
0.350051 0.36903 0.374764 0.5266 0.523412 
0.564413 0.582207 0.562704 0.614763 0.684305 
0.508756 0.5048 0.446088 0.561512 0.618233 
32.517 32.209 33.178 32.93 32.642 
CWRS algorithm
0.0123333 0.0122222 0.0137222 0.0121667 0.0100556 
0.225583 0.3392 0.197261 0.231469 0.264491 
0.158531 0.212164 0.144262 0.13466 0.198888 
0.23007 0.365113 0.235975 0.267055 0.252525 
0.163356 0.250302 0.155557 0.170036 0.163966 
28.091 28.222 29.011 28.89 28.626 
AROMA algorithm
1 1 1 1 1 
0.618473 0.615754 0.616026 0.618998 0.600175 
0.589789 0.578966 0.57614 0.59051 0.562679 
0.624398 0.602564 0.581585 0.649184 0.64157 
0.590245 0.563895 0.523875 0.632006 0.611619 
30.721 31.583 31.676 30.635 30.492 
6 query
OASIS algorithm
1 1 1 1 1 
0.595707 0.518104 0.519483 0.549825 0.396678 
0.53483 0.455198 0.428837 0.450949 0.343184 
0.618026 0.556643 0.547941 0.631935 0.575291 
0.597354 0.475684 0.471256 0.56742 0.464215 
0.087 0.084 0.083 0.08 0.082 
PAAS algorithm
0.0996667 0.0934444 0.0995 0.0871111 0.0984444 
0.119367 0.384227 0.320047 0.282382 0.205342 
0.114958 0.316185 0.296181 0.201727 0.152565 
0.157887 0.406605 0.319425 0.340404 0.260062 
0.130146 0.281798 0.308958 0.221378 0.17589 
0.048 0.047 0.047 0.045 0.046 
PARS algorithm
0.0976667 0.092 0.0971111 0.0913889 0.0984444 
0.453632 0.416336 0.254584 0.137976 0.309926 
0.330649 0.328685 0.168491 0.122945 0.257461 
0.429915 0.389666 0.207148 0.147009 0.371018 
0.326813 0.245698 0.141922 0.128646 0.233369 
0.047 0.045 0.052 0.045 0.046 
CWS algorithm
1 1 1 1 1 
0.627681 0.602078 0.618862 0.6162 0.622494 
0.575524 0.566751 0.51651 0.581691 0.566255 
0.64662 0.582984 0.650039 0.691764 0.66519 
0.593762 0.487806 0.612808 0.644064 0.635514 
43.523 44.09 43.976 43.127 43.418 
CWAS algorithm
0.0275 0.024 0.0282222 0.0292778 0.0251111 
0.441997 0.363928 0.212335 0.190559 0.275272 
0.327301 0.244992 0.192096 0.134802 0.220996 
0.50878 0.409946 0.267444 0.409557 0.35237 
0.379983 0.263375 0.202648 0.269236 0.214498 
29.439 29.289 29.488 29.949 29.197 
CWAS_Adap algorithm
0.0928333 0.0972778 0.1 0.099 0.0981111 
0.486053 0.568298 0.496737 0.45103 0.491103 
0.358986 0.501193 0.422341 0.405321 0.416748 
0.489433 0.546542 0.540016 0.523932 0.579565 
0.344751 0.462399 0.464636 0.455121 0.490409 
32.243 32.625 33.082 33.393 32.766 
CWRS algorithm
0.0265 0.0223889 0.0297222 0.0281111 0.0247222 
0.133955 0.173834 0.334557 0.27197 0.360198 
0.111751 0.165616 0.307004 0.196938 0.281382 
0.217871 0.206605 0.403963 0.321368 0.423543 
0.142025 0.149257 0.295659 0.221931 0.280629 
28.87 28.664 28.519 29.526 28.904 
AROMA algorithm
1 1 1 1 1 
0.618473 0.615754 0.616026 0.618998 0.600175 
0.589789 0.578966 0.57614 0.59051 0.562679 
0.624398 0.602564 0.581585 0.649184 0.64157 
0.590245 0.563895 0.523875 0.632006 0.611619 
30.721 31.583 31.676 30.635 30.492 
7 query
OASIS algorithm
1 1 1 1 1 
0.595707 0.518104 0.519483 0.549825 0.396678 
0.53483 0.455198 0.428837 0.450949 0.343184 
0.618026 0.556643 0.547941 0.631935 0.575291 
0.597354 0.475684 0.471256 0.56742 0.464215 
0.087 0.084 0.083 0.08 0.082 
PAAS algorithm
0.156889 0.151889 0.154944 0.158833 0.156833 
0.312121 0.412898 0.439161 0.230769 0.410975 
0.247925 0.319599 0.309857 0.143415 0.362696 
0.307537 0.420901 0.390132 0.385237 0.546775 
0.195339 0.276641 0.265388 0.320603 0.44672 
0.051 0.052 0.051 0.05 0.051 
PARS algorithm
0.157056 0.151611 0.159167 0.160556 0.1535 
0.369949 0.467191 0.382537 0.291259 0.370047 
0.274807 0.355532 0.278241 0.214893 0.286806 
0.413831 0.453458 0.368765 0.328594 0.351204 
0.297336 0.367919 0.223404 0.210587 0.225019 
0.049 0.048 0.048 0.047 0.048 
CWS algorithm
1 1 1 1 1 
0.627681 0.602078 0.618862 0.6162 0.622494 
0.575524 0.566751 0.51651 0.581691 0.566255 
0.64662 0.582984 0.650039 0.691764 0.66519 
0.593762 0.487806 0.612808 0.644064 0.635514 
43.523 44.09 43.976 43.127 43.418 
CWAS algorithm
0.0457222 0.0530556 0.0526667 0.0449444 0.0477222 
0.52737 0.436772 0.335101 0.506896 0.597319 
0.445862 0.369199 0.222616 0.422827 0.549026 
0.577545 0.507537 0.455167 0.526651 0.607304 
0.536653 0.433458 0.322956 0.450926 0.552183 
29.987 30.318 30.531 29.519 29.592 
CWAS_Adap algorithm
0.0995 0.0982222 0.0972778 0.0952778 0.0963889 
0.568143 0.51826 0.504953 0.562723 0.536869 
0.502958 0.451884 0.424393 0.498296 0.454196 
0.599922 0.494872 0.493473 0.587646 0.61958 
0.566913 0.401527 0.407641 0.519754 0.571052 
32.652 32.62 32.077 31.874 32.053 
CWRS algorithm
0.0446667 0.0543889 0.0525556 0.0445556 0.0492778 
0.345338 0.466803 0.296212 0.328419 0.458139 
0.232084 0.373786 0.246736 0.219939 0.334976 
0.373271 0.476768 0.361305 0.40101 0.562005 
0.262253 0.385568 0.263115 0.271669 0.448034 
29.11 29.284 28.776 28.632 28.716 
AROMA algorithm
1 1 1 1 1 
0.618473 0.615754 0.616026 0.618998 0.600175 
0.589789 0.578966 0.57614 0.59051 0.562679 
0.624398 0.602564 0.581585 0.649184 0.64157 
0.590245 0.563895 0.523875 0.632006 0.611619 
30.721 31.583 31.676 30.635 30.492 
8 query
OASIS algorithm
1 1 1 1 1 
0.595707 0.518104 0.519483 0.549825 0.396678 
0.53483 0.455198 0.428837 0.450949 0.343184 
0.618026 0.556643 0.547941 0.631935 0.575291 
0.597354 0.475684 0.471256 0.56742 0.464215 
0.087 0.084 0.083 0.08 0.082 
PAAS algorithm
0.231167 0.237222 0.230611 0.228556 0.226556 
0.515268 0.441667 0.519308 0.368395 0.306799 
0.417483 0.381423 0.452354 0.260073 0.23979 
0.525097 0.523621 0.50777 0.492618 0.39122 
0.396561 0.435473 0.399735 0.371537 0.264434 
0.056 0.055 0.056 0.054 0.053 
PARS algorithm
0.230833 0.236444 0.234611 0.233111 0.224444 
0.247494 0.520726 0.378419 0.439258 0.452292 
0.195644 0.471841 0.259876 0.375783 0.38503 
0.176535 0.545144 0.428361 0.530847 0.561072 
0.151149 0.487941 0.27716 0.434221 0.439096 
0.05 0.051 0.052 0.052 0.05 
CWS algorithm
1 1 1 1 1 
0.627681 0.602078 0.618862 0.6162 0.622494 
0.575524 0.566751 0.51651 0.581691 0.566255 
0.64662 0.582984 0.650039 0.691764 0.66519 
0.593762 0.487806 0.612808 0.644064 0.635514 
43.523 44.09 43.976 43.127 43.418 
CWAS algorithm
0.0895556 0.0880556 0.0862778 0.0893333 0.0935556 
0.588267 0.460956 0.340501 0.554099 0.529895 
0.498838 0.373478 0.213401 0.474409 0.45104 
0.574437 0.473349 0.408936 0.592308 0.58143 
0.526305 0.390871 0.273463 0.525829 0.535794 
30.772 30.955 30.665 30.957 30.939 
CWAS_Adap algorithm
0.0975556 0.0963333 0.1 0.101778 0.0976667 
0.558586 0.515093 0.58378 0.599514 0.590443 
0.448675 0.445516 0.550932 0.573215 0.498746 
0.570785 0.536286 0.522766 0.598912 0.598135 
0.464298 0.438589 0.434083 0.548866 0.534404 
31.976 32.108 32.166 32.079 31.953 
CWRS algorithm
0.0889444 0.0853333 0.0847778 0.0898333 0.0949444 
0.496756 0.540035 0.399106 0.586927 0.432692 
0.418694 0.421423 0.327181 0.548398 0.312568 
0.495571 0.568376 0.404507 0.608314 0.558974 
0.40653 0.505664 0.257031 0.544094 0.50087 
29.404 29.272 29.255 29.21 29.458 
AROMA algorithm
1 1 1 1 1 
0.618473 0.615754 0.616026 0.618998 0.600175 
0.589789 0.578966 0.57614 0.59051 0.562679 
0.624398 0.602564 0.581585 0.649184 0.64157 
0.590245 0.563895 0.523875 0.632006 0.611619 
30.721 31.583 31.676 30.635 30.492 
9 query
OASIS algorithm
1 1 1 1 1 
0.595707 0.518104 0.519483 0.549825 0.396678 
0.53483 0.455198 0.428837 0.450949 0.343184 
0.618026 0.556643 0.547941 0.631935 0.575291 
0.597354 0.475684 0.471256 0.56742 0.464215 
0.087 0.084 0.083 0.08 0.082 
PAAS algorithm
0.335444 0.331222 0.335111 0.334056 0.331111 
0.422922 0.579992 0.498135 0.476263 0.16249 
0.273844 0.542364 0.397993 0.404188 0.131559 
0.34087 0.560995 0.501865 0.556721 0.169386 
0.221203 0.485038 0.399196 0.484516 0.140969 
0.061 0.06 0.067 0.067 0.065 
PARS algorithm
0.329833 0.332444 0.334556 0.337 0.325667 
0.34458 0.22805 0.39728 0.557284 0.506313 
0.298936 0.1726 0.265618 0.458516 0.464163 
0.377234 0.262859 0.42805 0.553302 0.577778 
0.263611 0.242496 0.270695 0.441677 0.533403 
0.055 0.064 0.058 0.059 0.06 
CWS algorithm
1 1 1 1 1 
0.627681 0.602078 0.618862 0.6162 0.622494 
0.575524 0.566751 0.51651 0.581691 0.566255 
0.64662 0.582984 0.650039 0.691764 0.66519 
0.593762 0.487806 0.612808 0.644064 0.635514 
43.523 44.09 43.976 43.127 43.418 
CWAS algorithm
0.153111 0.150944 0.146611 0.148889 0.147556 
0.618162 0.596173 0.529312 0.51249 0.531022 
0.5486 0.530449 0.454979 0.41267 0.49156 
0.600311 0.646309 0.599145 0.526107 0.601943 
0.563594 0.579633 0.482007 0.428442 0.553923 
32.542 37.103 36.673 37.147 37.724 
CWAS_Adap algorithm
0.1015 0.1055 0.105 0.0999444 0.105556 
0.541647 0.551515 0.408353 0.539996 0.601263 
0.498028 0.505895 0.289631 0.482926 0.575286 
0.543357 0.570008 0.507615 0.583528 0.609868 
0.47216 0.528929 0.417079 0.542832 0.59109 
31.994 36.621 37.094 36.633 37.184 
CWRS algorithm
0.153722 0.150556 0.146167 0.146556 0.151833 
0.49763 0.438287 0.547397 0.423096 0.512044 
0.40552 0.358411 0.486257 0.332507 0.426664 
0.548796 0.474437 0.601632 0.533644 0.577389 
0.436031 0.371803 0.518361 0.451096 0.504197 
30.09 34.63 34.292 34.838 31.476 
AROMA algorithm
1 1 1 1 1 
0.618473 0.615754 0.616026 0.618998 0.600175 
0.589789 0.578966 0.57614 0.59051 0.562679 
0.624398 0.602564 0.581585 0.649184 0.64157 
0.590245 0.563895 0.523875 0.632006 0.611619 
30.721 31.583 31.676 30.635 30.492 
10 query
OASIS algorithm
1 1 1 1 1 
0.595707 0.518104 0.519483 0.549825 0.396678 
0.53483 0.455198 0.428837 0.450949 0.343184 
0.618026 0.556643 0.547941 0.631935 0.575291 
0.597354 0.475684 0.471256 0.56742 0.464215 
0.087 0.084 0.083 0.08 0.082 
PAAS algorithm
0.449889 0.454 0.448667 0.446444 0.459222 
0.528147 0.415404 0.458566 0.50439 0.381333 
0.460704 0.352352 0.362311 0.410071 0.285696 
0.539083 0.527894 0.505361 0.570785 0.476379 
0.494005 0.426022 0.380097 0.464115 0.352726 
0.071 0.069 0.068 0.067 0.066 
PARS algorithm
0.449167 0.453333 0.446444 0.440833 0.461889 
0.314413 0.409848 0.240618 0.368726 0.51622 
0.219632 0.336623 0.174768 0.28591 0.452032 
0.381896 0.49596 0.169542 0.455944 0.556566 
0.281961 0.378019 0.135861 0.363925 0.496139 
0.062 0.066 0.06 0.059 0.069 
CWS algorithm
1 1 1 1 1 
0.627681 0.602078 0.618862 0.6162 0.622494 
0.575524 0.566751 0.51651 0.581691 0.566255 
0.64662 0.582984 0.650039 0.691764 0.66519 
0.593762 0.487806 0.612808 0.644064 0.635514 
43.523 44.09 43.976 43.127 43.418 
CWAS algorithm
0.244167 0.239444 0.241167 0.247944 0.242333 
0.646931 0.626107 0.579215 0.511208 0.5135 
0.572394 0.585085 0.473927 0.434658 0.416773 
0.634887 0.617483 0.622378 0.582828 0.627661 
0.585688 0.534418 0.576022 0.527193 0.565336 
37.656 35.357 35.402 34.936 36.133 
CWAS_Adap algorithm
0.114056 0.115167 0.111611 0.112667 0.115722 
0.537782 0.545785 0.510373 0.575641 0.575719 
0.421706 0.474934 0.446287 0.524561 0.51942 
0.53986 0.570163 0.51049 0.59899 0.62704 
0.43374 0.504535 0.426894 0.558207 0.595422 
35.178 33.284 32.924 32.501 34.031 
CWRS algorithm
0.244333 0.236389 0.240222 0.246833 0.243722 
0.49765 0.512335 0.48683 0.565443 0.544134 
0.420727 0.422387 0.43891 0.520107 0.496086 
0.529215 0.547941 0.554002 0.589355 0.593939 
0.445842 0.436601 0.460914 0.532156 0.522263 
34.406 32.384 31.58 31.923 32.882 
AROMA algorithm
1 1 1 1 1 
0.618473 0.615754 0.616026 0.618998 0.600175 
0.589789 0.578966 0.57614 0.59051 0.562679 
0.624398 0.602564 0.581585 0.649184 0.64157 
0.590245 0.563895 0.523875 0.632006 0.611619 
30.721 31.583 31.676 30.635 30.492 
11 query
OASIS algorithm
1 1 1 1 1 
0.595707 0.518104 0.519483 0.549825 0.396678 
0.53483 0.455198 0.428837 0.450949 0.343184 
0.618026 0.556643 0.547941 0.631935 0.575291 
0.597354 0.475684 0.471256 0.56742 0.464215 
0.087 0.084 0.083 0.08 0.082 
PAAS algorithm
0.575778 0.576611 0.579222 0.581556 0.581556 
0.47061 0.270124 0.501127 0.499631 0.426263 
0.378953 0.191495 0.413372 0.449828 0.341011 
0.52603 0.282207 0.52533 0.586325 0.590287 
0.450614 0.195565 0.428802 0.509077 0.488181 
0.074 0.084 0.075 0.071 0.075 
PARS algorithm
0.577333 0.570333 0.573167 0.580111 0.586056 
0.431818 0.527972 0.469464 0.507828 0.512024 
0.348905 0.474518 0.443453 0.414857 0.408167 
0.487801 0.521756 0.426884 0.563015 0.544211 
0.389889 0.414509 0.334825 0.470506 0.436594 
0.069 0.076 0.068 0.065 0.067 
CWS algorithm
1 1 1 1 1 
0.627681 0.602078 0.618862 0.6162 0.622494 
0.575524 0.566751 0.51651 0.581691 0.566255 
0.64662 0.582984 0.650039 0.691764 0.66519 
0.593762 0.487806 0.612808 0.644064 0.635514 
43.523 44.09 43.976 43.127 43.418 
CWAS algorithm
0.370722 0.372611 0.374611 0.376778 0.3715 
0.643493 0.478574 0.559363 0.566977 0.615831 
0.589308 0.39532 0.478288 0.497393 0.54874 
0.650738 0.486014 0.578477 0.571251 0.64157 
0.604486 0.383126 0.53781 0.503701 0.600095 
38.606 38.129 38.724 39.743 38.199 
CWAS_Adap algorithm
0.1385 0.134111 0.132333 0.129056 0.138056 
0.624883 0.533702 0.453555 0.596076 0.494406 
0.591666 0.442493 0.387821 0.569531 0.415762 
0.608936 0.520435 0.520357 0.598368 0.631235 
0.555284 0.442173 0.414946 0.536761 0.599768 
34.516 34.042 34.173 32.982 33.427 
CWRS algorithm
0.366778 0.377222 0.377111 0.378278 0.363611 
0.621484 0.449864 0.558819 0.59493 0.569483 
0.598118 0.359496 0.504117 0.552783 0.516522 
0.624631 0.535587 0.586791 0.64965 0.60474 
0.589549 0.438218 0.527884 0.573382 0.556699 
34.617 35.287 34.543 35.235 34.012 
AROMA algorithm
1 1 1 1 1 
0.618473 0.615754 0.616026 0.618998 0.600175 
0.589789 0.578966 0.57614 0.59051 0.562679 
0.624398 0.602564 0.581585 0.649184 0.64157 
0.590245 0.563895 0.523875 0.632006 0.611619 
30.721 31.583 31.676 30.635 30.492 
12 query
OASIS algorithm
1 1 1 1 1 
0.595707 0.518104 0.519483 0.549825 0.396678 
0.53483 0.455198 0.428837 0.450949 0.343184 
0.618026 0.556643 0.547941 0.631935 0.575291 
0.597354 0.475684 0.471256 0.56742 0.464215 
0.087 0.084 0.083 0.08 0.082 
PAAS algorithm
0.696944 0.696278 0.6895 0.701278 0.699889 
0.556507 0.364044 0.524417 0.509013 0.497844 
0.515478 0.251382 0.427537 0.417976 0.393417 
0.588578 0.29425 0.549106 0.580264 0.599922 
0.555049 0.207108 0.462788 0.491504 0.546224 
0.076 0.074 0.074 0.078 0.075 
PARS algorithm
0.698222 0.690778 0.694556 0.696111 0.702 
0.621737 0.375874 0.465967 0.561344 0.534499 
0.598787 0.284534 0.415828 0.491474 0.46672 
0.592618 0.486014 0.518415 0.589977 0.594483 
0.555304 0.414572 0.453146 0.55784 0.567505 
0.07 0.071 0.076 0.075 0.071 
CWS algorithm
1 1 1 1 1 
0.627681 0.602078 0.618862 0.6162 0.622494 
0.575524 0.566751 0.51651 0.581691 0.566255 
0.64662 0.582984 0.650039 0.691764 0.66519 
0.593762 0.487806 0.612808 0.644064 0.635514 
43.523 44.09 43.976 43.127 43.418 
CWAS algorithm
0.510944 0.515889 0.496278 0.509444 0.517889 
0.6162 0.601865 0.572125 0.564802 0.61758 
0.567234 0.516242 0.484763 0.502978 0.587438 
0.618881 0.591298 0.587723 0.590676 0.633644 
0.573629 0.49776 0.530104 0.540495 0.602632 
39.211 40.54 40.533 39.599 39.391 
CWAS_Adap algorithm
0.188667 0.182722 0.193611 0.188667 0.190611 
0.536791 0.599068 0.504992 0.51622 0.583547 
0.455205 0.515612 0.415965 0.42368 0.530966 
0.567288 0.583372 0.545688 0.541492 0.622145 
0.51564 0.524104 0.485386 0.480125 0.609643 
34.787 35.209 35.253 34.416 34.62 
CWRS algorithm
0.510111 0.52 0.499333 0.511111 0.518778 
0.632304 0.584518 0.565657 0.570338 0.596212 
0.56745 0.530404 0.496361 0.511427 0.506455 
0.633256 0.573116 0.608858 0.605128 0.634577 
0.558416 0.5107 0.583616 0.56917 0.596837 
35.868 37.025 37.421 35.637 35.875 
AROMA algorithm
1 1 1 1 1 
0.618473 0.615754 0.616026 0.618998 0.600175 
0.589789 0.578966 0.57614 0.59051 0.562679 
0.624398 0.602564 0.581585 0.649184 0.64157 
0.590245 0.563895 0.523875 0.632006 0.611619 
30.721 31.583 31.676 30.635 30.492 
13 query
OASIS algorithm
1 1 1 1 1 
0.595707 0.518104 0.519483 0.549825 0.396678 
0.53483 0.455198 0.428837 0.450949 0.343184 
0.618026 0.556643 0.547941 0.631935 0.575291 
0.597354 0.475684 0.471256 0.56742 0.464215 
0.087 0.084 0.083 0.08 0.082 
PAAS algorithm
0.802333 0.799778 0.795944 0.798389 0.798944 
0.582848 0.541084 0.451224 0.517754 0.502448 
0.54844 0.461565 0.337986 0.438195 0.408862 
0.586402 0.566977 0.481274 0.628594 0.630458 
0.554838 0.465241 0.362862 0.575946 0.587043 
0.077 0.077 0.076 0.076 0.076 
PARS algorithm
0.804389 0.803389 0.794167 0.801944 0.799722 
0.640113 0.393881 0.488151 0.499767 0.506566 
0.609595 0.299355 0.395247 0.43004 0.421612 
0.635897 0.454701 0.565657 0.597514 0.602875 
0.588188 0.373028 0.439555 0.510254 0.577583 
0.074 0.074 0.073 0.073 0.075 
CWS algorithm
1 1 1 1 1 
0.627681 0.602078 0.618862 0.6162 0.622494 
0.575524 0.566751 0.51651 0.581691 0.566255 
0.64662 0.582984 0.650039 0.691764 0.66519 
0.593762 0.487806 0.612808 0.644064 0.635514 
43.523 44.09 43.976 43.127 43.418 
CWAS algorithm
0.644722 0.645722 0.645944 0.641444 0.658222 
0.641492 0.603011 0.562121 0.616395 0.598601 
0.61439 0.53463 0.478473 0.586901 0.541006 
0.64359 0.608936 0.642424 0.644911 0.638306 
0.611995 0.509919 0.600202 0.575723 0.605958 
40.331 40.492 40.666 40.382 40.806 
CWAS_Adap algorithm
0.295667 0.29 0.289111 0.289056 0.299833 
0.649747 0.534246 0.626107 0.590637 0.557012 
0.55662 0.473414 0.541481 0.549289 0.494236 
0.626573 0.520047 0.634033 0.611655 0.613131 
0.59283 0.423889 0.598523 0.570473 0.591071 
36.517 36.465 36.57 36.281 37.128 
CWRS algorithm
0.640667 0.643667 0.652611 0.647333 0.653778 
0.635645 0.617774 0.587082 0.542269 0.595493 
0.609718 0.586401 0.507435 0.462145 0.527319 
0.639782 0.60202 0.651671 0.62432 0.639627 
0.612106 0.511512 0.594974 0.578535 0.579564 
37.138 37.34 37.478 37.604 44.547 
AROMA algorithm
1 1 1 1 1 
0.618473 0.615754 0.616026 0.618998 0.600175 
0.589789 0.578966 0.57614 0.59051 0.562679 
0.624398 0.602564 0.581585 0.649184 0.64157 
0.590245 0.563895 0.523875 0.632006 0.611619 
30.721 31.583 31.676 30.635 30.492 
14 query
OASIS algorithm
1 1 1 1 1 
0.595707 0.518104 0.519483 0.549825 0.396678 
0.53483 0.455198 0.428837 0.450949 0.343184 
0.618026 0.556643 0.547941 0.631935 0.575291 
0.597354 0.475684 0.471256 0.56742 0.464215 
0.087 0.084 0.083 0.08 0.082 
PAAS algorithm
0.870944 0.870944 0.872611 0.873333 0.878333 
0.589452 0.523582 0.520843 0.513462 0.435548 
0.529769 0.470875 0.426949 0.416438 0.375741 
0.609713 0.544988 0.562549 0.599922 0.591997 
0.585486 0.472022 0.462841 0.525423 0.477493 
0.086 0.088 0.088 0.092 0.085 
PARS algorithm
0.864944 0.872222 0.871278 0.870556 0.880833 
0.464724 0.559538 0.428943 0.52162 0.426476 
0.398863 0.514801 0.365868 0.433476 0.36598 
0.545998 0.543901 0.496193 0.626807 0.591375 
0.484072 0.469494 0.382783 0.550697 0.484017 
0.09 0.087 0.087 0.089 0.085 
CWS algorithm
1 1 1 1 1 
0.627681 0.602078 0.618862 0.6162 0.622494 
0.575524 0.566751 0.51651 0.581691 0.566255 
0.64662 0.582984 0.650039 0.691764 0.66519 
0.593762 0.487806 0.612808 0.644064 0.635514 
43.523 44.09 43.976 43.127 43.418 
CWAS algorithm
0.760278 0.762611 0.761167 0.765833 0.771111 
0.647067 0.622844 0.591026 0.600583 0.621659 
0.599575 0.584103 0.497794 0.568291 0.556519 
0.628827 0.599689 0.635354 0.662315 0.644289 
0.604342 0.49917 0.5827 0.607096 0.604008 
49.863 50.727 49.77 50.809 51.245 
CWAS_Adap algorithm
0.454389 0.458222 0.453611 0.462333 0.471 
0.624068 0.624476 0.580186 0.616628 0.62805 
0.57973 0.604465 0.496451 0.566104 0.565056 
0.617949 0.582051 0.63784 0.639161 0.637685 
0.58649 0.520552 0.597207 0.592596 0.603723 
46.352 46.813 47.356 48.69 48.311 
CWRS algorithm
0.759 0.766056 0.768722 0.764167 0.777389 
0.645882 0.599262 0.570008 0.601068 0.599476 
0.603199 0.543438 0.498398 0.527198 0.561054 
0.624398 0.569386 0.628438 0.656022 0.645765 
0.59025 0.472247 0.589318 0.607527 0.576212 
47.08 47.378 48.375 48.063 47.179 
AROMA algorithm
1 1 1 1 1 
0.618473 0.615754 0.616026 0.618998 0.600175 
0.589789 0.578966 0.57614 0.59051 0.562679 
0.624398 0.602564 0.581585 0.649184 0.64157 
0.590245 0.563895 0.523875 0.632006 0.611619 
30.721 31.583 31.676 30.635 30.492 
15 query
OASIS algorithm
1 1 1 1 1 
0.595707 0.518104 0.519483 0.549825 0.396678 
0.53483 0.455198 0.428837 0.450949 0.343184 
0.618026 0.556643 0.547941 0.631935 0.575291 
0.597354 0.475684 0.471256 0.56742 0.464215 
0.087 0.084 0.083 0.08 0.082 
PAAS algorithm
0.927889 0.927167 0.924278 0.925722 0.925 
0.561674 0.518279 0.504235 0.52566 0.387277 
0.487436 0.456901 0.405163 0.438534 0.339574 
0.60373 0.558353 0.538151 0.634499 0.574592 
0.581583 0.47739 0.44994 0.562426 0.469365 
0.093 0.095 0.102 0.092 0.092 
PARS algorithm
0.929444 0.928389 0.925889 0.926278 0.927 
0.618978 0.53481 0.543065 0.526845 0.379837 
0.599728 0.498483 0.452951 0.432279 0.316961 
0.618493 0.563092 0.575136 0.626962 0.560295 
0.600148 0.484513 0.524107 0.543488 0.447059 
0.092 0.098 0.093 0.09 0.093 
CWS algorithm
1 1 1 1 1 
0.627681 0.602078 0.618862 0.6162 0.622494 
0.575524 0.566751 0.51651 0.581691 0.566255 
0.64662 0.582984 0.650039 0.691764 0.66519 
0.593762 0.487806 0.612808 0.644064 0.635514 
43.523 44.09 43.976 43.127 43.418 
CWAS algorithm
0.850778 0.855111 0.854389 0.853556 0.853944 
0.606352 0.60272 0.622145 0.586247 0.615132 
0.539454 0.553839 0.53181 0.538372 0.587436 
0.620591 0.597902 0.657498 0.630303 0.640326 
0.589519 0.485471 0.608651 0.59106 0.613566 
52.84 53.692 51.363 52.2 52.31 
CWAS_Adap algorithm
0.643167 0.635222 0.647389 0.646667 0.653 
0.623757 0.636092 0.569444 0.562782 0.62972 
0.580031 0.599184 0.500812 0.50446 0.591132 
0.636674 0.578322 0.656488 0.649728 0.671251 
0.605801 0.490457 0.591662 0.612282 0.628979 
52.201 51.647 51.153 50.511 51.126 
CWRS algorithm
0.851 0.851944 0.850722 0.850611 0.859111 
0.630847 0.623019 0.605575 0.589569 0.632751 
0.596324 0.601316 0.515198 0.538692 0.58402 
0.628205 0.597669 0.647786 0.623077 0.65066 
0.595239 0.516974 0.613152 0.572823 0.607744 
47.527 49.329 50.216 49.549 49.565 
AROMA algorithm
1 1 1 1 1 
0.618473 0.615754 0.616026 0.618998 0.600175 
0.589789 0.578966 0.57614 0.59051 0.562679 
0.624398 0.602564 0.581585 0.649184 0.64157 
0.590245 0.563895 0.523875 0.632006 0.611619 
30.721 31.583 31.676 30.635 30.492 
16 query
OASIS algorithm
1 1 1 1 1 
0.595707 0.518104 0.519483 0.549825 0.396678 
0.53483 0.455198 0.428837 0.450949 0.343184 
0.618026 0.556643 0.547941 0.631935 0.575291 
0.597354 0.475684 0.471256 0.56742 0.464215 
0.087 0.084 0.083 0.08 0.082 
PAAS algorithm
0.959111 0.958833 0.960944 0.959 0.959778 
0.591356 0.506915 0.50711 0.543337 0.396193 
0.527423 0.441843 0.417566 0.443403 0.346287 
0.617094 0.558353 0.54561 0.626573 0.573815 
0.595203 0.475731 0.47129 0.554924 0.459221 
0.088 0.09 0.093 0.093 0.09 
PARS algorithm
0.959833 0.957722 0.957944 0.956667 0.960389 
0.60744 0.513345 0.516434 0.547611 0.392288 
0.571916 0.442353 0.429214 0.458454 0.342918 
0.606061 0.555089 0.545377 0.645998 0.571406 
0.578881 0.470761 0.45638 0.589406 0.463276 
0.091 0.088 0.093 0.092 0.089 
CWS algorithm
1 1 1 1 1 
0.627681 0.602078 0.618862 0.6162 0.622494 
0.575524 0.566751 0.51651 0.581691 0.566255 
0.64662 0.582984 0.650039 0.691764 0.66519 
0.593762 0.487806 0.612808 0.644064 0.635514 
43.523 44.09 43.976 43.127 43.418 
CWAS algorithm
0.913833 0.910444 0.914 0.911333 0.916611 
0.649534 0.64089 0.587529 0.624378 0.634557 
0.618858 0.6071 0.492298 0.587294 0.572676 
0.636286 0.603963 0.638151 0.679876 0.661616 
0.592276 0.511477 0.601983 0.619182 0.616121 
50.548 51.013 52.125 51.556 51.948 
CWAS_Adap algorithm
0.801833 0.797889 0.804556 0.805611 0.810889 
0.644056 0.621756 0.602117 0.609946 0.603807 
0.600943 0.595523 0.505455 0.568643 0.5359 
0.647552 0.583994 0.627428 0.688967 0.661849 
0.619336 0.48272 0.595347 0.649174 0.626876 
49.847 52.526 51.18 51.349 44.811 
CWRS algorithm
0.917056 0.912944 0.913444 0.913167 0.915389 
0.629371 0.614083 0.568706 0.602156 0.648485 
0.58629 0.580356 0.470933 0.53572 0.612453 
0.629371 0.612121 0.640249 0.665734 0.655711 
0.593231 0.51821 0.591825 0.61885 0.625691 
49.395 49.696 50.189 50.546 45.295 
AROMA algorithm
1 1 1 1 1 
0.618473 0.615754 0.616026 0.618998 0.600175 
0.589789 0.578966 0.57614 0.59051 0.562679 
0.624398 0.602564 0.581585 0.649184 0.64157 
0.590245 0.563895 0.523875 0.632006 0.611619 
30.721 31.583 31.676 30.635 30.492 
17 query
OASIS algorithm
1 1 1 1 1 
0.595707 0.518104 0.519483 0.549825 0.396678 
0.53483 0.455198 0.428837 0.450949 0.343184 
0.618026 0.556643 0.547941 0.631935 0.575291 
0.597354 0.475684 0.471256 0.56742 0.464215 
0.087 0.084 0.083 0.08 0.082 
PAAS algorithm
0.979833 0.977444 0.977 0.979 0.978111 
0.594347 0.522786 0.516181 0.533722 0.407634 
0.533932 0.460653 0.424238 0.440548 0.349 
0.615929 0.556255 0.544755 0.624709 0.591453 
0.596583 0.474855 0.468725 0.548036 0.48321 
0.092 0.089 0.082 0.091 0.086 
PARS algorithm
0.980222 0.978889 0.976667 0.978 0.978389 
0.59155 0.523563 0.517405 0.540132 0.390093 
0.53066 0.459552 0.426872 0.446031 0.342424 
0.616861 0.557187 0.545221 0.636053 0.574747 
0.597767 0.478502 0.463069 0.573321 0.473508 
0.095 0.091 0.088 0.088 0.09 
CWS algorithm
1 1 1 1 1 
0.627681 0.602078 0.618862 0.6162 0.622494 
0.575524 0.566751 0.51651 0.581691 0.566255 
0.64662 0.582984 0.650039 0.691764 0.66519 
0.593762 0.487806 0.612808 0.644064 0.635514 
43.523 44.09 43.976 43.127 43.418 
CWAS algorithm
0.9495 0.950556 0.953333 0.952444 0.953611 
0.652098 0.603904 0.585198 0.601457 0.619833 
0.617655 0.56617 0.50841 0.554219 0.569046 
0.636364 0.570785 0.662626 0.661383 0.657265 
0.601798 0.464204 0.620245 0.604324 0.620522 
48.331 48.937 48.018 48.374 48.716 
CWAS_Adap algorithm
0.909 0.908944 0.908889 0.909111 0.912722 
0.642813 0.603749 0.588578 0.604079 0.636461 
0.604226 0.555952 0.500269 0.563379 0.574324 
0.651748 0.589977 0.64157 0.660062 0.676301 
0.611053 0.489099 0.606414 0.617555 0.627529 
48.638 48.798 47.997 48.545 48.918 
CWRS algorithm
0.948 0.950944 0.952278 0.953722 0.9515 
0.65136 0.634577 0.591803 0.616375 0.623427 
0.583852 0.601352 0.514197 0.580021 0.567595 
0.650427 0.585082 0.655866 0.672339 0.658586 
0.597492 0.492329 0.601535 0.62765 0.626392 
48.029 47.414 47.452 47.915 48.069 
AROMA algorithm
1 1 1 1 1 
0.618473 0.615754 0.616026 0.618998 0.600175 
0.589789 0.578966 0.57614 0.59051 0.562679 
0.624398 0.602564 0.581585 0.649184 0.64157 
0.590245 0.563895 0.523875 0.632006 0.611619 
30.721 31.583 31.676 30.635 30.492 
18 query
OASIS algorithm
1 1 1 1 1 
0.595707 0.518104 0.519483 0.549825 0.396678 
0.53483 0.455198 0.428837 0.450949 0.343184 
0.618026 0.556643 0.547941 0.631935 0.575291 
0.597354 0.475684 0.471256 0.56742 0.464215 
0.087 0.084 0.083 0.08 0.082 
PAAS algorithm
0.988944 0.987611 0.987667 0.986889 0.987278 
0.58176 0.51859 0.524845 0.549709 0.398854 
0.510621 0.455025 0.437259 0.45122 0.346318 
0.616628 0.55711 0.548329 0.632789 0.574281 
0.59681 0.475158 0.470898 0.568528 0.464258 
0.088 0.09 0.086 0.093 0.092 
PARS algorithm
0.988722 0.986722 0.988167 0.986 0.988167 
0.576865 0.520591 0.528166 0.504934 0.392754 
0.510361 0.455301 0.440567 0.413112 0.347545 
0.614918 0.556099 0.546775 0.622922 0.572106 
0.589086 0.472062 0.476944 0.571302 0.462927 
0.086 0.091 0.089 0.091 0.091 
CWS algorithm
1 1 1 1 1 
0.627681 0.602078 0.618862 0.6162 0.622494 
0.575524 0.566751 0.51651 0.581691 0.566255 
0.64662 0.582984 0.650039 0.691764 0.66519 
0.593762 0.487806 0.612808 0.644064 0.635514 
43.523 44.09 43.976 43.127 43.418 
CWAS algorithm
0.972389 0.973889 0.977278 0.972944 0.975611 
0.660625 0.627933 0.585179 0.603749 0.618337 
0.619219 0.58678 0.498838 0.566032 0.538331 
0.651282 0.611344 0.633955 0.668609 0.659596 
0.607293 0.509254 0.58017 0.622983 0.618958 
48.056 48.356 48.803 48.996 49.073 
CWAS_Adap algorithm
0.961778 0.963333 0.959667 0.960056 0.964889 
0.640773 0.596698 0.580497 0.609441 0.633741 
0.574052 0.552573 0.490556 0.555057 0.573972 
0.632168 0.581896 0.645843 0.664258 0.675291 
0.600888 0.482392 0.609063 0.622774 0.629184 
47.882 48.419 48.551 48.607 48.913 
CWRS algorithm
0.973 0.974889 0.977722 0.974778 0.975778 
0.62197 0.620221 0.61049 0.614841 0.607304 
0.573023 0.583066 0.52461 0.562246 0.561904 
0.639472 0.594328 0.64289 0.676146 0.646931 
0.588174 0.494168 0.604988 0.625229 0.619829 
47.705 47.712 48.151 48.362 48.178 
AROMA algorithm
1 1 1 1 1 
0.618473 0.615754 0.616026 0.618998 0.600175 
0.589789 0.578966 0.57614 0.59051 0.562679 
0.624398 0.602564 0.581585 0.649184 0.64157 
0.590245 0.563895 0.523875 0.632006 0.611619 
30.721 31.583 31.676 30.635 30.492 
19 query
OASIS algorithm
1 1 1 1 1 
0.595707 0.518104 0.519483 0.549825 0.396678 
0.53483 0.455198 0.428837 0.450949 0.343184 
0.618026 0.556643 0.547941 0.631935 0.575291 
0.597354 0.475684 0.471256 0.56742 0.464215 
0.087 0.084 0.083 0.08 0.082 
PAAS algorithm
0.993833 0.994222 0.994444 0.994056 0.993278 
0.595474 0.518551 0.522125 0.543512 0.394347 
0.534558 0.4563 0.433845 0.448004 0.340345 
0.618104 0.557032 0.548951 0.638539 0.577001 
0.597262 0.476081 0.476373 0.582112 0.467821 
0.086 0.09 0.087 0.09 0.091 
PARS algorithm
0.992278 0.993778 0.9945 0.993222 0.993278 
0.588811 0.518143 0.520474 0.562704 0.402486 
0.53022 0.456782 0.4322 0.462161 0.344244 
0.608392 0.555478 0.55136 0.636131 0.571562 
0.589493 0.47787 0.482058 0.574905 0.460974 
0.089 0.093 0.091 0.09 0.09 
CWS algorithm
1 1 1 1 1 
0.627681 0.602078 0.618862 0.6162 0.622494 
0.575524 0.566751 0.51651 0.581691 0.566255 
0.64662 0.582984 0.650039 0.691764 0.66519 
0.593762 0.487806 0.612808 0.644064 0.635514 
43.523 44.09 43.976 43.127 43.418 
CWAS algorithm
0.985444 0.987278 0.988167 0.987389 0.987778 
0.617502 0.612821 0.578399 0.623932 0.624961 
0.561212 0.578027 0.485973 0.594862 0.589951 
0.623388 0.594716 0.639161 0.679254 0.662859 
0.589244 0.493524 0.603492 0.624651 0.619665 
48.103 48.134 48.842 49.292 49.599 
CWAS_Adap algorithm
0.985056 0.985611 0.9845 0.984 0.987278 
0.625058 0.605594 0.5804 0.612121 0.625019 
0.567076 0.565585 0.493705 0.572417 0.568455 
0.6331 0.603574 0.650194 0.677078 0.672494 
0.573735 0.498544 0.615894 0.625 0.632619 
47.969 48.257 48.932 49.229 49.526 
CWRS algorithm
0.9875 0.987222 0.988 0.986778 0.988278 
0.637937 0.611286 0.568065 0.604332 0.655478 
0.580383 0.577203 0.480956 0.563894 0.613168 
0.635276 0.609479 0.630381 0.669153 0.668998 
0.594355 0.501771 0.588153 0.621052 0.626438 
47.613 47.934 48.681 48.767 49.346 
AROMA algorithm
1 1 1 1 1 
0.618473 0.615754 0.616026 0.618998 0.600175 
0.589789 0.578966 0.57614 0.59051 0.562679 
0.624398 0.602564 0.581585 0.649184 0.64157 
0.590245 0.563895 0.523875 0.632006 0.611619 
30.721 31.583 31.676 30.635 30.492 
