0 query
OASIS algorithm
1 1 1 1 1 
0.522998 0.428247 0.512338 0.537284 0.645238 
0.463665 0.363828 0.448617 0.502756 0.544875 
0.549134 0.515584 0.492857 0.588961 0.656494 
0.487236 0.46245 0.431467 0.531664 0.581893 
0.023 0.022 0.022 0.023 0.021 
PAAS algorithm
0.00416 0.00284 0.0024 0.00296 0.00352 
0.360281 0.33539 0.285985 0.236418 0.2546 
0.354618 0.290705 0.255443 0.2298 0.212669 
0.348268 0.367965 0.279221 0.232468 0.245455 
0.33284 0.277525 0.225072 0.210481 0.196758 
0.011 0.01 0.01 0.009 0.01 
PARS algorithm
0.0042 0.00324 0.00256 0.00364 0.00368 
0.258009 0.316504 0.169264 0.278084 0.242316 
0.201565 0.213404 0.166407 0.246044 0.227942 
0.294589 0.333117 0.145238 0.319048 0.243506 
0.219125 0.226246 0.141012 0.25507 0.187146 
0.01 0.01 0.011 0.01 0.011 
CWS algorithm
1 1 1 1 1 
0.805303 0.79237 0.808766 0.716775 0.802922 
0.76944 0.745268 0.772606 0.670901 0.774346 
0.782251 0.785931 0.764935 0.741558 0.755411 
0.730006 0.735453 0.718052 0.697726 0.712863 
3.436 3.409 3.4 3.458 3.397 
CWAS algorithm
0.00056 0.00048 0.0008 0.00096 0.00072 
0.12381 0.204491 0.136418 0.187987 0.279004 
0.0959189 0.118317 0.132017 0.129752 0.235075 
0.139827 0.213636 0.15671 0.23961 0.295022 
0.0971476 0.130691 0.109797 0.172667 0.21775 
2.59 2.586 2.592 2.582 2.589 
CWAS_Adap algorithm
0.04744 0.04568 0.04392 0.04644 0.04496 
0.747132 0.724567 0.785714 0.752327 0.773377 
0.682005 0.661912 0.740735 0.700736 0.717225 
0.769697 0.774242 0.749567 0.786364 0.735714 
0.711806 0.724276 0.695962 0.737976 0.679204 
2.755 2.758 2.741 2.764 2.742 
CWRS algorithm
0.0004 0.00064 0.00068 0.00084 0.00084 
0.139177 0.119426 0.165693 0.153084 0.147457 
0.118648 0.0709638 0.123841 0.0820249 0.137029 
0.135931 0.195238 0.158442 0.14697 0.1329 
0.102656 0.0881721 0.105348 0.0647726 0.0797006 
2.576 2.582 2.578 2.576 2.593 
AROMA algorithm
1 1 1 1 1 
0.808712 0.812608 0.825108 0.796374 0.80368 
0.779277 0.780167 0.797463 0.761463 0.771125 
0.809957 0.802381 0.774892 0.795022 0.775325 
0.778233 0.764044 0.737257 0.759088 0.733899 
1.987 1.989 2.015 2.073 1.918 
1 query
OASIS algorithm
1 1 1 1 1 
0.522998 0.428247 0.512338 0.537284 0.645238 
0.463665 0.363828 0.448617 0.502756 0.544875 
0.549134 0.515584 0.492857 0.588961 0.656494 
0.487236 0.46245 0.431467 0.531664 0.581893 
0.023 0.022 0.022 0.023 0.021 
PAAS algorithm
0.0046 0.00596 0.00596 0.0046 0.00572 
0.310335 0.244102 0.260552 0.163258 0.312716 
0.275536 0.230513 0.212307 0.135686 0.28896 
0.276407 0.284632 0.22381 0.254329 0.300433 
0.220223 0.233563 0.156958 0.14408 0.234896 
0.01 0.01 0.009 0.01 0.01 
PARS algorithm
0.00428 0.00636 0.00664 0.00408 0.00684 
0.272132 0.18658 0.263528 0.192803 0.250812 
0.225781 0.152989 0.234154 0.130781 0.230029 
0.26342 0.224242 0.279221 0.267316 0.253247 
0.229428 0.170448 0.174181 0.161966 0.175734 
0.011 0.01 0.011 0.01 0.01 
CWS algorithm
1 1 1 1 1 
0.805303 0.79237 0.808766 0.716775 0.802922 
0.76944 0.745268 0.772606 0.670901 0.774346 
0.782251 0.785931 0.764935 0.741558 0.755411 
0.730006 0.735453 0.718052 0.697726 0.712863 
3.436 3.409 3.4 3.458 3.397 
CWAS algorithm
0.00076 0.00108 0.00072 0.00076 0.00076 
0.173106 0.194156 0.138474 0.138041 0.141396 
0.125309 0.158321 0.100513 0.11125 0.140231 
0.139827 0.213636 0.12316 0.144589 0.132251 
0.0980778 0.175448 0.0732145 0.0733965 0.0910714 
2.581 2.585 2.587 2.591 2.584 
CWAS_Adap algorithm
0.0482 0.0458 0.04388 0.04652 0.04496 
0.71553 0.724567 0.785714 0.752327 0.77316 
0.631379 0.661912 0.740735 0.700736 0.718576 
0.760823 0.774242 0.749567 0.786364 0.734199 
0.690228 0.724276 0.695962 0.737976 0.673744 
2.763 2.755 2.749 2.764 2.747 
CWRS algorithm
0.0006 0.00116 0.00052 0.0008 0.00108 
0.194643 0.169156 0.290747 0.20092 0.150595 
0.16155 0.134662 0.290188 0.175238 0.136246 
0.206277 0.167965 0.257143 0.210606 0.146537 
0.163583 0.124614 0.226095 0.184983 0.123371 
2.58 2.576 2.581 2.582 2.583 
AROMA algorithm
1 1 1 1 1 
0.808712 0.812608 0.825108 0.796374 0.80368 
0.779277 0.780167 0.797463 0.761463 0.771125 
0.809957 0.802381 0.774892 0.795022 0.775325 
0.778233 0.764044 0.737257 0.759088 0.733899 
1.987 1.989 2.015 2.073 1.918 
2 query
OASIS algorithm
1 1 1 1 1 
0.522998 0.428247 0.512338 0.537284 0.645238 
0.463665 0.363828 0.448617 0.502756 0.544875 
0.549134 0.515584 0.492857 0.588961 0.656494 
0.487236 0.46245 0.431467 0.531664 0.581893 
0.023 0.022 0.022 0.023 0.021 
PAAS algorithm
0.00916 0.00892 0.01048 0.00732 0.00976 
0.331277 0.3125 0.239989 0.34026 0.205087 
0.26463 0.267035 0.17982 0.283572 0.155541 
0.347403 0.3671 0.324675 0.342424 0.270996 
0.221106 0.305466 0.239787 0.24124 0.185561 
0.01 0.01 0.011 0.011 0.01 
PARS algorithm
0.01076 0.00856 0.01116 0.00692 0.00956 
0.318994 0.230682 0.333171 0.287229 0.176569 
0.262698 0.185223 0.255904 0.207758 0.100439 
0.387446 0.263853 0.341775 0.286147 0.222294 
0.275784 0.188569 0.238091 0.204195 0.13527 
0.011 0.01 0.01 0.011 0.01 
CWS algorithm
1 1 1 1 1 
0.805303 0.79237 0.808766 0.716775 0.802922 
0.76944 0.745268 0.772606 0.670901 0.774346 
0.782251 0.785931 0.764935 0.741558 0.755411 
0.730006 0.735453 0.718052 0.697726 0.712863 
3.436 3.409 3.4 3.458 3.397 
CWAS algorithm
0.00124 0.00108 0.00204 0.00176 0.0014 
0.132035 0.210714 0.403247 0.274892 0.159957 
0.0887796 0.176222 0.354151 0.229881 0.0993456 
0.137229 0.161472 0.420346 0.259957 0.159524 
0.0807543 0.12129 0.368209 0.219648 0.0968429 
2.579 2.58 2.591 2.585 2.579 
CWAS_Adap algorithm
0.04744 0.04572 0.04324 0.04648 0.04496 
0.747132 0.724567 0.76737 0.752327 0.77316 
0.682005 0.661912 0.714552 0.700736 0.718576 
0.769697 0.774242 0.712338 0.786364 0.734199 
0.711806 0.724276 0.649127 0.737976 0.673744 
2.762 2.753 2.752 2.76 2.754 
CWRS algorithm
0.00072 0.00112 0.00216 0.0018 0.00124 
0.169426 0.339286 0.200541 0.124675 0.254167 
0.161343 0.304891 0.162897 0.07137 0.208969 
0.149567 0.314286 0.199351 0.162987 0.21039 
0.123862 0.231165 0.124961 0.0697468 0.139124 
2.58 2.585 2.58 2.588 2.577 
AROMA algorithm
1 1 1 1 1 
0.808712 0.812608 0.825108 0.796374 0.80368 
0.779277 0.780167 0.797463 0.761463 0.771125 
0.809957 0.802381 0.774892 0.795022 0.775325 
0.778233 0.764044 0.737257 0.759088 0.733899 
1.987 1.989 2.015 2.073 1.918 
3 query
OASIS algorithm
1 1 1 1 1 
0.522998 0.428247 0.512338 0.537284 0.645238 
0.463665 0.363828 0.448617 0.502756 0.544875 
0.549134 0.515584 0.492857 0.588961 0.656494 
0.487236 0.46245 0.431467 0.531664 0.581893 
0.023 0.022 0.022 0.023 0.021 
PAAS algorithm
0.01448 0.0152 0.01636 0.01336 0.01604 
0.383333 0.247403 0.243074 0.33934 0.297565 
0.348397 0.172092 0.154118 0.262061 0.226613 
0.367532 0.34632 0.312121 0.357359 0.358874 
0.298799 0.210537 0.202254 0.269044 0.26052 
0.01 0.011 0.01 0.01 0.01 
PARS algorithm
0.01444 0.0162 0.01664 0.01272 0.0158 
0.268398 0.24026 0.425541 0.252652 0.250162 
0.156807 0.185401 0.341093 0.23646 0.195809 
0.286797 0.333983 0.388312 0.276407 0.305844 
0.162649 0.224782 0.306778 0.220877 0.198582 
0.01 0.011 0.011 0.01 0.01 
CWS algorithm
1 1 1 1 1 
0.805303 0.79237 0.808766 0.716775 0.802922 
0.76944 0.745268 0.772606 0.670901 0.774346 
0.782251 0.785931 0.764935 0.741558 0.755411 
0.730006 0.735453 0.718052 0.697726 0.712863 
3.436 3.409 3.4 3.458 3.397 
CWAS algorithm
0.00328 0.00352 0.0026 0.00308 0.00124 
0.147619 0.411039 0.347781 0.220996 0.147403 
0.0934842 0.329501 0.283892 0.203345 0.1353 
0.168398 0.449351 0.377273 0.240693 0.131818 
0.100854 0.374878 0.288615 0.213228 0.058161 
2.584 2.594 2.605 2.595 2.594 
CWAS_Adap algorithm
0.04744 0.04568 0.04316 0.04648 0.045 
0.747132 0.724567 0.781169 0.752327 0.77316 
0.682005 0.661912 0.732947 0.700736 0.718576 
0.769697 0.774242 0.741991 0.786364 0.734199 
0.711806 0.724276 0.68695 0.737976 0.673744 
2.757 2.761 2.758 2.769 2.756 
CWRS algorithm
0.00296 0.00304 0.00252 0.00292 0.0012 
0.144589 0.148755 0.114556 0.163745 0.113149 
0.108971 0.134115 0.0652888 0.143287 0.108722 
0.216667 0.229221 0.136364 0.109957 0.152165 
0.124315 0.175446 0.0581147 0.0755241 0.0825062 
2.601 2.586 2.594 2.598 2.588 
AROMA algorithm
1 1 1 1 1 
0.808712 0.812608 0.825108 0.796374 0.80368 
0.779277 0.780167 0.797463 0.761463 0.771125 
0.809957 0.802381 0.774892 0.795022 0.775325 
0.778233 0.764044 0.737257 0.759088 0.733899 
1.987 1.989 2.015 2.073 1.918 
4 query
OASIS algorithm
1 1 1 1 1 
0.522998 0.428247 0.512338 0.537284 0.645238 
0.463665 0.363828 0.448617 0.502756 0.544875 
0.549134 0.515584 0.492857 0.588961 0.656494 
0.487236 0.46245 0.431467 0.531664 0.581893 
0.023 0.022 0.022 0.023 0.021 
PAAS algorithm
0.02204 0.02552 0.02268 0.02416 0.0254 
0.303842 0.225974 0.321212 0.288203 0.256006 
0.24239 0.160562 0.291891 0.244656 0.217456 
0.300216 0.288528 0.319697 0.355195 0.285714 
0.238683 0.195095 0.278337 0.278677 0.237409 
0.01 0.011 0.01 0.011 0.01 
PARS algorithm
0.02172 0.02488 0.0222 0.02388 0.0256 
0.351299 0.261472 0.408333 0.161688 0.272835 
0.309945 0.192096 0.338954 0.112613 0.193725 
0.282684 0.341991 0.368182 0.279221 0.280303 
0.230093 0.239561 0.288505 0.174492 0.195804 
0.01 0.011 0.01 0.011 0.01 
CWS algorithm
1 1 1 1 1 
0.805303 0.79237 0.808766 0.716775 0.802922 
0.76944 0.745268 0.772606 0.670901 0.774346 
0.782251 0.785931 0.764935 0.741558 0.755411 
0.730006 0.735453 0.718052 0.697726 0.712863 
3.436 3.409 3.4 3.458 3.397 
CWAS algorithm
0.00484 0.00528 0.00496 0.00492 0.00428 
0.16158 0.374567 0.341288 0.272673 0.335498 
0.110708 0.305381 0.247521 0.196225 0.307821 
0.275325 0.438961 0.338961 0.286364 0.335714 
0.143506 0.351638 0.219978 0.193074 0.294009 
2.6 2.601 2.598 2.605 2.596 
CWAS_Adap algorithm
0.04844 0.04528 0.04436 0.046 0.044 
0.728896 0.727056 0.729491 0.703842 0.77224 
0.675869 0.660777 0.654306 0.643729 0.719438 
0.753463 0.767316 0.721212 0.741342 0.728139 
0.710403 0.70795 0.649533 0.674446 0.677468 
2.777 2.749 2.754 2.764 2.749 
CWRS algorithm
0.00448 0.00556 0.00544 0.00492 0.0042 
0.193344 0.208117 0.28539 0.327489 0.287933 
0.156642 0.151865 0.202215 0.258816 0.190408 
0.217749 0.255628 0.317532 0.353896 0.334848 
0.141758 0.19871 0.214152 0.250571 0.22746 
2.593 2.595 2.583 2.592 2.586 
AROMA algorithm
1 1 1 1 1 
0.808712 0.812608 0.825108 0.796374 0.80368 
0.779277 0.780167 0.797463 0.761463 0.771125 
0.809957 0.802381 0.774892 0.795022 0.775325 
0.778233 0.764044 0.737257 0.759088 0.733899 
1.987 1.989 2.015 2.073 1.918 
5 query
OASIS algorithm
1 1 1 1 1 
0.522998 0.428247 0.512338 0.537284 0.645238 
0.463665 0.363828 0.448617 0.502756 0.544875 
0.549134 0.515584 0.492857 0.588961 0.656494 
0.487236 0.46245 0.431467 0.531664 0.581893 
0.023 0.022 0.022 0.023 0.021 
PAAS algorithm
0.042 0.04032 0.03988 0.04176 0.04092 
0.465639 0.386851 0.364989 0.330574 0.336255 
0.413685 0.326071 0.336976 0.274448 0.235221 
0.483117 0.422294 0.356061 0.35 0.415801 
0.396856 0.341534 0.308736 0.270002 0.306375 
0.011 0.01 0.011 0.011 0.011 
PARS algorithm
0.04244 0.04204 0.03972 0.04236 0.04276 
0.395184 0.24881 0.331115 0.195292 0.325649 
0.35095 0.198041 0.282387 0.157102 0.312348 
0.38355 0.291775 0.354545 0.276623 0.314935 
0.313368 0.187978 0.279482 0.176902 0.221264 
0.011 0.011 0.011 0.011 0.011 
CWS algorithm
1 1 1 1 1 
0.805303 0.79237 0.808766 0.716775 0.802922 
0.76944 0.745268 0.772606 0.670901 0.774346 
0.782251 0.785931 0.764935 0.741558 0.755411 
0.730006 0.735453 0.718052 0.697726 0.712863 
3.436 3.409 3.4 3.458 3.397 
CWAS algorithm
0.01244 0.01532 0.01036 0.01452 0.01216 
0.597944 0.481331 0.322727 0.370779 0.569697 
0.505344 0.389756 0.2551 0.245955 0.499869 
0.643723 0.591775 0.370996 0.575974 0.608442 
0.552042 0.485658 0.240506 0.413873 0.541346 
2.62 2.631 2.616 2.622 2.617 
CWAS_Adap algorithm
0.04748 0.0454 0.04416 0.046 0.04304 
0.747132 0.757738 0.779924 0.734253 0.783712 
0.682005 0.682704 0.732284 0.676811 0.736602 
0.769697 0.777922 0.764286 0.775325 0.758442 
0.711806 0.710701 0.709905 0.728148 0.689774 
2.76 2.755 2.744 2.761 2.736 
CWRS algorithm
0.01164 0.0144 0.01024 0.0158 0.01244 
0.373647 0.179167 0.327489 0.309632 0.398647 
0.287529 0.144145 0.243096 0.231051 0.321995 
0.50303 0.289177 0.406277 0.357792 0.454545 
0.340274 0.167918 0.297855 0.267928 0.323063 
2.604 2.598 2.594 2.606 2.602 
AROMA algorithm
1 1 1 1 1 
0.808712 0.812608 0.825108 0.796374 0.80368 
0.779277 0.780167 0.797463 0.761463 0.771125 
0.809957 0.802381 0.774892 0.795022 0.775325 
0.778233 0.764044 0.737257 0.759088 0.733899 
1.987 1.989 2.015 2.073 1.918 
6 query
OASIS algorithm
1 1 1 1 1 
0.522998 0.428247 0.512338 0.537284 0.645238 
0.463665 0.363828 0.448617 0.502756 0.544875 
0.549134 0.515584 0.492857 0.588961 0.656494 
0.487236 0.46245 0.431467 0.531664 0.581893 
0.023 0.022 0.022 0.023 0.021 
PAAS algorithm
0.06852 0.0658 0.06652 0.06844 0.06688 
0.428409 0.369372 0.370076 0.35303 0.311093 
0.395589 0.30853 0.28419 0.286124 0.210933 
0.440909 0.3671 0.348485 0.405411 0.3171 
0.381875 0.304628 0.245278 0.315938 0.234758 
0.011 0.011 0.011 0.012 0.012 
PARS algorithm
0.06712 0.06576 0.06724 0.06412 0.0642 
0.298972 0.261688 0.309524 0.338961 0.259361 
0.251607 0.197081 0.246668 0.276208 0.220606 
0.294589 0.29329 0.325325 0.367965 0.247835 
0.214888 0.199992 0.255215 0.299911 0.202372 
0.011 0.011 0.011 0.012 0.011 
CWS algorithm
1 1 1 1 1 
0.805303 0.79237 0.808766 0.716775 0.802922 
0.76944 0.745268 0.772606 0.670901 0.774346 
0.782251 0.785931 0.764935 0.741558 0.755411 
0.730006 0.735453 0.718052 0.697726 0.712863 
3.436 3.409 3.4 3.458 3.397 
CWAS algorithm
0.0242 0.0278 0.02152 0.02576 0.02556 
0.652868 0.456385 0.549729 0.529654 0.539719 
0.525736 0.362687 0.471216 0.451687 0.42423 
0.708009 0.538528 0.556926 0.668398 0.669697 
0.630175 0.418305 0.480827 0.536737 0.557263 
2.646 2.663 2.648 2.653 2.659 
CWAS_Adap algorithm
0.04776 0.04532 0.04484 0.04736 0.0434 
0.765206 0.736364 0.730465 0.731981 0.760444 
0.734838 0.663746 0.660121 0.689904 0.692453 
0.748918 0.771212 0.714286 0.760823 0.733117 
0.697815 0.728847 0.631081 0.70578 0.681305 
2.765 2.759 2.749 2.765 2.749 
CWRS algorithm
0.02452 0.02716 0.02264 0.02492 0.02672 
0.287987 0.343236 0.192587 0.369372 0.29145 
0.164467 0.228494 0.17361 0.268231 0.221761 
0.487013 0.520346 0.198268 0.464286 0.338745 
0.298455 0.34995 0.132613 0.332152 0.255516 
2.621 2.624 2.618 2.624 2.61 
AROMA algorithm
1 1 1 1 1 
0.808712 0.812608 0.825108 0.796374 0.80368 
0.779277 0.780167 0.797463 0.761463 0.771125 
0.809957 0.802381 0.774892 0.795022 0.775325 
0.778233 0.764044 0.737257 0.759088 0.733899 
1.987 1.989 2.015 2.073 1.918 
7 query
OASIS algorithm
1 1 1 1 1 
0.522998 0.428247 0.512338 0.537284 0.645238 
0.463665 0.363828 0.448617 0.502756 0.544875 
0.549134 0.515584 0.492857 0.588961 0.656494 
0.487236 0.46245 0.431467 0.531664 0.581893 
0.023 0.022 0.022 0.023 0.021 
PAAS algorithm
0.1154 0.11612 0.11772 0.11908 0.1058 
0.436255 0.368939 0.423755 0.483333 0.478084 
0.350066 0.306279 0.375057 0.434809 0.424178 
0.467532 0.415801 0.388745 0.532684 0.538095 
0.367364 0.341767 0.326015 0.432733 0.470867 
0.012 0.012 0.012 0.013 0.012 
PARS algorithm
0.11724 0.11644 0.11932 0.11784 0.10452 
0.30276 0.3829 0.355141 0.269751 0.446591 
0.271753 0.333207 0.270356 0.222011 0.397338 
0.381602 0.441342 0.393506 0.302814 0.536364 
0.252438 0.370832 0.297235 0.197843 0.448957 
0.012 0.012 0.012 0.012 0.012 
CWS algorithm
1 1 1 1 1 
0.805303 0.79237 0.808766 0.716775 0.802922 
0.76944 0.745268 0.772606 0.670901 0.774346 
0.782251 0.785931 0.764935 0.741558 0.755411 
0.730006 0.735453 0.718052 0.697726 0.712863 
3.436 3.409 3.4 3.458 3.397 
CWAS algorithm
0.04132 0.0474 0.05004 0.0458 0.04712 
0.615043 0.596537 0.695887 0.706872 0.738366 
0.509433 0.496131 0.62137 0.620545 0.668281 
0.642208 0.71039 0.706277 0.729221 0.732684 
0.52883 0.62489 0.626218 0.639621 0.671134 
2.691 2.705 2.715 2.704 2.711 
CWAS_Adap algorithm
0.04924 0.04656 0.0448 0.04956 0.04384 
0.767208 0.735552 0.747511 0.711851 0.776028 
0.720071 0.668338 0.678539 0.645543 0.700326 
0.755844 0.766017 0.735931 0.757359 0.748918 
0.704168 0.709747 0.691391 0.694922 0.686046 
2.775 2.754 2.752 2.772 2.738 
CWRS algorithm
0.04328 0.04848 0.04876 0.04652 0.04596 
0.546916 0.669048 0.392749 0.581006 0.481494 
0.421692 0.585386 0.328259 0.475674 0.408874 
0.657143 0.719264 0.458658 0.646537 0.558658 
0.558028 0.651907 0.361958 0.514671 0.481612 
2.625 2.633 2.649 2.644 2.641 
AROMA algorithm
1 1 1 1 1 
0.808712 0.812608 0.825108 0.796374 0.80368 
0.779277 0.780167 0.797463 0.761463 0.771125 
0.809957 0.802381 0.774892 0.795022 0.775325 
0.778233 0.764044 0.737257 0.759088 0.733899 
1.987 1.989 2.015 2.073 1.918 
8 query
OASIS algorithm
1 1 1 1 1 
0.522998 0.428247 0.512338 0.537284 0.645238 
0.463665 0.363828 0.448617 0.502756 0.544875 
0.549134 0.515584 0.492857 0.588961 0.656494 
0.487236 0.46245 0.431467 0.531664 0.581893 
0.023 0.022 0.022 0.023 0.021 
PAAS algorithm
0.19068 0.19988 0.193 0.19288 0.18692 
0.48474 0.36369 0.457792 0.493344 0.381602 
0.413514 0.308961 0.405539 0.450863 0.332356 
0.510823 0.396753 0.392208 0.524892 0.353896 
0.422808 0.317488 0.326618 0.440622 0.289846 
0.013 0.014 0.013 0.014 0.014 
PARS algorithm
0.1888 0.19652 0.1958 0.1938 0.18828 
0.408009 0.572619 0.346645 0.43869 0.464394 
0.347367 0.489006 0.308004 0.380859 0.354505 
0.414069 0.582251 0.293506 0.472294 0.511905 
0.330729 0.493191 0.253383 0.37962 0.414703 
0.012 0.014 0.013 0.013 0.012 
CWS algorithm
1 1 1 1 1 
0.805303 0.79237 0.808766 0.716775 0.802922 
0.76944 0.745268 0.772606 0.670901 0.774346 
0.782251 0.785931 0.764935 0.741558 0.755411 
0.730006 0.735453 0.718052 0.697726 0.712863 
3.436 3.409 3.4 3.458 3.397 
CWAS algorithm
0.083 0.08004 0.07412 0.09572 0.08012 
0.68382 0.647619 0.678463 0.673214 0.740097 
0.585742 0.559524 0.620808 0.587229 0.659814 
0.719048 0.689827 0.686797 0.72316 0.746753 
0.622569 0.588721 0.593905 0.652693 0.660772 
2.769 2.781 2.76 2.818 2.769 
CWAS_Adap algorithm
0.04948 0.04592 0.049 0.04676 0.04472 
0.783983 0.698431 0.788312 0.749838 0.765368 
0.736333 0.626609 0.729232 0.715363 0.710421 
0.770996 0.745022 0.745671 0.760823 0.744372 
0.719616 0.678244 0.693792 0.723588 0.697182 
2.767 2.758 2.765 2.754 2.743 
CWRS algorithm
0.08112 0.08352 0.07584 0.09472 0.08088 
0.443939 0.57105 0.600487 0.342641 0.423918 
0.290631 0.488655 0.501534 0.237212 0.342225 
0.557576 0.644372 0.633117 0.492641 0.584848 
0.415592 0.548356 0.501285 0.310321 0.449217 
2.689 2.702 2.662 2.695 2.67 
AROMA algorithm
1 1 1 1 1 
0.808712 0.812608 0.825108 0.796374 0.80368 
0.779277 0.780167 0.797463 0.761463 0.771125 
0.809957 0.802381 0.774892 0.795022 0.775325 
0.778233 0.764044 0.737257 0.759088 0.733899 
1.987 1.989 2.015 2.073 1.918 
9 query
OASIS algorithm
1 1 1 1 1 
0.522998 0.428247 0.512338 0.537284 0.645238 
0.463665 0.363828 0.448617 0.502756 0.544875 
0.549134 0.515584 0.492857 0.588961 0.656494 
0.487236 0.46245 0.431467 0.531664 0.581893 
0.023 0.022 0.022 0.023 0.021 
PAAS algorithm
0.30496 0.301 0.29944 0.30568 0.30092 
0.412933 0.498972 0.518723 0.523323 0.365963 
0.389924 0.468258 0.477836 0.476029 0.329282 
0.410823 0.500433 0.466883 0.535065 0.340043 
0.36667 0.438894 0.394985 0.46904 0.272015 
0.016 0.015 0.015 0.015 0.015 
PARS algorithm
0.30452 0.30076 0.30052 0.30968 0.3036 
0.539827 0.499242 0.511093 0.483171 0.657413 
0.45886 0.450964 0.459726 0.438132 0.596145 
0.551515 0.505195 0.490043 0.494805 0.617749 
0.456178 0.448383 0.399813 0.419573 0.533193 
0.014 0.016 0.015 0.014 0.015 
CWS algorithm
1 1 1 1 1 
0.805303 0.79237 0.808766 0.716775 0.802922 
0.76944 0.745268 0.772606 0.670901 0.774346 
0.782251 0.785931 0.764935 0.741558 0.755411 
0.730006 0.735453 0.718052 0.697726 0.712863 
3.436 3.409 3.4 3.458 3.397 
CWAS algorithm
0.138 0.144 0.14792 0.14288 0.14252 
0.663528 0.661039 0.624513 0.704924 0.712933 
0.541052 0.571031 0.555056 0.655029 0.650051 
0.72013 0.738745 0.614286 0.727489 0.734848 
0.610015 0.649518 0.508797 0.68584 0.679729 
2.872 2.875 2.905 2.874 2.892 
CWAS_Adap algorithm
0.05108 0.04996 0.05208 0.04856 0.04808 
0.727976 0.752002 0.753247 0.693019 0.748918 
0.676708 0.697224 0.682788 0.632769 0.707249 
0.741991 0.786147 0.730519 0.733766 0.719481 
0.684111 0.731214 0.651855 0.674502 0.672505 
2.781 2.761 2.771 2.763 2.75 
CWRS algorithm
0.1416 0.14512 0.14744 0.14196 0.14436 
0.618885 0.455574 0.667965 0.651082 0.389502 
0.526626 0.350146 0.564556 0.572281 0.335257 
0.676623 0.642857 0.670346 0.682251 0.449134 
0.578393 0.527843 0.548274 0.567646 0.338415 
2.717 2.723 2.737 2.719 2.719 
AROMA algorithm
1 1 1 1 1 
0.808712 0.812608 0.825108 0.796374 0.80368 
0.779277 0.780167 0.797463 0.761463 0.771125 
0.809957 0.802381 0.774892 0.795022 0.775325 
0.778233 0.764044 0.737257 0.759088 0.733899 
1.987 1.989 2.015 2.073 1.918 
10 query
OASIS algorithm
1 1 1 1 1 
0.522998 0.428247 0.512338 0.537284 0.645238 
0.463665 0.363828 0.448617 0.502756 0.544875 
0.549134 0.515584 0.492857 0.588961 0.656494 
0.487236 0.46245 0.431467 0.531664 0.581893 
0.023 0.022 0.022 0.023 0.021 
PAAS algorithm
0.44132 0.4414 0.44132 0.43628 0.4412 
0.478896 0.457143 0.545671 0.439286 0.583604 
0.448554 0.358674 0.512266 0.409775 0.49683 
0.456494 0.545887 0.504978 0.480519 0.591342 
0.412006 0.467 0.457618 0.419039 0.516325 
0.017 0.017 0.017 0.017 0.017 
PARS algorithm
0.43868 0.44112 0.43924 0.4336 0.4412 
0.542641 0.461526 0.555087 0.359686 0.615584 
0.483674 0.362501 0.495553 0.298869 0.522035 
0.548701 0.587013 0.508874 0.35368 0.54632 
0.463408 0.49459 0.446884 0.283955 0.467431 
0.016 0.016 0.017 0.017 0.016 
CWS algorithm
1 1 1 1 1 
0.805303 0.79237 0.808766 0.716775 0.802922 
0.76944 0.745268 0.772606 0.670901 0.774346 
0.782251 0.785931 0.764935 0.741558 0.755411 
0.730006 0.735453 0.718052 0.697726 0.712863 
3.436 3.409 3.4 3.458 3.397 
CWAS algorithm
0.24948 0.23856 0.23388 0.23256 0.2426 
0.741721 0.705736 0.789232 0.713474 0.765152 
0.69375 0.639686 0.736489 0.673527 0.702944 
0.766667 0.767965 0.731385 0.738312 0.738095 
0.71307 0.711092 0.66341 0.700815 0.681985 
3.013 3.003 2.986 3 3.012 
CWAS_Adap algorithm
0.06216 0.05868 0.05972 0.06252 0.05456 
0.757684 0.719968 0.793777 0.756764 0.714015 
0.713464 0.660084 0.751615 0.708948 0.660823 
0.743723 0.760823 0.745887 0.785931 0.751299 
0.70001 0.704385 0.682791 0.747384 0.69361 
2.799 2.783 2.796 2.789 2.771 
CWRS algorithm
0.24336 0.23624 0.2364 0.23944 0.2472 
0.737229 0.735498 0.769968 0.64118 0.741937 
0.688177 0.653837 0.69363 0.558978 0.684744 
0.739827 0.769264 0.72684 0.642424 0.733766 
0.685774 0.691908 0.648011 0.524471 0.679631 
2.801 2.805 2.832 2.861 2.812 
AROMA algorithm
1 1 1 1 1 
0.808712 0.812608 0.825108 0.796374 0.80368 
0.779277 0.780167 0.797463 0.761463 0.771125 
0.809957 0.802381 0.774892 0.795022 0.775325 
0.778233 0.764044 0.737257 0.759088 0.733899 
1.987 1.989 2.015 2.073 1.918 
11 query
OASIS algorithm
1 1 1 1 1 
0.522998 0.428247 0.512338 0.537284 0.645238 
0.463665 0.363828 0.448617 0.502756 0.544875 
0.549134 0.515584 0.492857 0.588961 0.656494 
0.487236 0.46245 0.431467 0.531664 0.581893 
0.023 0.022 0.022 0.023 0.021 
PAAS algorithm
0.58696 0.59248 0.58564 0.60008 0.58384 
0.461255 0.43355 0.552706 0.475433 0.634794 
0.401254 0.368751 0.516023 0.411282 0.519707 
0.52381 0.487879 0.503463 0.551515 0.621212 
0.453385 0.429566 0.458775 0.498859 0.53746 
0.02 0.019 0.019 0.019 0.019 
PARS algorithm
0.58312 0.59116 0.5918 0.59964 0.58128 
0.496753 0.42132 0.445292 0.437879 0.61553 
0.436085 0.366928 0.388353 0.381042 0.551824 
0.559307 0.487446 0.441126 0.51342 0.579004 
0.478536 0.435908 0.377909 0.441192 0.480796 
0.018 0.018 0.018 0.019 0.018 
CWS algorithm
1 1 1 1 1 
0.805303 0.79237 0.808766 0.716775 0.802922 
0.76944 0.745268 0.772606 0.670901 0.774346 
0.782251 0.785931 0.764935 0.741558 0.755411 
0.730006 0.735453 0.718052 0.697726 0.712863 
3.436 3.409 3.4 3.458 3.397 
CWAS algorithm
0.36068 0.3656 0.36308 0.37004 0.35248 
0.736364 0.785281 0.825974 0.715152 0.780574 
0.63869 0.728251 0.797199 0.674374 0.717368 
0.755844 0.783766 0.77316 0.75 0.767316 
0.688673 0.734829 0.730513 0.708697 0.721314 
3.128 3.142 3.134 3.169 3.103 
CWAS_Adap algorithm
0.0838 0.07844 0.07992 0.08168 0.07212 
0.735119 0.748755 0.768452 0.730736 0.755303 
0.673141 0.710103 0.707747 0.671555 0.718289 
0.751299 0.769481 0.724675 0.766667 0.732684 
0.689009 0.721719 0.653368 0.715636 0.691213 
2.839 2.835 2.821 2.862 2.823 
CWRS algorithm
0.36192 0.36764 0.36136 0.37416 0.3522 
0.708225 0.764015 0.760011 0.666342 0.751407 
0.643624 0.70921 0.677696 0.596033 0.704308 
0.731602 0.768398 0.724675 0.718182 0.733333 
0.640939 0.70662 0.631898 0.646929 0.688293 
2.929 2.897 2.928 2.946 2.907 
AROMA algorithm
1 1 1 1 1 
0.808712 0.812608 0.825108 0.796374 0.80368 
0.779277 0.780167 0.797463 0.761463 0.771125 
0.809957 0.802381 0.774892 0.795022 0.775325 
0.778233 0.764044 0.737257 0.759088 0.733899 
1.987 1.989 2.015 2.073 1.918 
12 query
OASIS algorithm
1 1 1 1 1 
0.522998 0.428247 0.512338 0.537284 0.645238 
0.463665 0.363828 0.448617 0.502756 0.544875 
0.549134 0.515584 0.492857 0.588961 0.656494 
0.487236 0.46245 0.431467 0.531664 0.581893 
0.023 0.022 0.022 0.023 0.021 
PAAS algorithm
0.72564 0.72136 0.72068 0.73316 0.72036 
0.481872 0.37868 0.54118 0.3954 0.62868 
0.429057 0.298313 0.478615 0.357173 0.535554 
0.545887 0.484416 0.524459 0.430519 0.628139 
0.483621 0.410884 0.464049 0.36703 0.554304 
0.02 0.02 0.02 0.02 0.02 
PARS algorithm
0.729 0.72088 0.71924 0.73276 0.71808 
0.54237 0.416829 0.4829 0.483929 0.529004 
0.475413 0.325032 0.451633 0.461183 0.42202 
0.615584 0.581602 0.494589 0.518831 0.598485 
0.532363 0.466361 0.40959 0.465281 0.486364 
0.02 0.02 0.019 0.02 0.02 
CWS algorithm
1 1 1 1 1 
0.805303 0.79237 0.808766 0.716775 0.802922 
0.76944 0.745268 0.772606 0.670901 0.774346 
0.782251 0.785931 0.764935 0.741558 0.755411 
0.730006 0.735453 0.718052 0.697726 0.712863 
3.436 3.409 3.4 3.458 3.397 
CWAS algorithm
0.51752 0.52372 0.51452 0.52316 0.48016 
0.798647 0.786688 0.819481 0.738095 0.692478 
0.756978 0.73777 0.79319 0.687778 0.611033 
0.778788 0.79329 0.773593 0.75671 0.72987 
0.72897 0.738154 0.732193 0.711607 0.666693 
3.259 3.268 3.231 3.267 3.179 
CWAS_Adap algorithm
0.12712 0.12008 0.1302 0.12636 0.11872 
0.739015 0.725758 0.803463 0.726948 0.768236 
0.679545 0.641262 0.774826 0.659805 0.741582 
0.748485 0.786147 0.76645 0.759091 0.74026 
0.684122 0.722846 0.729197 0.696644 0.700323 
2.914 2.885 2.914 2.89 2.886 
CWRS algorithm
0.51592 0.52452 0.5146 0.51868 0.47784 
0.762284 0.74789 0.769481 0.756818 0.529924 
0.701135 0.68187 0.723584 0.692911 0.448179 
0.769264 0.764502 0.739394 0.776407 0.708009 
0.726219 0.709338 0.682259 0.708658 0.609201 
3.073 3.008 3.023 3.07 3.017 
AROMA algorithm
1 1 1 1 1 
0.808712 0.812608 0.825108 0.796374 0.80368 
0.779277 0.780167 0.797463 0.761463 0.771125 
0.809957 0.802381 0.774892 0.795022 0.775325 
0.778233 0.764044 0.737257 0.759088 0.733899 
1.987 1.989 2.015 2.073 1.918 
13 query
OASIS algorithm
1 1 1 1 1 
0.522998 0.428247 0.512338 0.537284 0.645238 
0.463665 0.363828 0.448617 0.502756 0.544875 
0.549134 0.515584 0.492857 0.588961 0.656494 
0.487236 0.46245 0.431467 0.531664 0.581893 
0.023 0.022 0.022 0.023 0.021 
PAAS algorithm
0.8316 0.8276 0.82872 0.8314 0.83164 
0.498377 0.416504 0.458604 0.562284 0.642478 
0.425487 0.356962 0.419762 0.470013 0.554041 
0.522944 0.485498 0.445887 0.615152 0.642857 
0.449723 0.439595 0.408914 0.521633 0.572593 
0.021 0.021 0.022 0.022 0.021 
PARS algorithm
0.8314 0.82564 0.82828 0.83 0.83056 
0.449242 0.408009 0.482955 0.573377 0.643128 
0.386762 0.356546 0.433583 0.519594 0.543914 
0.474026 0.486797 0.452165 0.576623 0.630087 
0.406237 0.435042 0.400242 0.514517 0.556868 
0.021 0.021 0.022 0.021 0.021 
CWS algorithm
1 1 1 1 1 
0.805303 0.79237 0.808766 0.716775 0.802922 
0.76944 0.745268 0.772606 0.670901 0.774346 
0.782251 0.785931 0.764935 0.741558 0.755411 
0.730006 0.735453 0.718052 0.697726 0.712863 
3.436 3.409 3.4 3.458 3.397 
CWAS algorithm
0.65616 0.66948 0.64064 0.68596 0.65728 
0.770942 0.798701 0.825379 0.739989 0.802814 
0.704759 0.757322 0.787174 0.684478 0.771226 
0.778355 0.791775 0.765584 0.756277 0.753896 
0.714444 0.743344 0.708726 0.710877 0.709111 
3.294 3.328 3.261 3.371 3.293 
CWAS_Adap algorithm
0.23344 0.23064 0.21372 0.24228 0.23292 
0.761418 0.773485 0.806331 0.729437 0.785877 
0.692562 0.732379 0.761498 0.698195 0.737064 
0.773593 0.787446 0.77013 0.749134 0.768398 
0.71168 0.745439 0.728516 0.710673 0.720897 
3.05 3.031 2.988 3.069 3.04 
CWRS algorithm
0.65868 0.66668 0.64156 0.6852 0.6606 
0.781331 0.740639 0.645455 0.747348 0.724188 
0.727896 0.679751 0.561369 0.700857 0.619891 
0.775108 0.762121 0.658225 0.768615 0.727706 
0.723871 0.703839 0.553782 0.717442 0.646979 
3.17 3.157 3.105 3.164 3.118 
AROMA algorithm
1 1 1 1 1 
0.808712 0.812608 0.825108 0.796374 0.80368 
0.779277 0.780167 0.797463 0.761463 0.771125 
0.809957 0.802381 0.774892 0.795022 0.775325 
0.778233 0.764044 0.737257 0.759088 0.733899 
1.987 1.989 2.015 2.073 1.918 
14 query
OASIS algorithm
1 1 1 1 1 
0.522998 0.428247 0.512338 0.537284 0.645238 
0.463665 0.363828 0.448617 0.502756 0.544875 
0.549134 0.515584 0.492857 0.588961 0.656494 
0.487236 0.46245 0.431467 0.531664 0.581893 
0.023 0.022 0.022 0.023 0.021 
PAAS algorithm
0.90104 0.90032 0.89832 0.90092 0.90132 
0.528193 0.445509 0.529437 0.529058 0.641558 
0.471633 0.385128 0.457203 0.481627 0.533826 
0.54697 0.508874 0.505844 0.546537 0.656277 
0.49291 0.460537 0.434244 0.485595 0.591404 
0.022 0.022 0.022 0.022 0.022 
PARS algorithm
0.90128 0.89696 0.89476 0.89712 0.90108 
0.563258 0.437608 0.427219 0.412771 0.609957 
0.524034 0.368276 0.391127 0.384701 0.514973 
0.585931 0.526407 0.398052 0.476407 0.640693 
0.510855 0.467065 0.359023 0.383068 0.556978 
0.022 0.023 0.021 0.022 0.022 
CWS algorithm
1 1 1 1 1 
0.805303 0.79237 0.808766 0.716775 0.802922 
0.76944 0.745268 0.772606 0.670901 0.774346 
0.782251 0.785931 0.764935 0.741558 0.755411 
0.730006 0.735453 0.718052 0.697726 0.712863 
3.436 3.409 3.4 3.458 3.397 
CWAS algorithm
0.79436 0.7802 0.78292 0.7836 0.7784 
0.79724 0.790314 0.809307 0.747619 0.821807 
0.757354 0.73853 0.774593 0.701613 0.792764 
0.781602 0.787662 0.767965 0.754329 0.765368 
0.729188 0.739232 0.720256 0.712698 0.726907 
3.376 3.345 3.33 3.38 3.326 
CWAS_Adap algorithm
0.40648 0.41236 0.4062 0.424 0.40196 
0.775379 0.783225 0.814502 0.727868 0.804167 
0.720384 0.727782 0.786583 0.687782 0.762301 
0.768615 0.79026 0.771212 0.751299 0.77013 
0.705293 0.737424 0.732175 0.710073 0.72068 
3.186 3.205 3.187 3.245 3.174 
CWRS algorithm
0.79184 0.77948 0.78212 0.78352 0.7778 
0.764015 0.791775 0.814719 0.721429 0.80211 
0.690581 0.735406 0.781032 0.673664 0.766909 
0.782468 0.78658 0.762121 0.740693 0.757576 
0.734078 0.733842 0.716198 0.69383 0.707776 
3.256 3.253 3.208 3.274 3.225 
AROMA algorithm
1 1 1 1 1 
0.808712 0.812608 0.825108 0.796374 0.80368 
0.779277 0.780167 0.797463 0.761463 0.771125 
0.809957 0.802381 0.774892 0.795022 0.775325 
0.778233 0.764044 0.737257 0.759088 0.733899 
1.987 1.989 2.015 2.073 1.918 
15 query
OASIS algorithm
1 1 1 1 1 
0.522998 0.428247 0.512338 0.537284 0.645238 
0.463665 0.363828 0.448617 0.502756 0.544875 
0.549134 0.515584 0.492857 0.588961 0.656494 
0.487236 0.46245 0.431467 0.531664 0.581893 
0.023 0.022 0.022 0.023 0.021 
PAAS algorithm
0.9462 0.94896 0.9434 0.94864 0.94488 
0.51461 0.421916 0.535335 0.512229 0.647673 
0.44876 0.350558 0.469161 0.482206 0.545328 
0.541558 0.55303 0.499134 0.550216 0.657792 
0.476616 0.491849 0.429715 0.497337 0.586705 
0.023 0.022 0.022 0.023 0.023 
PARS algorithm
0.94552 0.94992 0.94272 0.95188 0.94844 
0.497944 0.416721 0.544156 0.506331 0.624188 
0.430486 0.346382 0.481613 0.478369 0.546314 
0.511472 0.527922 0.493939 0.543074 0.637879 
0.431224 0.469647 0.424541 0.493819 0.546341 
0.023 0.022 0.022 0.023 0.022 
CWS algorithm
1 1 1 1 1 
0.805303 0.79237 0.808766 0.716775 0.802922 
0.76944 0.745268 0.772606 0.670901 0.774346 
0.782251 0.785931 0.764935 0.741558 0.755411 
0.730006 0.735453 0.718052 0.697726 0.712863 
3.436 3.409 3.4 3.458 3.397 
CWAS algorithm
0.8732 0.87944 0.8664 0.88012 0.8732 
0.79697 0.793723 0.803355 0.736147 0.800054 
0.754472 0.743265 0.755311 0.694078 0.763982 
0.780303 0.789827 0.754978 0.749134 0.760823 
0.731929 0.740559 0.701601 0.705508 0.719737 
3.383 3.396 3.349 3.441 3.348 
CWAS_Adap algorithm
0.62112 0.62172 0.61416 0.62588 0.60528 
0.795022 0.789394 0.814015 0.750433 0.798755 
0.754662 0.737179 0.782796 0.712295 0.76134 
0.782035 0.791126 0.766017 0.758874 0.751515 
0.735513 0.743286 0.719558 0.713065 0.705248 
3.315 3.293 3.286 3.324 3.267 
CWRS algorithm
0.87364 0.88168 0.8662 0.88012 0.87232 
0.811364 0.791234 0.817316 0.747457 0.775595 
0.778367 0.745994 0.78144 0.70688 0.723528 
0.792424 0.791991 0.759524 0.749567 0.768398 
0.749474 0.751543 0.713857 0.711938 0.721508 
3.345 3.328 3.289 3.354 3.301 
AROMA algorithm
1 1 1 1 1 
0.808712 0.812608 0.825108 0.796374 0.80368 
0.779277 0.780167 0.797463 0.761463 0.771125 
0.809957 0.802381 0.774892 0.795022 0.775325 
0.778233 0.764044 0.737257 0.759088 0.733899 
1.987 1.989 2.015 2.073 1.918 
16 query
OASIS algorithm
1 1 1 1 1 
0.522998 0.428247 0.512338 0.537284 0.645238 
0.463665 0.363828 0.448617 0.502756 0.544875 
0.549134 0.515584 0.492857 0.588961 0.656494 
0.487236 0.46245 0.431467 0.531664 0.581893 
0.023 0.022 0.022 0.023 0.021 
PAAS algorithm
0.97232 0.97224 0.97132 0.97516 0.97296 
0.521861 0.43869 0.523052 0.534686 0.645671 
0.461803 0.374779 0.458668 0.499158 0.545464 
0.548701 0.512771 0.498268 0.588312 0.653463 
0.486977 0.463626 0.42911 0.531929 0.582769 
0.024 0.023 0.022 0.023 0.022 
PARS algorithm
0.97312 0.97352 0.97288 0.97768 0.97176 
0.508712 0.424351 0.514123 0.532089 0.644859 
0.442087 0.359524 0.450799 0.500085 0.547763 
0.528788 0.51342 0.499784 0.583983 0.656061 
0.459017 0.457603 0.431988 0.527312 0.581929 
0.023 0.023 0.022 0.022 0.023 
CWS algorithm
1 1 1 1 1 
0.805303 0.79237 0.808766 0.716775 0.802922 
0.76944 0.745268 0.772606 0.670901 0.774346 
0.782251 0.785931 0.764935 0.741558 0.755411 
0.730006 0.735453 0.718052 0.697726 0.712863 
3.436 3.409 3.4 3.458 3.397 
CWAS algorithm
0.93356 0.92996 0.92424 0.9328 0.93344 
0.792045 0.79053 0.80303 0.731169 0.808604 
0.742903 0.743579 0.773123 0.689429 0.776455 
0.788312 0.788095 0.761688 0.745671 0.765584 
0.739205 0.740087 0.717258 0.703147 0.727192 
3.406 3.393 3.384 3.452 3.41 
CWAS_Adap algorithm
0.80884 0.8008 0.80032 0.80612 0.79796 
0.815314 0.77105 0.816613 0.74697 0.810444 
0.778985 0.711666 0.783451 0.711113 0.776354 
0.785281 0.764069 0.762121 0.754113 0.767316 
0.735284 0.68909 0.718849 0.717867 0.72233 
3.387 3.358 3.34 3.397 3.346 
CWRS algorithm
0.92896 0.93088 0.92384 0.93036 0.9326 
0.760498 0.779329 0.818074 0.71434 0.797781 
0.67968 0.730514 0.792397 0.66598 0.754263 
0.770346 0.786797 0.766234 0.743723 0.761255 
0.696476 0.732995 0.720828 0.698604 0.720033 
3.36 3.382 3.334 3.426 3.339 
AROMA algorithm
1 1 1 1 1 
0.808712 0.812608 0.825108 0.796374 0.80368 
0.779277 0.780167 0.797463 0.761463 0.771125 
0.809957 0.802381 0.774892 0.795022 0.775325 
0.778233 0.764044 0.737257 0.759088 0.733899 
1.987 1.989 2.015 2.073 1.918 
17 query
OASIS algorithm
1 1 1 1 1 
0.522998 0.428247 0.512338 0.537284 0.645238 
0.463665 0.363828 0.448617 0.502756 0.544875 
0.549134 0.515584 0.492857 0.588961 0.656494 
0.487236 0.46245 0.431467 0.531664 0.581893 
0.023 0.022 0.022 0.023 0.021 
PAAS algorithm
0.9866 0.98712 0.98732 0.98668 0.985 
0.523539 0.42197 0.505141 0.537554 0.643831 
0.465273 0.357916 0.43872 0.503188 0.54448 
0.548701 0.513853 0.489394 0.586797 0.654329 
0.487238 0.459922 0.428286 0.530036 0.580479 
0.023 0.023 0.023 0.023 0.023 
PARS algorithm
0.98644 0.98804 0.98724 0.98644 0.9838 
0.528301 0.427706 0.509957 0.536526 0.641721 
0.456 0.36325 0.449319 0.500067 0.543358 
0.564069 0.515801 0.492208 0.580519 0.656926 
0.485674 0.46212 0.430059 0.526065 0.581171 
0.023 0.023 0.023 0.023 0.023 
CWS algorithm
1 1 1 1 1 
0.805303 0.79237 0.808766 0.716775 0.802922 
0.76944 0.745268 0.772606 0.670901 0.774346 
0.782251 0.785931 0.764935 0.741558 0.755411 
0.730006 0.735453 0.718052 0.697726 0.712863 
3.436 3.409 3.4 3.458 3.397 
CWAS algorithm
0.96328 0.9632 0.9638 0.96496 0.96316 
0.805682 0.781818 0.809199 0.736472 0.799242 
0.769227 0.72693 0.77044 0.702682 0.767836 
0.782251 0.792208 0.763203 0.751732 0.756061 
0.733012 0.737707 0.715088 0.716767 0.718765 
3.44 3.41 3.407 3.459 3.399 
CWAS_Adap algorithm
0.91808 0.9162 0.91608 0.9184 0.91628 
0.800487 0.784037 0.826948 0.742532 0.818777 
0.769193 0.726844 0.794144 0.711999 0.79074 
0.785714 0.777489 0.771645 0.749567 0.769264 
0.737363 0.722579 0.723223 0.718327 0.728779 
3.404 3.412 3.396 3.428 3.388 
CWRS algorithm
0.96244 0.96304 0.96404 0.96512 0.96276 
0.802597 0.788582 0.810714 0.748647 0.799242 
0.763927 0.740247 0.785033 0.709379 0.758926 
0.785498 0.793074 0.768182 0.753463 0.76039 
0.73245 0.744681 0.721411 0.711949 0.719754 
3.4 3.388 3.391 3.423 3.369 
AROMA algorithm
1 1 1 1 1 
0.808712 0.812608 0.825108 0.796374 0.80368 
0.779277 0.780167 0.797463 0.761463 0.771125 
0.809957 0.802381 0.774892 0.795022 0.775325 
0.778233 0.764044 0.737257 0.759088 0.733899 
1.987 1.989 2.015 2.073 1.918 
18 query
OASIS algorithm
1 1 1 1 1 
0.522998 0.428247 0.512338 0.537284 0.645238 
0.463665 0.363828 0.448617 0.502756 0.544875 
0.549134 0.515584 0.492857 0.588961 0.656494 
0.487236 0.46245 0.431467 0.531664 0.581893 
0.023 0.022 0.022 0.023 0.021 
PAAS algorithm
0.99184 0.99204 0.99316 0.99252 0.99128 
0.52381 0.428084 0.510823 0.534632 0.645563 
0.4667 0.362948 0.447235 0.499653 0.54495 
0.550866 0.515152 0.491558 0.585714 0.654113 
0.489874 0.461426 0.430399 0.529387 0.578706 
0.023 0.022 0.022 0.023 0.022 
PARS algorithm
0.99116 0.99088 0.994 0.99328 0.9902 
0.527489 0.428193 0.512987 0.537338 0.643074 
0.468475 0.363866 0.448198 0.505262 0.541743 
0.555411 0.511905 0.491558 0.585931 0.659307 
0.49316 0.457138 0.430807 0.529081 0.585562 
0.023 0.023 0.023 0.023 0.023 
CWS algorithm
1 1 1 1 1 
0.805303 0.79237 0.808766 0.716775 0.802922 
0.76944 0.745268 0.772606 0.670901 0.774346 
0.782251 0.785931 0.764935 0.741558 0.755411 
0.730006 0.735453 0.718052 0.697726 0.712863 
3.436 3.409 3.4 3.458 3.397 
CWAS algorithm
0.98156 0.97808 0.98328 0.98164 0.97992 
0.805898 0.767316 0.813312 0.728193 0.809903 
0.76772 0.71245 0.780402 0.686004 0.783012 
0.789177 0.771861 0.766667 0.74632 0.752814 
0.742674 0.713073 0.722449 0.703115 0.711648 
3.415 3.408 3.4 3.463 3.379 
CWAS_Adap algorithm
0.968 0.96692 0.96456 0.9688 0.96792 
0.786905 0.795563 0.815043 0.742911 0.809848 
0.746651 0.745113 0.780493 0.707363 0.779665 
0.774026 0.791558 0.76342 0.756061 0.765368 
0.715758 0.743055 0.717199 0.721098 0.72533 
3.426 3.418 3.382 3.454 3.402 
CWRS algorithm
0.98204 0.97832 0.98288 0.98032 0.97944 
0.80882 0.720292 0.807522 0.721916 0.810606 
0.772501 0.658753 0.774991 0.679868 0.780217 
0.791558 0.762987 0.762338 0.742208 0.758009 
0.740491 0.700856 0.711589 0.69792 0.71607 
3.412 3.385 3.384 3.449 3.38 
AROMA algorithm
1 1 1 1 1 
0.808712 0.812608 0.825108 0.796374 0.80368 
0.779277 0.780167 0.797463 0.761463 0.771125 
0.809957 0.802381 0.774892 0.795022 0.775325 
0.778233 0.764044 0.737257 0.759088 0.733899 
1.987 1.989 2.015 2.073 1.918 
19 query
OASIS algorithm
1 1 1 1 1 
0.522998 0.428247 0.512338 0.537284 0.645238 
0.463665 0.363828 0.448617 0.502756 0.544875 
0.549134 0.515584 0.492857 0.588961 0.656494 
0.487236 0.46245 0.431467 0.531664 0.581893 
0.023 0.022 0.022 0.023 0.021 
PAAS algorithm
0.99624 0.99628 0.99592 0.9962 0.99624 
0.522403 0.42803 0.512284 0.537284 0.644589 
0.462932 0.364402 0.447937 0.502479 0.544232 
0.548918 0.517532 0.49329 0.587662 0.654978 
0.486501 0.463559 0.431733 0.531318 0.580381 
0.023 0.023 0.023 0.022 0.023 
PARS algorithm
0.99588 0.99604 0.99604 0.99648 0.99608 
0.52381 0.430249 0.512446 0.53447 0.644913 
0.462864 0.364264 0.448146 0.503278 0.543666 
0.549784 0.524459 0.493074 0.581169 0.655411 
0.487584 0.469912 0.431373 0.525843 0.581838 
0.023 0.023 0.023 0.023 0.023 
CWS algorithm
1 1 1 1 1 
0.805303 0.79237 0.808766 0.716775 0.802922 
0.76944 0.745268 0.772606 0.670901 0.774346 
0.782251 0.785931 0.764935 0.741558 0.755411 
0.730006 0.735453 0.718052 0.697726 0.712863 
3.436 3.409 3.4 3.458 3.397 
CWAS algorithm
0.99044 0.98976 0.99012 0.99108 0.98936 
0.80276 0.775487 0.823972 0.734848 0.808333 
0.766674 0.720696 0.791627 0.693301 0.780899 
0.7829 0.781385 0.76645 0.750433 0.759307 
0.733416 0.726842 0.716938 0.7101 0.717837 
3.43 3.401 3.392 3.444 3.4 
CWAS_Adap algorithm
0.9884 0.98772 0.98872 0.98596 0.98816 
0.801407 0.778896 0.818344 0.724134 0.786201 
0.756508 0.72443 0.788186 0.677168 0.755269 
0.779654 0.779437 0.761472 0.743074 0.743074 
0.729367 0.728193 0.710005 0.698262 0.699185 
3.425 3.411 3.413 3.457 3.397 
CWRS algorithm
0.98984 0.99112 0.98988 0.99096 0.989 
0.789015 0.796699 0.817803 0.729221 0.797998 
0.736089 0.749765 0.785795 0.691227 0.769568 
0.785281 0.790476 0.769048 0.741342 0.751515 
0.72879 0.744781 0.717957 0.697847 0.710758 
3.419 3.403 3.399 3.448 3.4 
AROMA algorithm
1 1 1 1 1 
0.808712 0.812608 0.825108 0.796374 0.80368 
0.779277 0.780167 0.797463 0.761463 0.771125 
0.809957 0.802381 0.774892 0.795022 0.775325 
0.778233 0.764044 0.737257 0.759088 0.733899 
1.987 1.989 2.015 2.073 1.918 
