OASIS que
1.000    1.000    1.000    1.000    1.000    1.000    1.000    1.000    1.000    1.000    1.000    1.000    1.000    1.000    1.000    1.000    1.000    1.000    1.000    1.000    
OASIS std_que
0.000    0.000    0.000    0.000    0.000    0.000    0.000    0.000    0.000    0.000    0.000    0.000    0.000    0.000    0.000    0.000    0.000    0.000    0.000    0.000    
OASIS AP_train
0.529    0.529    0.529    0.529    0.529    0.529    0.529    0.529    0.529    0.529    0.529    0.529    0.529    0.529    0.529    0.529    0.529    0.529    0.529    0.529    
OASIS std_AP_train
0.069    0.069    0.069    0.069    0.069    0.069    0.069    0.069    0.069    0.069    0.069    0.069    0.069    0.069    0.069    0.069    0.069    0.069    0.069    0.069    
OASIS mAP_train
0.465    0.465    0.465    0.465    0.465    0.465    0.465    0.465    0.465    0.465    0.465    0.465    0.465    0.465    0.465    0.465    0.465    0.465    0.465    0.465    
OASIS std_mAP_train
0.061    0.061    0.061    0.061    0.061    0.061    0.061    0.061    0.061    0.061    0.061    0.061    0.061    0.061    0.061    0.061    0.061    0.061    0.061    0.061    
OASIS AP_test
0.561    0.561    0.561    0.561    0.561    0.561    0.561    0.561    0.561    0.561    0.561    0.561    0.561    0.561    0.561    0.561    0.561    0.561    0.561    0.561    
OASIS std_AP_test
0.058    0.058    0.058    0.058    0.058    0.058    0.058    0.058    0.058    0.058    0.058    0.058    0.058    0.058    0.058    0.058    0.058    0.058    0.058    0.058    
OASIS mAP_test
0.499    0.499    0.499    0.499    0.499    0.499    0.499    0.499    0.499    0.499    0.499    0.499    0.499    0.499    0.499    0.499    0.499    0.499    0.499    0.499    
OASIS std_mAP_test
0.053    0.053    0.053    0.053    0.053    0.053    0.053    0.053    0.053    0.053    0.053    0.053    0.053    0.053    0.053    0.053    0.053    0.053    0.053    0.053    
OASIS time
0.022    0.022    0.022    0.022    0.022    0.022    0.022    0.022    0.022    0.022    0.022    0.022    0.022    0.022    0.022    0.022    0.022    0.022    0.022    0.022    
OASIS std_time
0.001    0.001    0.001    0.001    0.001    0.001    0.001    0.001    0.001    0.001    0.001    0.001    0.001    0.001    0.001    0.001    0.001    0.001    0.001    0.001    
PAAS que
0.003    0.005    0.009    0.015    0.024    0.041    0.067    0.115    0.193    0.302    0.440    0.590    0.724    0.830    0.900    0.946    0.973    0.987    0.992    0.996    
PAAS std_que
0.001    0.001    0.001    0.001    0.001    0.001    0.001    0.005    0.004    0.002    0.002    0.006    0.005    0.002    0.001    0.002    0.001    0.001    0.001    0.000    
PAAS AP_train
0.295    0.258    0.286    0.302    0.279    0.377    0.366    0.438    0.436    0.464    0.501    0.512    0.485    0.516    0.535    0.526    0.533    0.526    0.529    0.529    
PAAS std_AP_train
0.047    0.055    0.054    0.054    0.034    0.049    0.038    0.042    0.054    0.063    0.055    0.073    0.093    0.080    0.062    0.072    0.066    0.071    0.070    0.069    
PAAS mAP_train
0.269    0.229    0.230    0.233    0.231    0.317    0.297    0.378    0.382    0.428    0.445    0.443    0.420    0.445    0.466    0.459    0.468    0.462    0.464    0.464    
PAAS std_mAP_train
0.050    0.054    0.052    0.069    0.043    0.061    0.059    0.048    0.053    0.059    0.056    0.062    0.084    0.065    0.048    0.063    0.056    0.063    0.061    0.060    
PAAS AP_test
0.295    0.268    0.331    0.348    0.310    0.405    0.376    0.469    0.436    0.451    0.516    0.538    0.523    0.542    0.553    0.560    0.560    0.559    0.559    0.560    
PAAS std_AP_test
0.054    0.027    0.033    0.019    0.026    0.049    0.043    0.060    0.069    0.069    0.048    0.047    0.066    0.075    0.055    0.052    0.056    0.058    0.057    0.057    
PAAS mAP_test
0.249    0.198    0.239    0.248    0.246    0.325    0.296    0.388    0.359    0.388    0.454    0.476    0.456    0.478    0.493    0.496    0.499    0.497    0.498    0.499    
PAAS std_mAP_test
0.050    0.039    0.039    0.037    0.031    0.043    0.053    0.055    0.060    0.068    0.038    0.038    0.064    0.060    0.053    0.051    0.054    0.053    0.052    0.052    
PAAS time
0.010    0.010    0.010    0.010    0.010    0.011    0.011    0.012    0.014    0.015    0.017    0.019    0.020    0.021    0.022    0.023    0.023    0.023    0.022    0.023    
PAAS std_time
0.001    0.000    0.000    0.000    0.000    0.000    0.000    0.000    0.000    0.000    0.000    0.000    0.000    0.000    0.000    0.000    0.001    0.000    0.000    0.000    
PARS que
0.003    0.006    0.009    0.015    0.024    0.042    0.066    0.115    0.193    0.304    0.439    0.589    0.724    0.829    0.898    0.948    0.974    0.986    0.992    0.996    
PARS std_que
0.001    0.001    0.002    0.001    0.001    0.001    0.001    0.005    0.003    0.003    0.003    0.007    0.006    0.002    0.003    0.003    0.002    0.001    0.001    0.000    
PARS AP_train
0.253    0.233    0.269    0.287    0.291    0.299    0.294    0.351    0.446    0.538    0.507    0.483    0.491    0.511    0.490    0.518    0.525    0.529    0.530    0.529    
PARS std_AP_train
0.049    0.036    0.058    0.070    0.084    0.070    0.030    0.062    0.074    0.062    0.088    0.071    0.044    0.086    0.081    0.067    0.071    0.068    0.069    0.069    
PARS mAP_train
0.211    0.195    0.202    0.223    0.229    0.260    0.238    0.299    0.376    0.481    0.433    0.425    0.427    0.448    0.437    0.457    0.460    0.462    0.466    0.464    
PARS std_mAP_train
0.027    0.044    0.059    0.064    0.083    0.072    0.027    0.061    0.061    0.058    0.086    0.068    0.054    0.073    0.068    0.066    0.063    0.060    0.060    0.060    
PARS AP_test
0.267    0.257    0.300    0.318    0.310    0.324    0.306    0.411    0.455    0.532    0.509    0.516    0.562    0.524    0.525    0.543    0.556    0.562    0.561    0.561    
PARS std_AP_test
0.068    0.019    0.058    0.040    0.037    0.040    0.040    0.077    0.097    0.048    0.081    0.050    0.047    0.068    0.084    0.050    0.057    0.057    0.059    0.055    
PARS mAP_test
0.206    0.182    0.208    0.223    0.226    0.236    0.234    0.313    0.374    0.451    0.431    0.443    0.472    0.463    0.455    0.473    0.492    0.497    0.499    0.499    
PARS std_mAP_test
0.039    0.024    0.047    0.047    0.039    0.053    0.038    0.088    0.080    0.046    0.075    0.037    0.040    0.062    0.075    0.045    0.055    0.052    0.054    0.051    
PARS time
0.010    0.010    0.010    0.010    0.010    0.011    0.011    0.012    0.013    0.015    0.016    0.018    0.020    0.021    0.022    0.022    0.023    0.023    0.023    0.023    
PARS std_time
0.000    0.000    0.000    0.000    0.000    0.000    0.000    0.000    0.001    0.001    0.000    0.000    0.000    0.000    0.001    0.000    0.000    0.000    0.000    0.000    
CWS que
1.000    1.000    1.000    1.000    1.000    1.000    1.000    1.000    1.000    1.000    1.000    1.000    1.000    1.000    1.000    1.000    1.000    1.000    1.000    1.000    
CWS std_que
0.000    0.000    0.000    0.000    0.000    0.000    0.000    0.000    0.000    0.000    0.000    0.000    0.000    0.000    0.000    0.000    0.000    0.000    0.000    0.000    
CWS AP_train
0.785    0.785    0.785    0.785    0.785    0.785    0.785    0.785    0.785    0.785    0.785    0.785    0.785    0.785    0.785    0.785    0.785    0.785    0.785    0.785    
CWS std_AP_train
0.035    0.035    0.035    0.035    0.035    0.035    0.035    0.035    0.035    0.035    0.035    0.035    0.035    0.035    0.035    0.035    0.035    0.035    0.035    0.035    
CWS mAP_train
0.747    0.747    0.747    0.747    0.747    0.747    0.747    0.747    0.747    0.747    0.747    0.747    0.747    0.747    0.747    0.747    0.747    0.747    0.747    0.747    
CWS std_mAP_train
0.039    0.039    0.039    0.039    0.039    0.039    0.039    0.039    0.039    0.039    0.039    0.039    0.039    0.039    0.039    0.039    0.039    0.039    0.039    0.039    
CWS AP_test
0.766    0.766    0.766    0.766    0.766    0.766    0.766    0.766    0.766    0.766    0.766    0.766    0.766    0.766    0.766    0.766    0.766    0.766    0.766    0.766    
CWS std_AP_test
0.017    0.017    0.017    0.017    0.017    0.017    0.017    0.017    0.017    0.017    0.017    0.017    0.017    0.017    0.017    0.017    0.017    0.017    0.017    0.017    
CWS mAP_test
0.719    0.719    0.719    0.719    0.719    0.719    0.719    0.719    0.719    0.719    0.719    0.719    0.719    0.719    0.719    0.719    0.719    0.719    0.719    0.719    
CWS std_mAP_test
0.013    0.013    0.013    0.013    0.013    0.013    0.013    0.013    0.013    0.013    0.013    0.013    0.013    0.013    0.013    0.013    0.013    0.013    0.013    0.013    
CWS time
3.420    3.420    3.420    3.420    3.420    3.420    3.420    3.420    3.420    3.420    3.420    3.420    3.420    3.420    3.420    3.420    3.420    3.420    3.420    3.420    
CWS std_time
0.023    0.023    0.023    0.023    0.023    0.023    0.023    0.023    0.023    0.023    0.023    0.023    0.023    0.023    0.023    0.023    0.023    0.023    0.023    0.023    
CWAS que
0.001    0.001    0.002    0.003    0.005    0.013    0.025    0.046    0.083    0.143    0.239    0.362    0.512    0.662    0.784    0.874    0.931    0.964    0.981    0.990    
CWAS std_que
0.000    0.000    0.000    0.001    0.000    0.002    0.002    0.003    0.007    0.003    0.006    0.006    0.016    0.015    0.006    0.005    0.004    0.001    0.002    0.001    
CWAS AP_train
0.186    0.157    0.236    0.255    0.297    0.468    0.546    0.671    0.685    0.673    0.743    0.769    0.767    0.788    0.793    0.786    0.785    0.786    0.785    0.789    
CWAS std_AP_train
0.055    0.023    0.097    0.107    0.075    0.108    0.063    0.055    0.030    0.032    0.031    0.039    0.046    0.029    0.025    0.025    0.028    0.027    0.033    0.031    
CWAS mAP_train
0.142    0.127    0.190    0.209    0.234    0.379    0.447    0.583    0.603    0.594    0.689    0.711    0.717    0.741    0.753    0.742    0.745    0.747    0.746    0.751    
CWAS std_mAP_train
0.048    0.021    0.097    0.088    0.074    0.113    0.054    0.068    0.035    0.048    0.032    0.054    0.063    0.040    0.031    0.025    0.031    0.028    0.039    0.038    
CWAS AP_test
0.209    0.151    0.228    0.274    0.335    0.558    0.628    0.704    0.713    0.707    0.748    0.766    0.766    0.769    0.771    0.767    0.770    0.769    0.765    0.768    
CWAS std_AP_test
0.056    0.032    0.105    0.122    0.058    0.096    0.068    0.033    0.022    0.047    0.016    0.012    0.022    0.014    0.012    0.015    0.016    0.016    0.015    0.013    
CWAS mAP_test
0.146    0.102    0.177    0.207    0.240    0.447    0.525    0.618    0.624    0.627    0.694    0.717    0.716    0.717    0.726    0.720    0.725    0.724    0.719    0.721    
CWAS std_mAP_test
0.044    0.038    0.107    0.117    0.074    0.114    0.072    0.048    0.029    0.065    0.019    0.017    0.026    0.013    0.009    0.015    0.014    0.009    0.014    0.008    
CWAS time
2.588    2.586    2.583    2.594    2.600    2.621    2.654    2.705    2.779    2.884    3.003    3.135    3.241    3.309    3.351    3.383    3.409    3.423    3.413    3.413    
CWAS std_time
0.003    0.003    0.005    0.007    0.003    0.005    0.006    0.008    0.020    0.013    0.010    0.021    0.034    0.037    0.023    0.034    0.023    0.023    0.028    0.020    
CWAS_Adap que
0.046    0.046    0.046    0.046    0.046    0.045    0.046    0.047    0.047    0.050    0.060    0.079    0.124    0.231    0.410    0.618    0.803    0.917    0.967    0.988    
CWAS_Adap std_que
0.001    0.001    0.001    0.001    0.002    0.002    0.002    0.002    0.002    0.001    0.003    0.004    0.004    0.009    0.008    0.007    0.004    0.001    0.001    0.001    
CWAS_Adap AP_train
0.757    0.750    0.753    0.756    0.732    0.761    0.745    0.748    0.757    0.735    0.748    0.748    0.753    0.771    0.781    0.790    0.792    0.795    0.790    0.782    
CWAS_Adap std_AP_train
0.021    0.027    0.017    0.020    0.022    0.019    0.015    0.023    0.032    0.023    0.029    0.014    0.030    0.026    0.030    0.021    0.028    0.030    0.026    0.032    
CWAS_Adap mAP_train
0.701    0.691    0.696    0.699    0.671    0.702    0.688    0.683    0.704    0.679    0.699    0.696    0.699    0.724    0.737    0.750    0.752    0.759    0.752    0.740    
CWAS_Adap std_mAP_train
0.027    0.039    0.021    0.025    0.026    0.027    0.027    0.026    0.040    0.026    0.035    0.020    0.051    0.026    0.034    0.024    0.033    0.033    0.027    0.037    
CWAS_Adap AP_test
0.763    0.761    0.755    0.761    0.742    0.769    0.746    0.753    0.753    0.742    0.758    0.749    0.760    0.770    0.770    0.770    0.767    0.771    0.770    0.761    
CWAS_Adap std_AP_test
0.018    0.018    0.028    0.020    0.017    0.007    0.020    0.010    0.011    0.023    0.015    0.018    0.016    0.012    0.012    0.015    0.010    0.012    0.012    0.016    
CWAS_Adap mAP_test
0.710    0.704    0.699    0.707    0.684    0.710    0.689    0.697    0.702    0.683    0.706    0.694    0.707    0.723    0.721    0.723    0.717    0.726    0.724    0.713    
CWAS_Adap std_mAP_test
0.021    0.023    0.033    0.024    0.023    0.012    0.033    0.009    0.017    0.026    0.022    0.024    0.017    0.013    0.012    0.014    0.015    0.007    0.010    0.014    
CWAS_Adap time
2.752    2.756    2.756    2.760    2.759    2.751    2.757    2.758    2.757    2.765    2.788    2.836    2.898    3.036    3.199    3.297    3.366    3.406    3.416    3.421    
CWAS_Adap std_time
0.009    0.007    0.004    0.005    0.011    0.010    0.007    0.014    0.009    0.010    0.010    0.015    0.013    0.027    0.025    0.020    0.023    0.014    0.024    0.020    
CWRS que
0.001    0.001    0.001    0.003    0.005    0.013    0.025    0.047    0.083    0.144    0.241    0.363    0.510    0.663    0.783    0.875    0.929    0.963    0.981    0.990    
CWRS std_que
0.000    0.000    0.001    0.001    0.001    0.002    0.002    0.002    0.006    0.002    0.004    0.007    0.017    0.014    0.005    0.006    0.003    0.001    0.002    0.001    
CWRS AP_train
0.145    0.201    0.218    0.137    0.260    0.318    0.297    0.534    0.476    0.557    0.725    0.730    0.713    0.728    0.779    0.789    0.774    0.790    0.774    0.786    
CWRS std_AP_train
0.015    0.048    0.074    0.020    0.051    0.076    0.061    0.093    0.096    0.113    0.044    0.038    0.092    0.045    0.033    0.025    0.035    0.022    0.043    0.030    
CWRS mAP_train
0.107    0.180    0.182    0.112    0.192    0.246    0.211    0.444    0.372    0.470    0.656    0.666    0.650    0.658    0.730    0.747    0.725    0.752    0.733    0.746    
CWRS std_mAP_train
0.025    0.057    0.076    0.027    0.039    0.060    0.038    0.085    0.106    0.105    0.050    0.042    0.102    0.060    0.042    0.029    0.047    0.025    0.053    0.032    
CWRS AP_test
0.154    0.198    0.207    0.169    0.296    0.402    0.402    0.608    0.583    0.624    0.722    0.735    0.752    0.738    0.766    0.772    0.766    0.772    0.763    0.768    
CWRS std_AP_test
0.023    0.038    0.058    0.046    0.051    0.074    0.119    0.091    0.055    0.089    0.043    0.017    0.025    0.043    0.017    0.017    0.014    0.015    0.016    0.019    
CWRS mAP_test
0.088    0.165    0.138    0.103    0.207    0.279    0.274    0.514    0.445    0.512    0.646    0.663    0.687    0.669    0.717    0.730    0.714    0.726    0.713    0.720    
CWRS std_mAP_test
0.015    0.039    0.052    0.042    0.037    0.061    0.078    0.095    0.081    0.089    0.063    0.029    0.041    0.064    0.015    0.017    0.014    0.011    0.015    0.016    
CWRS time
2.581    2.580    2.582    2.593    2.590    2.601    2.619    2.638    2.684    2.723    2.822    2.921    3.038    3.143    3.243    3.323    3.368    3.394    3.402    3.414    
CWRS std_time
0.006    0.002    0.004    0.006    0.005    0.004    0.005    0.008    0.015    0.007    0.022    0.017    0.028    0.026    0.024    0.025    0.034    0.018    0.026    0.019    
AROMA que
1.000    1.000    1.000    1.000    1.000    1.000    1.000    1.000    1.000    1.000    1.000    1.000    1.000    1.000    1.000    1.000    1.000    1.000    1.000    1.000    
AROMA std_que
0.000    0.000    0.000    0.000    0.000    0.000    0.000    0.000    0.000    0.000    0.000    0.000    0.000    0.000    0.000    0.000    0.000    0.000    0.000    0.000    
AROMA AP_train
0.809    0.809    0.809    0.809    0.809    0.809    0.809    0.809    0.809    0.809    0.809    0.809    0.809    0.809    0.809    0.809    0.809    0.809    0.809    0.809    
AROMA std_AP_train
0.010    0.010    0.010    0.010    0.010    0.010    0.010    0.010    0.010    0.010    0.010    0.010    0.010    0.010    0.010    0.010    0.010    0.010    0.010    0.010    
AROMA mAP_train
0.778    0.778    0.778    0.778    0.778    0.778    0.778    0.778    0.778    0.778    0.778    0.778    0.778    0.778    0.778    0.778    0.778    0.778    0.778    0.778    
AROMA std_mAP_train
0.012    0.012    0.012    0.012    0.012    0.012    0.012    0.012    0.012    0.012    0.012    0.012    0.012    0.012    0.012    0.012    0.012    0.012    0.012    0.012    
AROMA AP_test
0.792    0.792    0.792    0.792    0.792    0.792    0.792    0.792    0.792    0.792    0.792    0.792    0.792    0.792    0.792    0.792    0.792    0.792    0.792    0.792    
AROMA std_AP_test
0.014    0.014    0.014    0.014    0.014    0.014    0.014    0.014    0.014    0.014    0.014    0.014    0.014    0.014    0.014    0.014    0.014    0.014    0.014    0.014    
AROMA mAP_test
0.755    0.755    0.755    0.755    0.755    0.755    0.755    0.755    0.755    0.755    0.755    0.755    0.755    0.755    0.755    0.755    0.755    0.755    0.755    0.755    
AROMA std_mAP_test
0.017    0.017    0.017    0.017    0.017    0.017    0.017    0.017    0.017    0.017    0.017    0.017    0.017    0.017    0.017    0.017    0.017    0.017    0.017    0.017    
AROMA time
1.996    1.996    1.996    1.996    1.996    1.996    1.996    1.996    1.996    1.996    1.996    1.996    1.996    1.996    1.996    1.996    1.996    1.996    1.996    1.996    
AROMA std_time
0.050    0.050    0.050    0.050    0.050    0.050    0.050    0.050    0.050    0.050    0.050    0.050    0.050    0.050    0.050    0.050    0.050    0.050    0.050    0.050    
