0 query
OASIS algorithm
1 1 1 1 1 
0.785821 0.792114 0.78614 0.800341 0.807752 
0.785561 0.789566 0.785598 0.79859 0.804391 
0.793095 0.789293 0.79525 0.79275 0.790034 
0.790762 0.7875 0.791874 0.790839 0.785937 
0.003 0.079 0.052 0.059 0.023 
PAAS algorithm
0.24075 0.2475 0.232 0.226 0.23475 
0.569373 0.796651 0.820509 0.843944 0.821763 
0.511112 0.787004 0.819983 0.837634 0.821226 
0.700672 0.345207 0.836388 0.781336 0.820991 
0.529424 0.310328 0.827959 0.727781 0.816042 
0.217 0.014 0.018 0.086 0.014 
PARS algorithm
0.24 0.2465 0.2335 0.227 0.22225 
0.78536 0.786065 0.785319 0.786616 0.786847 
0.785333 0.786023 0.785284 0.786582 0.786798 
0.788353 0.785828 0.789422 0.784034 0.782397 
0.788326 0.785803 0.789392 0.78395 0.782385 
0.202 0.008 0.014 0.06 0.018 
CWS-d algorithm
1 1 1 1 1 
0.827226 0.824157 0.784681 0.833308 0.796774 
0.8216 0.823482 0.778655 0.830199 0.786442 
0.827276 0.822569 0.809241 0.830922 0.816974 
0.819525 0.818483 0.789947 0.826324 0.808977 
0.176 0.027 0.154 0.031 0.011 
CWAS-d algorithm
0.09925 0.0795 0.112 0.118 0.09325 
0.758463 0.725853 0.713621 0.755338 0.736078 
0.740474 0.710352 0.57068 0.722639 0.573435 
0.793379 0.415129 0.803759 0.597578 0.821845 
0.779804 0.262316 0.785442 0.412789 0.819628 
0.514 0.052 0.029 0.029 0.016 
CWAS_Adap-d algorithm
0.0365 0.06825 0.06525 0.04475 0.05475 
0.789287 0.838459 0.703362 0.359881 0.75658 
0.785878 0.836234 0.692678 0.176769 0.739647 
0.788534 0.833543 0.476621 0.264664 0.800181 
0.788093 0.828234 0.399839 0.131029 0.78311 
0.08 0.017 0.042 0.031 0.025 
CWRS-d algorithm
0.0965 0.07375 0.11725 0.12 0.089 
0.785412 0.804147 0.818532 0.785994 0.790116 
0.785404 0.797456 0.812519 0.785829 0.787716 
0.788448 0.793457 0.813776 0.515509 0.78656 
0.788414 0.752206 0.811051 0.377234 0.783174 
0.053 0.004 0.023 0.03 0.025 
AROMA-d algorithm
1 1 1 1 1 
0.824998 0.832578 0.839293 0.83447 0.834364 
0.821977 0.83011 0.837516 0.830442 0.833109 
0.82725 0.828034 0.837905 0.828397 0.837155 
0.819042 0.824415 0.834715 0.823295 0.834056 
0.028 0.019 0.027 0.031 0.022 
1 query
OASIS algorithm
1 1 1 1 1 
0.785821 0.792114 0.78614 0.800341 0.807752 
0.785561 0.789566 0.785598 0.79859 0.804391 
0.793095 0.789293 0.79525 0.79275 0.790034 
0.790762 0.7875 0.791874 0.790839 0.785937 
0.003 0.079 0.052 0.059 0.023 
PAAS algorithm
0.2935 0.38825 0.29825 0.33775 0.33275 
0.822325 0.774239 0.655045 0.825894 0.822429 
0.781055 0.739258 0.643228 0.824224 0.819261 
0.847483 0.75494 0.724509 0.760431 0.825853 
0.846696 0.635973 0.667486 0.675103 0.820701 
0.02 0.046 0.037 0.063 0.015 
PARS algorithm
0.30125 0.3855 0.30475 0.3305 0.32575 
0.785399 0.786013 0.7852 0.78817 0.79103 
0.785374 0.785998 0.785115 0.786837 0.788383 
0.788276 0.785983 0.789405 0.750431 0.78244 
0.788276 0.785966 0.789293 0.707529 0.782259 
0.018 0.016 0.115 0.051 0.017 
CWS-d algorithm
1 1 1 1 1 
0.827226 0.824157 0.784681 0.833308 0.796774 
0.8216 0.823482 0.778655 0.830199 0.786442 
0.827276 0.822569 0.809241 0.830922 0.816974 
0.819525 0.818483 0.789947 0.826324 0.808977 
0.176 0.027 0.154 0.031 0.011 
CWAS-d algorithm
0.1505 0.1785 0.18675 0.14625 0.112 
0.814972 0.813873 0.485043 0.821959 0.71375 
0.804709 0.810467 0.384993 0.81231 0.562057 
0.63994 0.810948 0.676129 0.752267 0.782034 
0.616202 0.809732 0.577093 0.668197 0.781966 
0.02 0.022 0.021 0.029 0.025 
CWAS_Adap-d algorithm
0.03725 0.068 0.064 0.04325 0.0445 
0.104599 0.781347 0.590252 0.227028 0.79505 
0.077188 0.737603 0.539728 0.0802873 0.770275 
0.575698 0.823776 0.683405 0.336716 0.794138 
0.398479 0.809034 0.618773 0.286658 0.763869 
0.02 0.018 0.004 0.159 0.026 
CWRS-d algorithm
0.14625 0.1825 0.188 0.145 0.1095 
0.794166 0.81653 0.805825 0.811397 0.800476 
0.792019 0.814144 0.80431 0.810306 0.780226 
0.79525 0.815534 0.810328 0.808353 0.81531 
0.791761 0.804732 0.806748 0.808282 0.807775 
0.031 0.026 0.008 0.033 0.084 
AROMA-d algorithm
1 1 1 1 1 
0.824998 0.832578 0.839293 0.83447 0.834364 
0.821977 0.83011 0.837516 0.830442 0.833109 
0.82725 0.828034 0.837905 0.828397 0.837155 
0.819042 0.824415 0.834715 0.823295 0.834056 
0.028 0.019 0.027 0.031 0.022 
